Population,Day,objective,district task cost,district task cost collecting,district task cost sending,district 1 cost,d1 cost collecting,d1 cost sending,district 2 cost,d2 cost collecting,d2 cost sending,district 3 cost,d3 cost collecting,d3 cost sending,district 4 cost,d4 cost collecting,d4 cost sending,transfer taks cost,transshipment center 1 cost,transshipment center 2 cost,major customer task cost,
0,0,530955,338155,133175,204980,81055,31175,49880,52500,23100,29400,75600,35700,39900,129000,43200,85800,168000,48000,120000,24800,
0,1,424925,253325,110510,142815,93525,37410,56115,18900,6300,12600,52500,21000,31500,88400,45800,42600,153000,48000,105000,18600,
0,2,504760,317160,134880,182280,99760,49880,49880,42000,16800,25200,84000,33600,50400,91400,34600,56800,169000,64000,105000,18600,
0,3,463255,291655,131245,160410,81055,43645,37410,35700,16800,18900,86100,42000,44100,88800,28800,60000,153000,48000,105000,18600,
0,4,409055,247255,113675,133580,81055,31175,49880,42000,14700,27300,50400,33600,16800,73800,34200,39600,137000,32000,105000,24800,
0,5,463085,290485,130045,160440,68585,43645,24940,35700,16800,18900,71400,21000,50400,114800,48600,66200,154000,64000,90000,18600,
0,6,366090,226290,106910,119380,87290,37410,49880,31500,14700,16800,48300,21000,27300,59200,33800,25400,115000,40000,75000,24800,
0,7,458625,304625,137545,167080,93525,43645,49880,37800,21000,16800,86100,35700,50400,87200,37200,50000,123000,48000,75000,31000,
0,8,565345,308745,158280,150465,105995,49880,56115,31500,14700,16800,95850,53100,42750,75400,40600,34800,238000,88000,150000,18600,
0,9,428490,254890,107475,147415,87290,31175,56115,31500,12600,18900,61500,40500,21000,74600,23200,51400,155000,80000,75000,18600,
0,10,421055,267255,99040,168215,89655,24940,64715,33600,21000,12600,71400,27300,44100,72600,25800,46800,129000,24000,105000,24800,
0,11,419360,270560,101010,169550,99760,37410,62350,42000,21000,21000,58800,16800,42000,70000,25800,44200,124000,64000,60000,24800,
0,12,482495,294895,135845,159050,105995,43645,62350,23100,6300,16800,71400,39900,31500,94400,46000,48400,169000,64000,105000,18600,
0,13,448785,278985,134345,144640,68585,43645,24940,37800,21000,16800,67200,35700,31500,105400,34000,71400,145000,40000,105000,24800,
0,14,482955,297155,117775,179380,81055,31175,49880,37800,16800,21000,60900,29400,31500,117400,40400,77000,161000,56000,105000,24800,
0,15,452815,268015,115305,152710,56115,18705,37410,33600,16800,16800,69300,33600,35700,109000,46200,62800,160000,40000,120000,24800,
0,16,490025,294425,152845,141580,93525,43645,49880,29400,16800,12600,65100,37800,27300,106400,54600,51800,177000,72000,105000,18600,
0,17,521810,314010,124490,189520,99760,24940,74820,29400,14700,14700,69450,44250,25200,115400,40600,74800,183000,48000,135000,24800,
0,18,440385,276585,127110,149475,68585,37410,31175,35700,16800,18900,77700,27300,50400,94600,45600,49000,139000,64000,75000,24800,
0,19,493820,270020,122110,147910,74820,37410,37410,35700,14700,21000,78300,46800,31500,81200,23200,58000,199000,64000,135000,24800,
0,20,509970,285170,126825,158345,74820,31175,43645,29400,12600,16800,82350,42450,39900,98600,40600,58000,200000,80000,120000,24800,
0,21,470590,274990,110310,164680,87290,37410,49880,33600,14700,18900,59100,23400,35700,95000,34800,60200,177000,72000,105000,18600,
0,22,400620,232620,112775,119845,74820,31175,43645,29400,18900,10500,54600,23100,31500,73800,39600,34200,137000,32000,105000,31000,
0,23,458675,294075,110725,183350,93525,31175,62350,25200,8400,16800,79950,42150,37800,95400,29000,66400,146000,56000,90000,18600,
0,24,466625,307225,115010,192215,93525,37410,56115,39900,18900,21000,78000,29700,48300,95800,29000,66800,147000,72000,75000,12400,
0,25,435390,264590,110310,154280,87290,37410,49880,33600,12600,21000,69300,23100,46200,74400,37200,37200,146000,56000,90000,24800,
0,26,489840,274040,144245,129795,87290,43645,43645,25200,12600,12600,86550,42000,44550,75000,46000,29000,191000,56000,135000,24800,
0,27,408390,259790,120345,139445,87290,43645,43645,27300,10500,16800,54600,29400,25200,90600,36800,53800,130000,40000,90000,18600,
0,28,454770,246970,107690,139280,74820,24940,49880,23100,10500,12600,48450,31650,16800,100600,40600,60000,183000,48000,135000,24800,
0,29,404360,255760,112645,143115,99760,43645,56115,23100,12600,10500,65100,25200,39900,67800,31200,36600,130000,40000,90000,18600,
0,30,562370,304770,127790,176980,74820,24940,49880,44100,18900,25200,81450,43350,38100,104400,40600,63800,239000,104000,135000,18600,
1,0,348615,223015,80405,142610,56115,18705,37410,31500,14700,16800,71400,21000,50400,64000,26000,38000,107000,32000,75000,18600,
1,1,391690,266890,121410,145480,87290,37410,49880,48300,21000,27300,52500,37800,14700,78800,25200,53600,100000,40000,60000,24800,
1,2,506710,273910,106190,167720,99760,24940,74820,29400,12600,16800,63750,28050,35700,81000,40600,40400,208000,88000,120000,24800,
1,3,474325,287525,152445,135080,93525,43645,49880,44100,18900,25200,52500,35700,16800,97400,54200,43200,162000,72000,90000,24800,
1,4,492605,281205,120525,160680,81055,31175,49880,50400,23100,27300,66150,43050,23100,83600,23200,60400,199000,64000,135000,12400,
1,5,464755,234955,96540,138415,81055,24940,56115,23100,8400,14700,78600,34200,44400,52200,29000,23200,205000,40000,165000,24800,
1,6,539575,312975,147260,165715,93525,37410,56115,42000,23100,18900,76050,40350,35700,101400,46400,55000,208000,88000,120000,18600,
1,7,529415,288015,124740,163275,56115,24940,31175,31500,12600,18900,78600,40800,37800,121800,46400,75400,229000,64000,165000,12400,
1,8,506225,277225,137745,139480,93525,43645,49880,29400,6300,23100,56700,33600,23100,97600,54200,43400,198000,48000,150000,31000,
1,9,565700,334900,138845,196055,124700,43645,81055,31500,14700,16800,81900,31500,50400,96800,49000,47800,206000,56000,150000,24800,
1,10,568860,307860,130745,177115,99760,43645,56115,35700,14700,21000,73800,31800,42000,98600,40600,58000,230000,80000,150000,31000,
1,11,537555,290755,138345,152410,81055,43645,37410,33600,10500,23100,89100,55200,33900,87000,29000,58000,222000,72000,150000,24800,
1,12,537460,299460,142345,157115,99760,43645,56115,29400,12600,16800,77700,39900,37800,92600,46200,46400,207000,72000,135000,31000,
1,13,540875,293275,116625,176650,93525,31175,62350,29400,8400,21000,72150,36450,35700,98200,40600,57600,229000,64000,165000,18600,
1,14,548465,294665,141025,153640,56115,31175,24940,31500,23100,8400,91050,40350,50700,116000,46400,69600,229000,64000,165000,24800,
1,15,502560,323760,120575,203185,99760,31175,68585,27300,8400,18900,98700,46200,52500,98000,34800,63200,154000,64000,90000,24800,
1,16,533910,299510,121195,178315,99760,43645,56115,42000,18900,23100,59550,23850,35700,98200,34800,63400,222000,72000,150000,12400,
1,17,442425,277825,121540,156285,93525,24940,68585,35700,16800,18900,71400,33600,37800,77200,46200,31000,146000,56000,90000,18600,
1,18,490375,273575,117625,155950,93525,31175,62350,31500,14700,16800,58950,25350,33600,89600,46400,43200,192000,72000,120000,24800,
1,19,555685,293085,130240,162845,68585,24940,43645,27300,14700,12600,104400,55800,48600,92800,34800,58000,244000,64000,180000,18600,
1,20,436620,271820,136145,135675,74820,43645,31175,39900,16800,23100,65100,35700,29400,92000,40000,52000,140000,80000,60000,24800,
1,21,445090,304490,125310,179180,87290,37410,49880,35700,14700,21000,77700,33600,44100,103800,39600,64200,122000,32000,90000,18600,
1,22,496975,274975,114060,160915,93525,37410,56115,37800,18900,18900,80250,40350,39900,63400,17400,46000,191000,56000,135000,31000,
1,23,418690,264890,139645,125245,87290,43645,43645,37800,16800,21000,71400,33600,37800,68400,45600,22800,129000,24000,105000,24800,
1,24,531240,314440,116390,198050,87290,24940,62350,37800,14700,23100,82350,36150,46200,107000,40600,66400,192000,72000,120000,24800,
1,25,434815,265015,92535,172480,56115,6235,49880,37800,14700,23100,52500,25200,27300,118600,46400,72200,145000,40000,105000,24800,
1,26,521165,302565,138280,164285,118465,49880,68585,42000,16800,25200,60900,25200,35700,81200,46400,34800,200000,80000,120000,18600,
1,27,494360,300560,136610,163950,99760,37410,62350,48300,21000,27300,69300,37800,31500,83200,40400,42800,169000,64000,105000,24800,
1,28,478570,269770,100890,168880,74820,24940,49880,33600,10500,23100,63150,19050,44100,98200,46400,51800,184000,64000,120000,24800,
1,29,563810,345210,136395,208815,99760,43645,56115,48300,14700,33600,79950,31650,48300,117200,46400,70800,200000,80000,120000,18600,
1,30,435720,295920,130745,165175,82120,50945,31175,39900,14700,25200,73500,31500,42000,100400,33600,66800,115000,40000,75000,24800,
2,0,348615,223015,80405,142610,56115,18705,37410,31500,14700,16800,71400,21000,50400,64000,26000,38000,107000,32000,75000,18600,
2,1,500740,276740,123125,153615,87290,31175,56115,44100,18900,25200,61350,38250,23100,84000,34800,49200,193000,88000,105000,31000,
2,2,510695,323095,131645,191450,105995,43645,62350,39900,10500,29400,75600,39900,35700,101600,37600,64000,169000,64000,105000,18600,
2,3,536540,313540,134925,178615,87290,31175,56115,31500,16800,14700,96750,46350,50400,98000,40600,57400,192000,72000,120000,31000,
2,4,515470,289670,128495,161175,74820,43645,31175,23100,8400,14700,76350,53250,23100,115400,23200,92200,201000,96000,105000,24800,
2,5,458260,281460,121310,160150,99760,37410,62350,37800,21000,16800,65100,31500,33600,78800,31400,47400,152000,32000,120000,24800,
2,6,441795,300995,125045,175950,118895,43645,75250,42000,16800,25200,73500,33600,39900,66600,31000,35600,116000,56000,60000,24800,
2,7,456540,260940,108860,152080,87290,37410,49880,18900,8400,10500,65550,34050,31500,89200,29000,60200,177000,72000,105000,18600,
2,8,543590,310790,122410,188380,87290,37410,49880,31500,12600,18900,108000,49200,58800,84000,23200,60800,208000,88000,120000,24800,
2,9,499825,300025,126610,173415,93525,37410,56115,39900,14700,25200,84000,39900,44100,82600,34600,48000,175000,40000,135000,24800,
2,10,484025,306225,123440,182785,93525,24940,68585,37800,18900,18900,90300,33600,56700,84600,46000,38600,153000,48000,105000,24800,
2,11,475760,288160,140310,147850,99760,37410,62350,35700,16800,18900,77700,39900,37800,75000,46200,28800,169000,64000,105000,18600,
2,12,524895,308095,140680,167415,105995,49880,56115,35700,16800,18900,71400,33600,37800,95000,40400,54600,192000,72000,120000,24800,
2,13,451870,251070,132145,118925,74820,43645,31175,25200,8400,16800,76050,39900,36150,75000,40200,34800,176000,56000,120000,24800,
2,14,464485,268885,116010,152875,68585,37410,31175,37800,14700,23100,35700,14700,21000,126800,49200,77600,177000,72000,105000,18600,
2,15,493155,290555,123340,167215,81055,24940,56115,35700,14700,21000,84600,48900,35700,89200,34800,54400,184000,64000,120000,18600,
2,16,401690,255090,113910,141180,87290,37410,49880,33600,8400,25200,67200,31500,35700,67000,36600,30400,128000,8000,120000,18600,
2,17,428435,224835,96840,127995,68585,24940,43645,29400,10500,18900,51450,32400,19050,75400,29000,46400,185000,80000,105000,18600,
2,18,460490,290690,119475,171215,87290,31175,56115,33600,18900,14700,71400,29400,42000,98400,40000,58400,145000,40000,105000,24800,
2,19,450055,278455,115940,162515,81055,24940,56115,44100,18900,25200,52500,31500,21000,100800,40600,60200,153000,48000,105000,18600,
2,20,540555,301755,138560,163195,81055,37410,43645,39900,18900,21000,82200,35850,46350,98600,46400,52200,214000,64000,150000,24800,
2,21,415280,238480,97170,141310,49880,12470,37410,44100,18900,25200,52500,25200,27300,92000,40600,51400,152000,32000,120000,24800,
2,22,496720,271920,124655,147265,74820,18705,56115,37800,18900,18900,54900,23250,31650,104400,63800,40600,200000,80000,120000,24800,
2,23,533940,286340,135960,150380,87290,37410,49880,44100,18900,25200,85350,44850,40500,69600,34800,34800,229000,64000,165000,18600,
2,24,432830,281430,127945,153485,112230,43645,68585,31500,16800,14700,52500,27300,25200,85200,40200,45000,139000,64000,75000,12400,
2,25,532130,322330,139280,183050,112230,49880,62350,25200,12600,12600,69300,33600,35700,115600,43200,72400,185000,80000,105000,24800,
2,26,424150,259550,119175,140375,62350,31175,31175,23100,14700,8400,73500,35700,37800,100600,37600,63000,146000,56000,90000,18600,
2,27,514785,303185,126110,177075,68585,37410,31175,33600,12600,21000,73800,29700,44100,127200,46400,80800,193000,88000,105000,18600,
2,28,468555,281755,119810,161945,81055,37410,43645,44100,16800,27300,67200,25200,42000,89400,40400,49000,162000,72000,90000,24800,
2,29,448555,290955,142445,148510,81055,43645,37410,27300,18900,8400,79800,39900,39900,102800,40000,62800,139000,64000,75000,18600,
2,30,463320,280320,76235,204085,74820,6235,68585,37800,18900,18900,56700,10500,46200,111000,40600,70400,152000,32000,120000,31000,
3,0,427395,265595,118745,146850,105995,43645,62350,31500,18900,12600,65100,33600,31500,63000,22600,40400,137000,32000,105000,24800,
3,1,494400,285600,113920,171680,62350,12470,49880,46200,16800,29400,76050,38250,37800,101000,46400,54600,184000,64000,120000,24800,
3,2,505860,296260,135080,161180,99760,49880,49880,42000,14700,27300,65100,27300,37800,89400,43200,46200,191000,56000,135000,18600,
3,3,538220,304620,126475,178145,74820,31175,43645,39900,14700,25200,74100,34200,39900,115800,46400,69400,215000,80000,135000,18600,
3,4,449030,277230,108845,168385,112230,43645,68585,42000,23100,18900,71400,18900,52500,51600,23200,28400,147000,72000,75000,24800,
3,5,398985,265385,124270,141115,68585,12470,56115,42000,16800,25200,67200,46200,21000,87600,48800,38800,115000,40000,75000,18600,
3,6,515825,284225,135445,148780,93525,43645,49880,25200,6300,18900,67500,50700,16800,98000,34800,63200,213000,48000,165000,18600,
3,7,524950,314350,154105,160245,62350,18705,43645,37800,18900,18900,75600,44100,31500,138600,72400,66200,192000,72000,120000,18600,
3,8,436255,287455,113610,173845,81055,37410,43645,27300,8400,18900,86100,33600,52500,93000,34200,58800,124000,64000,60000,24800,
3,9,478060,306260,137110,169150,99760,37410,62350,35700,12600,23100,84000,44100,39900,86800,43000,43800,147000,72000,75000,24800,
3,10,439430,289030,128180,160850,112230,49880,62350,33600,14700,18900,75600,37800,37800,67600,25800,41800,138000,48000,90000,12400,
3,11,471185,269385,141710,127675,68585,37410,31175,18900,12600,6300,69300,39900,29400,112600,51800,60800,177000,72000,105000,24800,
3,12,460420,267620,116110,151510,74820,37410,37410,33600,14700,18900,67200,21000,46200,92000,43000,49000,168000,48000,120000,24800,
3,13,527290,301690,134510,167180,87290,37410,49880,31500,10500,21000,75900,40200,35700,107000,46400,60600,207000,72000,135000,18600,
3,14,511490,286690,123710,162980,87290,37410,49880,39900,18900,21000,69900,38400,31500,89600,29000,60600,200000,80000,120000,24800,
3,15,479390,286590,105610,180980,87290,37410,49880,39900,14700,25200,63000,18900,44100,96400,34600,61800,168000,48000,120000,24800,
3,16,498955,281355,145345,136010,81055,43645,37410,31500,10500,21000,42000,25200,16800,126800,66000,60800,199000,64000,135000,18600,
3,17,425420,262620,130145,132475,74820,43645,31175,37800,18900,18900,58800,33600,25200,91200,34000,57200,138000,48000,90000,24800,
3,18,450225,292625,125210,167415,93525,37410,56115,33600,10500,23100,73500,39900,33600,92000,37400,54600,139000,64000,75000,18600,
3,19,493995,321395,146145,175250,105995,43645,62350,35700,16800,18900,77700,31500,46200,102000,54200,47800,154000,64000,90000,18600,
3,20,383285,234685,117375,117310,68585,31175,37410,33600,10500,23100,52500,35700,16800,80000,40000,40000,130000,40000,90000,18600,
3,21,458395,317595,136680,180915,105995,49880,56115,33600,8400,25200,105000,50400,54600,73000,28000,45000,116000,56000,60000,24800,
3,22,456120,248320,111310,137010,74820,37410,37410,31500,16800,14700,69600,33900,35700,72400,23200,49200,183000,48000,135000,24800,
3,23,483070,287470,123925,163545,74820,31175,43645,27300,10500,16800,67350,35850,31500,118000,46400,71600,177000,72000,105000,18600,
3,24,552675,297075,119090,177985,93525,24940,68585,42000,16800,25200,74550,36750,37800,87000,40600,46400,237000,72000,165000,18600,
3,25,465750,250950,111310,139640,62350,37410,24940,23100,12600,10500,84300,38100,46200,81200,23200,58000,190000,40000,150000,24800,
3,26,468155,289555,135710,153845,81055,37410,43645,31500,10500,21000,79800,42000,37800,97200,45800,51400,160000,40000,120000,18600,
3,27,501190,301390,142180,159210,87290,49880,37410,46200,18900,27300,90300,42000,48300,77600,31400,46200,175000,40000,135000,24800,
3,28,529185,287585,118655,168930,68585,18705,49880,37800,14700,23100,76800,38850,37950,104400,46400,58000,223000,88000,135000,18600,
3,29,510300,277500,123205,154295,62350,18705,43645,37800,21000,16800,78750,42900,35850,98600,40600,58000,208000,88000,120000,24800,
3,30,409950,260350,103840,156510,62350,24940,37410,35700,16800,18900,69300,27300,42000,93000,34800,58200,131000,56000,75000,18600,
4,0,348615,223015,80405,142610,56115,18705,37410,31500,14700,16800,71400,21000,50400,64000,26000,38000,107000,32000,75000,18600,
4,1,500740,276740,123125,153615,87290,31175,56115,44100,18900,25200,61350,38250,23100,84000,34800,49200,193000,88000,105000,31000,
4,2,510695,323095,131645,191450,105995,43645,62350,39900,10500,29400,75600,39900,35700,101600,37600,64000,169000,64000,105000,18600,
4,3,536540,313540,134925,178615,87290,31175,56115,31500,16800,14700,96750,46350,50400,98000,40600,57400,192000,72000,120000,31000,
4,4,515470,289670,128495,161175,74820,43645,31175,23100,8400,14700,76350,53250,23100,115400,23200,92200,201000,96000,105000,24800,
4,5,439615,290015,138140,151875,56115,24940,31175,37800,16800,21000,77700,42000,35700,118400,54400,64000,131000,56000,75000,18600,
4,6,498725,305925,128010,177915,93525,37410,56115,31500,12600,18900,73500,37800,35700,107400,40200,67200,168000,48000,120000,24800,
4,7,465995,318395,150980,167415,131795,58480,73315,27300,14700,12600,69300,29400,39900,90000,48400,41600,129000,24000,105000,18600,
4,8,442130,286530,108180,178350,129430,49880,79550,39900,14700,25200,63000,21000,42000,54200,22600,31600,137000,32000,105000,18600,
4,9,506695,297895,154045,143850,105995,43645,62350,33600,18900,14700,77700,48300,29400,80600,43200,37400,184000,64000,120000,24800,
4,10,512655,313655,142245,171410,81055,43645,37410,50400,25200,25200,71400,33600,37800,110800,39800,71000,168000,48000,120000,31000,
4,11,525025,300425,130210,170215,93525,37410,56115,48300,16800,31500,54600,21000,33600,104000,55000,49000,206000,56000,150000,18600,
4,12,350950,240350,90705,149645,83850,18705,65145,44100,12600,31500,63000,33600,29400,49400,25800,23600,92000,32000,60000,18600,
4,13,512125,333325,138945,194380,93525,43645,49880,31500,8400,23100,86100,44100,42000,122200,42800,79400,154000,64000,90000,24800,
4,14,494240,276640,115525,161115,87290,31175,56115,33600,16800,16800,80550,38550,42000,75200,29000,46200,199000,64000,135000,18600,
4,15,519550,279750,127770,151980,62350,12470,49880,33600,16800,16800,59400,40500,18900,124400,58000,66400,215000,80000,135000,24800,
4,16,537895,359295,164645,194650,105995,43645,62350,42000,14700,27300,94500,56700,37800,116800,49600,67200,160000,40000,120000,18600,
4,17,444160,257560,102910,154650,99760,37410,62350,31500,12600,18900,71700,29700,42000,54600,23200,31400,168000,48000,120000,18600,
4,18,451715,288115,107605,180510,56115,18705,37410,35700,12600,23100,73500,35700,37800,122800,40600,82200,145000,40000,105000,18600,
4,19,449560,277760,129145,148615,99760,43645,56115,39900,14700,25200,60900,33600,27300,77200,37200,40000,147000,72000,75000,24800,
4,20,441620,317820,141875,175945,87720,39775,47945,44100,16800,27300,84000,44100,39900,102000,41200,60800,99000,24000,75000,24800,
4,21,512655,318855,117540,201315,81055,24940,56115,31500,10500,21000,86100,35700,50400,120200,46400,73800,169000,64000,105000,24800,
4,22,475900,281300,149410,131890,62350,37410,24940,44100,25200,18900,82050,46200,35850,92800,40600,52200,176000,56000,120000,18600,
4,23,479330,291730,148180,143550,112230,49880,62350,48300,14700,33600,73800,37800,36000,57400,45800,11600,169000,64000,105000,18600,
4,24,528255,313455,113340,200115,81055,24940,56115,27300,10500,16800,86100,31500,54600,119000,46400,72600,190000,40000,150000,24800,
4,25,499665,298865,130480,168385,118465,49880,68585,35700,18900,16800,35700,10500,25200,109000,51200,57800,176000,56000,120000,24800,
4,26,574595,312795,133845,178950,105995,43645,62350,33600,12600,21000,54600,16800,37800,118600,60800,57800,237000,72000,165000,24800,
4,27,401295,266695,124545,142150,105995,43645,62350,21000,18900,2100,69300,42000,27300,70400,20000,50400,116000,56000,60000,18600,
4,28,507270,290470,134860,155610,74820,37410,37410,31500,12600,18900,79950,44250,35700,104200,40600,63600,192000,72000,120000,24800,
4,29,443120,255520,123410,132110,74820,37410,37410,33600,14700,18900,71700,42300,29400,75400,29000,46400,169000,64000,105000,18600,
4,30,509990,270190,119225,150965,87290,31175,56115,27300,16800,10500,74400,36450,37950,81200,34800,46400,215000,80000,135000,24800,
5,0,427395,265595,118745,146850,105995,43645,62350,31500,18900,12600,65100,33600,31500,63000,22600,40400,137000,32000,105000,24800,
5,1,494400,285600,113920,171680,62350,12470,49880,46200,16800,29400,76050,38250,37800,101000,46400,54600,184000,64000,120000,24800,
5,2,505860,296260,135080,161180,99760,49880,49880,42000,14700,27300,65100,27300,37800,89400,43200,46200,191000,56000,135000,18600,
5,3,438860,277060,133010,144050,99760,37410,62350,37800,16800,21000,65100,42000,23100,74400,36800,37600,137000,32000,105000,24800,
5,4,482925,281325,114575,166750,93525,31175,62350,27300,10500,16800,80100,38100,42000,80400,34800,45600,183000,48000,135000,18600,
5,5,520355,326555,129705,196850,81055,18705,62350,42000,16800,25200,77700,42000,35700,125800,52200,73600,169000,64000,105000,24800,
5,6,514270,273670,129810,143860,74820,37410,37410,39900,16800,23100,66150,23400,42750,92800,52200,40600,222000,72000,150000,18600,
5,7,420860,259060,123645,135415,99760,43645,56115,29400,10500,18900,48300,27300,21000,81600,42200,39400,137000,32000,105000,24800,
5,8,473535,263935,127690,136245,68585,24940,43645,42000,18900,23100,54750,31650,23100,98600,52200,46400,191000,56000,135000,18600,
5,9,470605,261805,135845,125960,81055,43645,37410,29400,14700,14700,58950,31500,27450,92400,46000,46400,184000,64000,120000,24800,
5,10,448690,263890,107510,156380,87290,37410,49880,31500,14700,16800,65100,29400,35700,80000,26000,54000,160000,40000,120000,24800,
5,11,541830,317030,109010,208020,112230,37410,74820,37800,16800,21000,76200,25800,50400,90800,29000,61800,200000,80000,120000,24800,
5,12,425720,254120,129675,124445,74820,31175,43645,35700,14700,21000,46200,29400,16800,97400,54400,43000,153000,48000,105000,18600,
5,13,471895,295095,126115,168980,105995,56115,49880,39900,10500,29400,63000,39900,23100,86200,19600,66600,152000,32000,120000,24800,
5,14,508640,277840,140575,137265,87290,31175,56115,25200,14700,10500,101550,65700,35850,63800,29000,34800,206000,56000,150000,24800,
5,15,441300,263500,110790,152710,62350,24940,37410,35700,16800,18900,82050,40050,42000,83400,29000,54400,153000,48000,105000,24800,
5,16,547595,322995,136245,186750,105995,43645,62350,37800,18900,18900,75600,27300,48300,103600,46400,57200,206000,56000,150000,18600,
5,17,466180,248580,108205,140375,49880,18705,31175,39900,16800,23100,83400,49500,33900,75400,23200,52200,199000,64000,135000,18600,
5,18,407455,275655,108110,167545,81055,37410,43645,50400,16800,33600,67200,23100,44100,77000,30800,46200,107000,32000,75000,24800,
5,19,501725,314125,134710,179415,93525,37410,56115,35700,16800,18900,86100,31500,54600,98800,49000,49800,169000,64000,105000,18600,
5,20,424020,254220,101275,152945,74820,31175,43645,35700,14700,21000,69300,21000,48300,74400,34400,40000,145000,40000,105000,24800,
5,21,540825,317025,142780,174245,93525,49880,43645,37800,18900,18900,81900,33600,48300,103800,40400,63400,199000,64000,135000,24800,
5,22,506525,304725,130510,174215,93525,37410,56115,42000,18900,23100,79800,33600,46200,89400,40600,48800,177000,72000,105000,24800,
5,23,505690,297090,131210,165880,87290,37410,49880,37800,10500,27300,79800,39900,39900,92200,43400,48800,190000,40000,150000,18600,
5,24,531160,344360,153675,190685,99760,31175,68585,33600,16800,16800,88200,48300,39900,122800,57400,65400,162000,72000,90000,24800,
5,25,500245,306445,104355,202090,105995,18705,87290,37800,21000,16800,71850,29850,42000,90800,34800,56000,169000,64000,105000,24800,
5,26,413955,250155,115475,134680,81055,31175,49880,29400,8400,21000,65100,35700,29400,74600,40200,34400,139000,64000,75000,24800,
5,27,565115,318315,120460,197855,118465,37410,81055,29400,6300,23100,59250,36150,23100,111200,40600,70600,222000,72000,150000,24800,
5,28,463825,286025,127545,158480,93525,43645,49880,14700,6300,8400,84000,37800,46200,93800,39800,54000,153000,48000,105000,24800,
5,29,465055,272255,116545,155710,81055,43645,37410,44100,16800,27300,60900,18900,42000,86200,37200,49000,168000,48000,120000,24800,
5,30,501190,285390,143110,142280,87290,37410,49880,31500,16800,14700,63000,48300,14700,103600,40600,63000,191000,56000,135000,24800,
6,0,533460,323660,140145,183515,99760,43645,56115,33600,18900,14700,101100,48600,52500,89200,29000,60200,185000,80000,105000,24800,
6,1,503635,301035,134860,166175,68585,37410,31175,35700,16800,18900,84150,40050,44100,112600,40600,72000,184000,64000,120000,18600,
6,2,474890,287290,129110,158180,87290,37410,49880,48300,23100,25200,56700,25200,31500,95000,43400,51600,169000,64000,105000,18600,
6,3,425025,298425,123210,175215,97825,37410,60415,31500,10500,21000,81900,35700,46200,87200,39600,47600,108000,48000,60000,18600,
6,4,506775,304175,141210,162965,93525,37410,56115,42000,14700,27300,82050,31500,50550,86600,57600,29000,184000,64000,120000,18600,
6,5,398185,243385,93640,149745,68585,24940,43645,25200,8400,16800,71400,31500,39900,78200,28800,49400,130000,40000,90000,24800,
6,6,422960,274160,139945,134215,99760,43645,56115,25200,18900,6300,84000,37800,46200,65200,39600,25600,124000,64000,60000,24800,
6,7,453360,266760,107910,158850,99760,37410,62350,33600,10500,23100,58800,16800,42000,74600,43200,31400,168000,48000,120000,18600,
6,8,521875,289275,128925,160350,93525,31175,62350,42000,18900,23100,87150,55650,31500,66600,23200,43400,214000,64000,150000,18600,
6,9,433420,290820,139975,150845,74820,31175,43645,35700,23100,12600,86100,48300,37800,94200,37400,56800,124000,64000,60000,18600,
6,10,540140,286340,125960,160380,87290,37410,49880,37800,18900,18900,74250,40650,33600,87000,29000,58000,229000,64000,165000,24800,
6,11,502590,354790,119540,235250,104490,24940,79550,42000,12600,29400,90300,33600,56700,118000,48400,69600,123000,48000,75000,24800,
6,12,547395,329795,151380,178415,105995,49880,56115,46200,16800,29400,58800,35700,23100,118800,49000,69800,199000,64000,135000,18600,
6,13,476610,296210,113490,182720,99760,24940,74820,33600,10500,23100,69450,31650,37800,93400,46400,47000,168000,48000,120000,12400,
6,14,481010,272210,114360,157850,99760,37410,62350,46200,18900,27300,48450,23250,25200,77800,34800,43000,184000,64000,120000,24800,
6,15,486255,268655,126180,142475,81055,49880,31175,33600,14700,18900,61200,21000,40200,92800,40600,52200,199000,64000,135000,18600,
6,16,462230,280830,133245,147585,112230,43645,68585,21000,4200,16800,50400,33600,16800,97200,51800,45400,169000,64000,105000,12400,
6,17,416320,245520,107775,137745,74820,31175,43645,31500,16800,14700,58800,25200,33600,80400,34600,45800,146000,56000,90000,24800,
6,18,515625,300825,134245,166580,93525,43645,49880,35700,14700,21000,79800,35700,44100,91800,40200,51600,190000,40000,150000,24800,
6,19,475595,305795,129710,176085,118895,37410,81485,35700,16800,18900,63000,27300,35700,88200,48200,40000,145000,40000,105000,24800,
6,20,523495,314695,144245,170450,105995,43645,62350,42000,16800,25200,77700,46200,31500,89000,37600,51400,184000,64000,120000,24800,
6,21,515440,312840,137395,175445,87290,43645,43645,37800,21000,16800,92550,37950,54600,95200,34800,60400,184000,64000,120000,18600,
6,22,453590,280790,123310,157480,87290,37410,49880,35700,14700,21000,71400,25200,46200,86400,46000,40400,148000,88000,60000,24800,
6,23,455325,289925,140280,149645,93525,49880,43645,37800,16800,21000,84000,42000,42000,74600,31600,43000,153000,48000,105000,12400,
6,24,535230,364630,169245,195385,112230,43645,68585,37800,21000,16800,92400,50400,42000,122200,54200,68000,152000,32000,120000,18600,
6,25,457930,300330,125210,175120,112230,37410,74820,42000,14700,27300,48300,27300,21000,97800,45800,52000,139000,64000,75000,18600,
6,26,535500,296500,108725,187775,62350,31175,31175,18900,10500,8400,73650,14850,58800,141600,52200,89400,208000,88000,120000,31000,
6,27,507125,322325,141110,181215,93525,37410,56115,37800,16800,21000,100800,44100,56700,90200,42800,47400,160000,40000,120000,24800,
6,28,579260,345660,160010,185650,99760,37410,62350,44100,12600,31500,103200,46200,57000,98600,63800,34800,215000,80000,135000,18600,
6,29,486015,283415,131145,152270,56115,43645,12470,37800,14700,23100,65100,29400,35700,124400,43400,81000,184000,64000,120000,18600,
6,30,538205,317805,136690,181115,81055,24940,56115,33600,14700,18900,84750,44850,39900,118400,52200,66200,208000,88000,120000,12400,
7,0,480970,279370,133260,146110,74820,37410,37410,23100,18900,4200,77850,42150,35700,103600,34800,68800,183000,48000,135000,18600,
7,1,461600,259800,122110,137690,62350,37410,24940,33600,14700,18900,56850,21000,35850,107000,49000,58000,177000,72000,105000,24800,
7,2,504760,317160,134880,182280,99760,49880,49880,42000,16800,25200,84000,33600,50400,91400,34600,56800,169000,64000,105000,18600,
7,3,463255,291655,131245,160410,81055,43645,37410,35700,16800,18900,86100,42000,44100,88800,28800,60000,153000,48000,105000,18600,
7,4,409055,247255,113675,133580,81055,31175,49880,42000,14700,27300,50400,33600,16800,73800,34200,39600,137000,32000,105000,24800,
7,5,463085,290485,130045,160440,68585,43645,24940,35700,16800,18900,71400,21000,50400,114800,48600,66200,154000,64000,90000,18600,
7,6,366090,226290,106910,119380,87290,37410,49880,31500,14700,16800,48300,21000,27300,59200,33800,25400,115000,40000,75000,24800,
7,7,504140,286540,122410,164130,87290,37410,49880,33600,14700,18900,84450,29700,54750,81200,40600,40600,199000,64000,135000,18600,
7,8,499525,305725,135910,169815,93525,37410,56115,35700,16800,18900,90300,44100,46200,86200,37600,48600,169000,64000,105000,24800,
7,9,445225,265625,108080,157545,93525,49880,43645,18900,4200,14700,67200,25200,42000,86000,28800,57200,161000,56000,105000,18600,
7,10,515720,291920,146545,145375,74820,43645,31175,31500,16800,14700,75600,39900,35700,110000,46200,63800,199000,64000,135000,24800,
7,11,529405,282605,147210,135395,81055,37410,43645,31500,14700,16800,48450,31500,16950,121600,63600,58000,222000,72000,150000,24800,
7,12,553660,329860,144275,185585,99760,31175,68585,42000,18900,23100,77700,42000,35700,110400,52200,58200,199000,64000,135000,24800,
7,13,387525,253725,119975,133750,93525,31175,62350,25200,10500,14700,75600,35700,39900,59400,42600,16800,109000,64000,45000,24800,
7,14,479605,307005,121590,185415,81055,24940,56115,50400,18900,31500,86550,48750,37800,89000,29000,60000,154000,64000,90000,18600,
7,15,475625,251825,118710,133115,93525,37410,56115,31500,16800,14700,48600,29700,18900,78200,34800,43400,199000,64000,135000,24800,
7,16,465460,317660,140245,177415,99760,43645,56115,29400,16800,12600,86100,42000,44100,102400,37800,64600,123000,48000,75000,24800,
7,17,526660,333860,125210,208650,99760,37410,62350,48300,18900,29400,79800,31500,48300,106000,37400,68600,168000,48000,120000,24800,
7,18,484490,312890,121710,191180,87290,37410,49880,35700,10500,25200,77700,33600,44100,112200,40200,72000,153000,48000,105000,18600,
7,19,523615,306815,123130,183685,118465,49880,68585,44100,18900,25200,69450,25350,44100,74800,29000,45800,192000,72000,120000,24800,
7,20,393315,275715,118970,156745,77615,12470,65145,44100,14700,29400,75600,54600,21000,78400,37200,41200,99000,24000,75000,18600,
7,21,454560,288960,122610,166350,99760,37410,62350,33600,14700,18900,63000,27300,35700,92600,43200,49400,147000,72000,75000,18600,
7,22,536270,282470,102490,179980,74820,24940,49880,39900,14700,25200,81150,45450,35700,86600,17400,69200,229000,64000,165000,24800,
7,23,544140,319540,144860,174680,87290,37410,49880,42000,18900,23100,86250,42150,44100,104000,46400,57600,206000,56000,150000,18600,
7,24,469900,236300,100110,136190,62350,37410,24940,33750,14850,18900,47400,13050,34350,92800,34800,58000,215000,80000,135000,18600,
7,25,500925,286125,132580,153545,93525,49880,43645,39900,14700,25200,69300,25200,44100,83400,42800,40600,190000,40000,150000,24800,
7,26,420385,255785,123810,131975,68585,37410,31175,25200,14700,10500,75600,39900,35700,86400,31800,54600,146000,56000,90000,18600,
7,27,531555,307755,147245,160510,81055,43645,37410,44100,14700,29400,84000,48300,35700,98600,40600,58000,199000,64000,135000,24800,
7,28,505370,288770,124790,163980,74820,24940,49880,33600,16800,16800,90750,42450,48300,89600,40600,49000,198000,48000,150000,18600,
7,29,469425,276625,130280,146345,93525,49880,43645,44100,18900,25200,58800,35700,23100,80200,25800,54400,168000,48000,120000,24800,
7,30,382260,233460,116675,116785,108760,31175,77585,35700,10500,25200,37800,37800,0,51200,37200,14000,124000,64000,60000,24800,
8,0,624310,338510,136125,202385,99760,31175,68585,39900,16800,23100,65850,30150,35700,133000,58000,75000,261000,96000,165000,24800,
8,1,437570,257970,113990,143980,74820,24940,49880,35700,14700,21000,69450,33750,35700,78000,40600,37400,161000,56000,105000,18600,
8,2,550290,342490,174945,167545,87290,43645,43645,42000,18900,23100,100800,54600,46200,112400,57800,54600,183000,48000,135000,24800,
8,3,472610,278810,115295,163515,99760,43645,56115,39900,16800,23100,67350,31650,35700,71800,23200,48600,169000,64000,105000,24800,
8,4,511525,285925,124440,161485,93525,24940,68585,44100,16800,27300,61500,36300,25200,86800,46400,40400,207000,72000,135000,18600,
8,5,485170,275570,123490,152080,74820,24940,49880,42000,14700,27300,63150,31650,31500,95600,52200,43400,191000,56000,135000,18600,
8,6,457765,255165,138625,116540,56115,31175,24940,23100,10500,12600,88950,50550,38400,87000,46400,40600,184000,64000,120000,18600,
8,7,575960,351360,140875,210485,99760,31175,68585,33600,14700,18900,99000,48600,50400,119000,46400,72600,206000,56000,150000,18600,
8,8,447255,299455,121205,178250,89655,18705,70950,39900,14700,25200,86100,50400,35700,83800,37400,46400,123000,48000,75000,24800,
8,9,507075,320475,113990,206485,93525,24940,68585,37800,16800,21000,84150,31650,52500,105000,40600,64400,168000,48000,120000,18600,
8,10,520260,296460,134645,161815,99760,43645,56115,44100,16800,27300,71400,33600,37800,81200,40600,40600,199000,64000,135000,24800,
8,11,445695,290895,149445,141450,105995,43645,62350,31500,21000,10500,75600,37800,37800,77800,47000,30800,130000,40000,90000,24800,
8,12,490505,287905,132325,155580,81055,31175,49880,35700,16800,18900,67350,37950,29400,103800,46400,57400,184000,64000,120000,18600,
8,13,575560,337760,153545,184215,99760,43645,56115,37800,16800,21000,88200,44100,44100,112000,49000,63000,213000,48000,165000,24800,
8,14,408355,238555,104340,134215,81055,24940,56115,25200,8400,16800,60900,33600,27300,71400,37400,34000,145000,40000,105000,24800,
8,15,521325,314525,139910,174615,93525,37410,56115,37800,12600,25200,79800,44100,35700,103400,45800,57600,182000,32000,150000,24800,
8,16,459005,243005,141010,101995,81055,37410,43645,25200,18900,6300,61350,44100,17250,75400,40600,34800,185000,80000,105000,31000,
8,17,443620,265820,124045,141775,74820,43645,31175,37800,14700,23100,67200,31500,35700,86000,34200,51800,153000,48000,105000,24800,
8,18,462105,269305,136845,132460,81055,43645,37410,42000,14700,27300,88650,44100,44550,57600,34400,23200,168000,48000,120000,24800,
8,19,452390,288790,123705,165085,87290,18705,68585,54600,21000,33600,65100,37800,27300,81800,46200,35600,145000,40000,105000,18600,
8,20,509790,329390,127975,201415,87290,31175,56115,48300,18900,29400,54600,14700,39900,139200,63200,76000,168000,48000,120000,12400,
8,21,443275,270675,102330,168345,93525,49880,43645,44100,14700,29400,67650,31950,35700,65400,5800,59600,154000,64000,90000,18600,
8,22,534400,309600,148940,160660,62350,24940,37410,39900,16800,23100,71550,29400,42150,135800,77800,58000,200000,80000,120000,24800,
8,23,544275,310675,155010,155665,93525,37410,56115,50400,25200,25200,91350,40200,51150,75400,52200,23200,215000,80000,135000,18600,
8,24,503460,280660,146780,133880,99760,49880,49880,31500,14700,16800,54600,33600,21000,94800,48600,46200,198000,48000,150000,24800,
8,25,393220,259420,128545,130875,74820,43645,31175,33600,12600,21000,79800,44100,35700,71200,28200,43000,109000,64000,45000,24800,
8,26,469290,275690,116310,159380,87290,37410,49880,33600,10500,23100,63000,25200,37800,91800,43200,48600,175000,40000,135000,18600,
8,27,464030,297430,138815,158615,112230,56115,56115,31500,12600,18900,73500,35700,37800,80200,34400,45800,148000,88000,60000,18600,
8,28,479260,306660,131510,175150,99760,37410,62350,29400,10500,18900,94500,46200,48300,83000,37400,45600,154000,64000,90000,18600,
8,29,537060,320260,171480,148780,99760,49880,49880,33600,14700,18900,77700,52500,25200,109200,54400,54800,192000,72000,120000,24800,
8,30,533795,346995,136080,210915,105995,49880,56115,44100,14700,29400,107100,48300,58800,89800,23200,66600,162000,72000,90000,24800,
9,0,427395,265595,118745,146850,105995,43645,62350,31500,18900,12600,65100,33600,31500,63000,22600,40400,137000,32000,105000,24800,
9,1,494400,285600,113920,171680,62350,12470,49880,46200,16800,29400,76050,38250,37800,101000,46400,54600,184000,64000,120000,24800,
9,2,502820,264020,119945,144075,74820,43645,31175,35700,14700,21000,72300,38400,33900,81200,23200,58000,214000,64000,150000,24800,
9,3,438860,277060,133010,144050,99760,37410,62350,37800,16800,21000,65100,42000,23100,74400,36800,37600,137000,32000,105000,24800,
9,4,482925,281325,114575,166750,93525,31175,62350,27300,10500,16800,80100,38100,42000,80400,34800,45600,183000,48000,135000,18600,
9,5,520355,326555,129705,196850,81055,18705,62350,42000,16800,25200,77700,42000,35700,125800,52200,73600,169000,64000,105000,24800,
9,6,514270,273670,129810,143860,74820,37410,37410,39900,16800,23100,66150,23400,42750,92800,52200,40600,222000,72000,150000,18600,
9,7,493225,299425,132845,166580,93525,43645,49880,33600,14700,18900,77700,39900,37800,94600,34600,60000,169000,64000,105000,24800,
9,8,473535,263935,127690,136245,68585,24940,43645,42000,18900,23100,54750,31650,23100,98600,52200,46400,191000,56000,135000,18600,
9,9,470605,261805,135845,125960,81055,43645,37410,29400,14700,14700,58950,31500,27450,92400,46000,46400,184000,64000,120000,24800,
9,10,448690,263890,107510,156380,87290,37410,49880,31500,14700,16800,65100,29400,35700,80000,26000,54000,160000,40000,120000,24800,
9,11,541830,317030,109010,208020,112230,37410,74820,37800,16800,21000,76200,25800,50400,90800,29000,61800,200000,80000,120000,24800,
9,12,425720,254120,129675,124445,74820,31175,43645,35700,14700,21000,46200,29400,16800,97400,54400,43000,153000,48000,105000,18600,
9,13,471895,295095,126115,168980,105995,56115,49880,39900,10500,29400,63000,39900,23100,86200,19600,66600,152000,32000,120000,24800,
9,14,508640,277840,140575,137265,87290,31175,56115,25200,14700,10500,101550,65700,35850,63800,29000,34800,206000,56000,150000,24800,
9,15,441300,263500,110790,152710,62350,24940,37410,35700,16800,18900,82050,40050,42000,83400,29000,54400,153000,48000,105000,24800,
9,16,547595,322995,136245,186750,105995,43645,62350,37800,18900,18900,75600,27300,48300,103600,46400,57200,206000,56000,150000,18600,
9,17,466180,248580,108205,140375,49880,18705,31175,39900,16800,23100,83400,49500,33900,75400,23200,52200,199000,64000,135000,18600,
9,18,407455,275655,108110,167545,81055,37410,43645,50400,16800,33600,67200,23100,44100,77000,30800,46200,107000,32000,75000,24800,
9,19,501725,314125,134710,179415,93525,37410,56115,35700,16800,18900,86100,31500,54600,98800,49000,49800,169000,64000,105000,18600,
9,20,424020,254220,101275,152945,74820,31175,43645,35700,14700,21000,69300,21000,48300,74400,34400,40000,145000,40000,105000,24800,
9,21,540825,317025,142780,174245,93525,49880,43645,37800,18900,18900,81900,33600,48300,103800,40400,63400,199000,64000,135000,24800,
9,22,506525,304725,130510,174215,93525,37410,56115,42000,18900,23100,79800,33600,46200,89400,40600,48800,177000,72000,105000,24800,
9,23,505690,297090,131210,165880,87290,37410,49880,37800,10500,27300,79800,39900,39900,92200,43400,48800,190000,40000,150000,18600,
9,24,531160,344360,153675,190685,99760,31175,68585,33600,16800,16800,88200,48300,39900,122800,57400,65400,162000,72000,90000,24800,
9,25,500245,306445,104355,202090,105995,18705,87290,37800,21000,16800,71850,29850,42000,90800,34800,56000,169000,64000,105000,24800,
9,26,413955,250155,115475,134680,81055,31175,49880,29400,8400,21000,65100,35700,29400,74600,40200,34400,139000,64000,75000,24800,
9,27,565115,318315,120460,197855,118465,37410,81055,29400,6300,23100,59250,36150,23100,111200,40600,70600,222000,72000,150000,24800,
9,28,463825,286025,127545,158480,93525,43645,49880,14700,6300,8400,84000,37800,46200,93800,39800,54000,153000,48000,105000,24800,
9,29,465055,272255,116545,155710,81055,43645,37410,44100,16800,27300,60900,18900,42000,86200,37200,49000,168000,48000,120000,24800,
9,30,501190,285390,143110,142280,87290,37410,49880,31500,16800,14700,63000,48300,14700,103600,40600,63000,191000,56000,135000,24800,
10,0,480970,279370,133260,146110,74820,37410,37410,23100,18900,4200,77850,42150,35700,103600,34800,68800,183000,48000,135000,18600,
10,1,461600,259800,122110,137690,62350,37410,24940,33600,14700,18900,56850,21000,35850,107000,49000,58000,177000,72000,105000,24800,
10,2,431985,247185,121075,126110,68585,31175,37410,35700,18900,16800,65100,42000,23100,77800,29000,48800,160000,40000,120000,24800,
10,3,536540,313540,134925,178615,87290,31175,56115,31500,16800,14700,96750,46350,50400,98000,40600,57400,192000,72000,120000,31000,
10,4,515470,289670,128495,161175,74820,43645,31175,23100,8400,14700,76350,53250,23100,115400,23200,92200,201000,96000,105000,24800,
10,5,439615,290015,138140,151875,56115,24940,31175,37800,16800,21000,77700,42000,35700,118400,54400,64000,131000,56000,75000,18600,
10,6,498725,305925,128010,177915,93525,37410,56115,31500,12600,18900,73500,37800,35700,107400,40200,67200,168000,48000,120000,24800,
10,7,465995,318395,150980,167415,131795,58480,73315,27300,14700,12600,69300,29400,39900,90000,48400,41600,129000,24000,105000,18600,
10,8,442130,286530,108180,178350,129430,49880,79550,39900,14700,25200,63000,21000,42000,54200,22600,31600,137000,32000,105000,18600,
10,9,506695,297895,154045,143850,105995,43645,62350,33600,18900,14700,77700,48300,29400,80600,43200,37400,184000,64000,120000,24800,
10,10,512655,313655,142245,171410,81055,43645,37410,50400,25200,25200,71400,33600,37800,110800,39800,71000,168000,48000,120000,31000,
10,11,525025,300425,130210,170215,93525,37410,56115,48300,16800,31500,54600,21000,33600,104000,55000,49000,206000,56000,150000,18600,
10,12,350950,240350,90705,149645,83850,18705,65145,44100,12600,31500,63000,33600,29400,49400,25800,23600,92000,32000,60000,18600,
10,13,512125,333325,138945,194380,93525,43645,49880,31500,8400,23100,86100,44100,42000,122200,42800,79400,154000,64000,90000,24800,
10,14,494240,276640,115525,161115,87290,31175,56115,33600,16800,16800,80550,38550,42000,75200,29000,46200,199000,64000,135000,18600,
10,15,519550,279750,127770,151980,62350,12470,49880,33600,16800,16800,59400,40500,18900,124400,58000,66400,215000,80000,135000,24800,
10,16,537895,359295,164645,194650,105995,43645,62350,42000,14700,27300,94500,56700,37800,116800,49600,67200,160000,40000,120000,18600,
10,17,444160,257560,102910,154650,99760,37410,62350,31500,12600,18900,71700,29700,42000,54600,23200,31400,168000,48000,120000,18600,
10,18,451715,288115,107605,180510,56115,18705,37410,35700,12600,23100,73500,35700,37800,122800,40600,82200,145000,40000,105000,18600,
10,19,449560,277760,129145,148615,99760,43645,56115,39900,14700,25200,60900,33600,27300,77200,37200,40000,147000,72000,75000,24800,
10,20,441620,317820,141875,175945,87720,39775,47945,44100,16800,27300,84000,44100,39900,102000,41200,60800,99000,24000,75000,24800,
10,21,512655,318855,117540,201315,81055,24940,56115,31500,10500,21000,86100,35700,50400,120200,46400,73800,169000,64000,105000,24800,
10,22,475900,281300,149410,131890,62350,37410,24940,44100,25200,18900,82050,46200,35850,92800,40600,52200,176000,56000,120000,18600,
10,23,479330,291730,148180,143550,112230,49880,62350,48300,14700,33600,73800,37800,36000,57400,45800,11600,169000,64000,105000,18600,
10,24,528255,313455,113340,200115,81055,24940,56115,27300,10500,16800,86100,31500,54600,119000,46400,72600,190000,40000,150000,24800,
10,25,499665,298865,130480,168385,118465,49880,68585,35700,18900,16800,35700,10500,25200,109000,51200,57800,176000,56000,120000,24800,
10,26,574595,312795,133845,178950,105995,43645,62350,33600,12600,21000,54600,16800,37800,118600,60800,57800,237000,72000,165000,24800,
10,27,401295,266695,124545,142150,105995,43645,62350,21000,18900,2100,69300,42000,27300,70400,20000,50400,116000,56000,60000,18600,
10,28,507270,290470,134860,155610,74820,37410,37410,31500,12600,18900,79950,44250,35700,104200,40600,63600,192000,72000,120000,24800,
10,29,443120,255520,123410,132110,74820,37410,37410,33600,14700,18900,71700,42300,29400,75400,29000,46400,169000,64000,105000,18600,
10,30,509990,270190,119225,150965,87290,31175,56115,27300,16800,10500,74400,36450,37950,81200,34800,46400,215000,80000,135000,24800,
11,0,530955,338155,133175,204980,81055,31175,49880,52500,23100,29400,75600,35700,39900,129000,43200,85800,168000,48000,120000,24800,
11,1,424925,253325,110510,142815,93525,37410,56115,18900,6300,12600,52500,21000,31500,88400,45800,42600,153000,48000,105000,18600,
11,2,504760,317160,134880,182280,99760,49880,49880,42000,16800,25200,84000,33600,50400,91400,34600,56800,169000,64000,105000,18600,
11,3,559555,313755,161445,152310,81055,43645,37410,35700,23100,12600,84000,48300,35700,113000,46400,66600,221000,56000,165000,24800,
11,4,492770,283170,125225,157945,74820,31175,43645,42000,18900,23100,73950,40350,33600,92400,34800,57600,191000,56000,135000,18600,
11,5,490120,297320,126875,170445,74820,31175,43645,37800,14700,23100,65100,29400,35700,119600,51600,68000,168000,48000,120000,24800,
11,6,415525,252725,133910,118815,93525,37410,56115,39900,18900,21000,56700,37800,18900,62600,39800,22800,138000,48000,90000,24800,
11,7,509195,301195,142210,158985,105995,37410,68585,42000,16800,25200,75600,42000,33600,77600,46000,31600,177000,72000,105000,31000,
11,8,470330,290730,131615,159115,112230,56115,56115,46200,18900,27300,60900,25200,35700,71400,31400,40000,161000,56000,105000,18600,
11,9,381285,277685,126910,150775,72885,41710,31175,37800,14700,23100,63000,27300,35700,104000,43200,60800,85000,40000,45000,18600,
11,10,358420,240620,113540,127080,77820,24940,52880,37800,18900,18900,46200,27300,18900,78800,42400,36400,93000,48000,45000,24800,
11,11,515265,306465,145380,161085,118465,49880,68585,31500,12600,18900,81900,48300,33600,74600,34600,40000,184000,64000,120000,24800,
11,12,566025,295425,126340,169085,93525,24940,68585,31500,10500,21000,57600,38700,18900,112800,52200,60600,252000,72000,180000,18600,
11,13,571095,316295,136910,179385,105995,37410,68585,42000,16800,25200,52500,18900,33600,115800,63800,52000,230000,80000,150000,24800,
11,14,533330,325330,129610,195720,112230,37410,74820,33600,10500,23100,77700,35700,42000,101800,46000,55800,177000,72000,105000,31000,
11,15,496740,256140,128210,127930,87290,37410,49880,31500,14700,16800,79350,47100,32250,58000,29000,29000,222000,72000,150000,18600,
11,16,444395,244595,120480,124115,105995,49880,56115,33600,21000,12600,50400,29400,21000,54600,20200,34400,175000,40000,135000,24800,
11,17,461540,278940,125960,152980,87290,37410,49880,42000,18900,23100,48450,23250,25200,101200,46400,54800,164000,104000,60000,18600,
11,18,557210,331410,152395,179015,99760,43645,56115,48300,25200,23100,90750,48750,42000,92600,34800,57800,201000,96000,105000,24800,
11,19,492240,302640,135225,167415,87290,31175,56115,44100,23100,21000,76050,40350,35700,95200,40600,54600,171000,96000,75000,18600,
11,20,468790,280990,111675,169315,87290,31175,56115,31500,10500,21000,76200,46800,29400,86000,23200,62800,163000,88000,75000,24800,
11,21,449425,261825,94810,167015,93525,37410,56115,35700,8400,27300,54600,8400,46200,78000,40600,37400,169000,64000,105000,18600,
11,22,459660,265060,110210,154850,99760,37410,62350,29400,8400,21000,60900,21000,39900,75000,43400,31600,176000,56000,120000,18600,
11,23,541805,286205,155810,130395,81055,37410,43645,37800,18900,18900,91950,53100,38850,75400,46400,29000,237000,72000,165000,18600,
11,24,454875,267275,96760,170515,93525,37410,56115,37800,16800,21000,61350,19350,42000,74600,23200,51400,169000,64000,105000,18600,
11,25,367020,243220,114675,128545,86420,34175,52245,37800,18900,18900,54600,33600,21000,64400,28000,36400,99000,24000,75000,24800,
11,26,561670,324670,129855,194815,74820,18705,56115,39900,14700,25200,88350,44250,44100,121600,52200,69400,206000,56000,150000,31000,
11,27,508555,289955,134505,155450,81055,18705,62350,29400,12600,16800,78300,51000,27300,101200,52200,49000,200000,80000,120000,18600,
11,28,498315,273715,132910,140805,56115,37410,18705,48300,14700,33600,76500,40200,36300,92800,40600,52200,206000,56000,150000,18600,
11,29,506790,306190,122875,183315,87290,31175,56115,35700,14700,21000,71400,33600,37800,111800,43400,68400,182000,32000,150000,18600,
11,30,561260,299460,113945,185515,99760,43645,56115,23100,4200,18900,87000,42900,44100,89600,23200,66400,237000,72000,165000,24800,
12,0,249545,145145,67105,78040,43645,18705,24940,18900,8400,10500,33600,16800,16800,49000,23200,25800,92000,32000,60000,12400,
12,1,523325,314525,138210,176315,93525,37410,56115,39900,16800,23100,77700,37800,39900,103400,46200,57200,184000,64000,120000,24800,
12,2,548760,331160,134140,197020,99760,24940,74820,35700,16800,18900,92700,40200,52500,103000,52200,50800,199000,64000,135000,18600,
12,3,569275,299475,150960,148515,93525,37410,56115,33600,16800,16800,67950,44550,23400,104400,52200,52200,245000,80000,165000,24800,
12,4,512560,295760,133945,161815,99760,43645,56115,29400,12600,16800,63000,31500,31500,103600,46200,57400,192000,72000,120000,24800,
12,5,523325,314525,138210,176315,93525,37410,56115,39900,16800,23100,77700,37800,39900,103400,46200,57200,184000,64000,120000,24800,
12,6,332450,198850,87340,111510,62350,24940,37410,25200,10500,14700,48300,23100,25200,63000,28800,34200,115000,40000,75000,18600,
12,7,249545,145145,67105,78040,43645,18705,24940,18900,8400,10500,33600,16800,16800,49000,23200,25800,92000,32000,60000,12400,
12,8,523325,314525,138210,176315,93525,37410,56115,39900,16800,23100,77700,37800,39900,103400,46200,57200,184000,64000,120000,24800,
12,9,523325,314525,138210,176315,93525,37410,56115,39900,16800,23100,77700,37800,39900,103400,46200,57200,184000,64000,120000,24800,
12,10,523325,314525,138210,176315,93525,37410,56115,39900,16800,23100,77700,37800,39900,103400,46200,57200,184000,64000,120000,24800,
12,11,523325,314525,138210,176315,93525,37410,56115,39900,16800,23100,77700,37800,39900,103400,46200,57200,184000,64000,120000,24800,
12,12,523325,314525,138210,176315,93525,37410,56115,39900,16800,23100,77700,37800,39900,103400,46200,57200,184000,64000,120000,24800,
12,13,332450,198850,87340,111510,62350,24940,37410,25200,10500,14700,48300,23100,25200,63000,28800,34200,115000,40000,75000,18600,
12,14,249545,145145,67105,78040,43645,18705,24940,18900,8400,10500,33600,16800,16800,49000,23200,25800,92000,32000,60000,12400,
12,15,523325,314525,138210,176315,93525,37410,56115,39900,16800,23100,77700,37800,39900,103400,46200,57200,184000,64000,120000,24800,
12,16,523325,314525,138210,176315,93525,37410,56115,39900,16800,23100,77700,37800,39900,103400,46200,57200,184000,64000,120000,24800,
12,17,523325,314525,138210,176315,93525,37410,56115,39900,16800,23100,77700,37800,39900,103400,46200,57200,184000,64000,120000,24800,
12,18,523325,314525,138210,176315,93525,37410,56115,39900,16800,23100,77700,37800,39900,103400,46200,57200,184000,64000,120000,24800,
12,19,523325,314525,138210,176315,93525,37410,56115,39900,16800,23100,77700,37800,39900,103400,46200,57200,184000,64000,120000,24800,
12,20,332450,198850,87340,111510,62350,24940,37410,25200,10500,14700,48300,23100,25200,63000,28800,34200,115000,40000,75000,18600,
12,21,249545,145145,67105,78040,43645,18705,24940,18900,8400,10500,33600,16800,16800,49000,23200,25800,92000,32000,60000,12400,
12,22,523325,314525,138210,176315,93525,37410,56115,39900,16800,23100,77700,37800,39900,103400,46200,57200,184000,64000,120000,24800,
12,23,523325,314525,138210,176315,93525,37410,56115,39900,16800,23100,77700,37800,39900,103400,46200,57200,184000,64000,120000,24800,
12,24,523325,314525,138210,176315,93525,37410,56115,39900,16800,23100,77700,37800,39900,103400,46200,57200,184000,64000,120000,24800,
12,25,523325,314525,138210,176315,93525,37410,56115,39900,16800,23100,77700,37800,39900,103400,46200,57200,184000,64000,120000,24800,
12,26,523325,314525,138210,176315,93525,37410,56115,39900,16800,23100,77700,37800,39900,103400,46200,57200,184000,64000,120000,24800,
12,27,332450,198850,87340,111510,62350,24940,37410,25200,10500,14700,48300,23100,25200,63000,28800,34200,115000,40000,75000,18600,
12,28,249545,145145,67105,78040,43645,18705,24940,18900,8400,10500,33600,16800,16800,49000,23200,25800,92000,32000,60000,12400,
12,29,523325,314525,138210,176315,93525,37410,56115,39900,16800,23100,77700,37800,39900,103400,46200,57200,184000,64000,120000,24800,
12,30,523325,314525,138210,176315,93525,37410,56115,39900,16800,23100,77700,37800,39900,103400,46200,57200,184000,64000,120000,24800,
13,0,427395,265595,118745,146850,105995,43645,62350,31500,18900,12600,65100,33600,31500,63000,22600,40400,137000,32000,105000,24800,
13,1,501720,291920,132810,159110,74820,37410,37410,33600,14700,18900,56700,31500,25200,126800,49200,77600,185000,80000,105000,24800,
13,2,597355,319755,130540,189215,81055,24940,56115,39900,12600,27300,82800,40800,42000,116000,52200,63800,259000,64000,195000,18600,
13,3,510325,307725,140945,166780,93525,43645,49880,46200,21000,25200,84000,35700,48300,84000,40600,43400,184000,64000,120000,18600,
13,4,474985,280385,131210,149175,68585,37410,31175,31500,12600,18900,73500,29400,44100,106800,51800,55000,176000,56000,120000,18600,
13,5,500765,321965,144810,177155,122765,37410,85355,37800,14700,23100,58800,35700,23100,102600,57000,45600,154000,64000,90000,24800,
13,6,472475,283875,120160,163715,93525,37410,56115,35700,16800,18900,48450,25350,23100,106200,40600,65600,170000,80000,90000,18600,
13,7,396655,293055,113810,179245,114555,49410,65145,33600,16800,16800,77700,33600,44100,67200,14000,53200,85000,40000,45000,18600,
13,8,499290,244490,127055,117435,24940,18705,6235,29400,16800,12600,45150,27750,17400,145000,63800,81200,230000,80000,150000,24800,
13,9,507040,289440,135015,154425,87290,56115,31175,29400,10500,18900,79950,33600,46350,92800,34800,58000,199000,64000,135000,18600,
13,10,486375,285375,103055,182320,93525,18705,74820,39900,14700,25200,67350,23250,44100,84600,46400,38200,170000,80000,90000,31000,
13,11,473190,287390,133610,153780,87290,37410,49880,27300,14700,12600,75600,35700,39900,97200,45800,51400,161000,56000,105000,24800,
13,12,404985,248385,115210,133175,68585,37410,31175,44100,16800,27300,35700,12600,23100,100000,48400,51600,138000,48000,90000,18600,
13,13,502295,306695,115740,190955,105995,24940,81055,25200,8400,16800,84300,36000,48300,91200,46400,44800,177000,72000,105000,18600,
13,14,476895,311295,148850,162445,105995,62350,43645,37800,16800,21000,81900,35700,46200,85600,34000,51600,147000,72000,75000,18600,
13,15,479430,285830,131445,154385,112230,43645,68585,37800,14700,23100,58800,27300,31500,77000,45800,31200,175000,40000,135000,18600,
13,16,520000,304200,112320,191880,62350,12470,49880,44100,18900,25200,95550,57750,37800,102200,23200,79000,191000,56000,135000,24800,
13,17,530640,310040,147845,162195,87290,43645,43645,27300,6300,21000,91050,57300,33750,104400,40600,63800,202000,112000,90000,18600,
13,18,552440,326840,140155,186685,87290,18705,68585,35700,10500,25200,97050,52950,44100,106800,58000,48800,207000,72000,135000,18600,
13,19,446825,290025,128510,161515,93525,37410,56115,39900,14700,25200,50400,16800,33600,106200,59600,46600,132000,72000,60000,24800,
13,20,443055,266055,124280,141775,81055,49880,31175,42000,14700,27300,63000,23100,39900,80000,36600,43400,146000,56000,90000,31000,
13,21,485930,316130,134345,181785,129430,43645,85785,37800,16800,21000,60900,23100,37800,88000,50800,37200,145000,40000,105000,24800,
13,22,498760,326360,114740,211620,108360,24940,83420,35700,18900,16800,65100,18900,46200,117200,52000,65200,160000,40000,120000,12400,
13,23,548150,308350,127840,180510,62350,24940,37410,42000,18900,23100,91200,49200,42000,112800,34800,78000,215000,80000,135000,24800,
13,24,519075,310275,133260,177015,93525,37410,56115,27300,18900,8400,94650,42150,52500,94800,34800,60000,184000,64000,120000,24800,
13,25,440760,300960,128345,172615,104060,43645,60415,37800,12600,25200,90300,44100,46200,68800,28000,40800,115000,40000,75000,24800,
13,26,499355,283555,133575,149980,81055,31175,49880,29400,10500,18900,60900,31500,29400,112200,60400,51800,191000,56000,135000,24800,
13,27,441550,264550,91305,173245,62350,18705,43645,42000,18900,23100,84000,18900,65100,76200,34800,41400,146000,56000,90000,31000,
13,28,459655,295055,119875,175180,81055,31175,49880,48300,16800,31500,69300,31500,37800,96400,40400,56000,146000,56000,90000,18600,
13,29,519710,295110,120960,174150,99760,37410,62350,35700,16800,18900,67650,31950,35700,92000,34800,57200,206000,56000,150000,18600,
13,30,509135,252535,99175,153360,68585,31175,37410,38400,21600,16800,81750,34800,46950,63800,11600,52200,238000,88000,150000,18600,
14,0,449085,283485,138275,145210,68585,31175,37410,33600,10500,23100,77700,50400,27300,103600,46200,57400,147000,72000,75000,18600,
14,1,565495,318695,144845,173850,105995,43645,62350,31500,12600,18900,71400,33600,37800,109800,55000,54800,222000,72000,150000,24800,
14,2,389425,254825,94975,159850,97825,31175,66650,37800,16800,21000,50400,21000,29400,68800,26000,42800,116000,56000,60000,18600,
14,3,481455,278855,109805,169050,81055,18705,62350,37800,8400,29400,58800,18900,39900,101200,63800,37400,184000,64000,120000,18600,
14,4,418670,246070,103925,142145,74820,31175,43645,31500,10500,21000,58950,27450,31500,80800,34800,46000,154000,64000,90000,18600,
14,5,531160,308160,132875,175285,99760,31175,68585,46200,18900,27300,58800,33600,25200,103400,49200,54200,192000,72000,120000,31000,
14,6,506655,288055,132680,155375,81055,49880,31175,29400,14700,14700,50400,18900,31500,127200,49200,78000,200000,80000,120000,18600,
14,7,504090,286490,109010,177480,87290,37410,49880,35700,21000,14700,74100,21600,52500,89400,29000,60400,199000,64000,135000,18600,
14,8,489355,324755,141310,183445,81055,37410,43645,35700,12600,23100,92400,48300,44100,115600,43000,72600,146000,56000,90000,18600,
14,9,388790,275390,117110,158280,87290,37410,49880,42000,14700,27300,60900,25200,35700,85200,39800,45400,101000,56000,45000,12400,
14,10,498975,281375,127260,154115,93525,37410,56115,35700,16800,18900,65550,38250,27300,86600,34800,51800,199000,64000,135000,18600,
14,11,392720,221120,81975,139145,74820,31175,43645,27300,8400,18900,52800,19200,33600,66200,23200,43000,153000,48000,105000,18600,
14,12,447990,277190,122740,154450,87290,24940,62350,35700,14700,21000,79800,39900,39900,74400,43200,31200,146000,56000,90000,24800,
14,13,492590,268790,109075,159715,87290,31175,56115,39900,18900,21000,55200,30000,25200,86400,29000,57400,199000,64000,135000,24800,
14,14,509855,287055,127445,159610,81055,43645,37410,37800,16800,21000,67200,29400,37800,101000,37600,63400,198000,48000,150000,24800,
14,15,564620,309820,144945,164875,74820,43645,31175,29400,10500,18900,78000,44400,33600,127600,46400,81200,230000,80000,150000,24800,
14,16,396230,217430,81755,135675,49880,18705,31175,31500,12600,18900,46650,21450,25200,89400,29000,60400,154000,64000,90000,24800,
14,17,511320,279520,131030,148490,74820,49880,24940,33600,10500,23100,78300,35850,42450,92800,34800,58000,207000,72000,135000,24800,
14,18,483235,273635,140510,133125,68585,37410,31175,44100,18900,25200,73950,37800,36150,87000,46400,40600,191000,56000,135000,18600,
14,19,553955,316155,145675,170480,81055,31175,49880,46200,21000,25200,73500,35700,37800,115400,57800,57600,213000,48000,165000,24800,
14,20,481795,311195,128245,182950,105995,43645,62350,39900,18900,21000,77700,31500,46200,87600,34200,53400,152000,32000,120000,18600,
14,21,403890,248090,115880,132210,87290,49880,37410,14700,6300,8400,60900,23100,37800,85200,36600,48600,131000,56000,75000,24800,
14,22,420085,256285,106110,150175,68585,37410,31175,37800,16800,21000,60900,23100,37800,89000,28800,60200,139000,64000,75000,24800,
14,23,546660,344860,161480,183380,99760,49880,49880,33600,10500,23100,81900,35700,46200,129600,65400,64200,177000,72000,105000,24800,
14,24,444305,249705,109725,139980,81055,31175,49880,33600,10500,23100,56850,27450,29400,78200,40600,37600,176000,56000,120000,18600,
14,25,440990,262190,138775,123415,87290,31175,56115,33600,18900,14700,69300,48300,21000,72000,40400,31600,154000,64000,90000,24800,
14,26,514490,326690,152210,174480,87290,37410,49880,31500,14700,16800,81900,39900,42000,126000,60200,65800,163000,88000,75000,24800,
14,27,488250,288450,135540,152910,62350,24940,37410,46200,23100,23100,73500,35700,37800,106400,51800,54600,175000,40000,135000,24800,
14,28,421495,265895,103280,162615,105995,49880,56115,39900,23100,16800,50400,10500,39900,69600,19800,49800,137000,32000,105000,18600,
14,29,483635,264035,119740,144295,68585,24940,43645,31500,12600,18900,76950,30000,46950,87000,52200,34800,201000,96000,105000,18600,
14,30,559295,309695,143580,166115,105995,49880,56115,21000,12600,8400,78300,40500,37800,104400,40600,63800,231000,96000,135000,18600,
15,0,447890,255090,89940,165150,87290,24940,62350,25200,12600,12600,65400,23400,42000,77200,29000,48200,168000,48000,120000,24800,
15,1,572415,308815,137055,171760,56115,18705,37410,27300,16800,10500,97800,49350,48450,127600,52200,75400,245000,80000,165000,18600,
15,2,506710,273910,106190,167720,99760,24940,74820,29400,12600,16800,63750,28050,35700,81000,40600,40400,208000,88000,120000,24800,
15,3,474325,287525,152445,135080,93525,43645,49880,44100,18900,25200,52500,35700,16800,97400,54200,43200,162000,72000,90000,24800,
15,4,492605,281205,120525,160680,81055,31175,49880,50400,23100,27300,66150,43050,23100,83600,23200,60400,199000,64000,135000,12400,
15,5,464755,234955,96540,138415,81055,24940,56115,23100,8400,14700,78600,34200,44400,52200,29000,23200,205000,40000,165000,24800,
15,6,539575,312975,147260,165715,93525,37410,56115,42000,23100,18900,76050,40350,35700,101400,46400,55000,208000,88000,120000,18600,
15,7,529415,288015,124740,163275,56115,24940,31175,31500,12600,18900,78600,40800,37800,121800,46400,75400,229000,64000,165000,12400,
15,8,506225,277225,137745,139480,93525,43645,49880,29400,6300,23100,56700,33600,23100,97600,54200,43400,198000,48000,150000,31000,
15,9,565700,334900,138845,196055,124700,43645,81055,31500,14700,16800,81900,31500,50400,96800,49000,47800,206000,56000,150000,24800,
15,10,568860,307860,130745,177115,99760,43645,56115,35700,14700,21000,73800,31800,42000,98600,40600,58000,230000,80000,150000,31000,
15,11,537555,290755,138345,152410,81055,43645,37410,33600,10500,23100,89100,55200,33900,87000,29000,58000,222000,72000,150000,24800,
15,12,537460,299460,142345,157115,99760,43645,56115,29400,12600,16800,77700,39900,37800,92600,46200,46400,207000,72000,135000,31000,
15,13,540875,293275,116625,176650,93525,31175,62350,29400,8400,21000,72150,36450,35700,98200,40600,57600,229000,64000,165000,18600,
15,14,548465,294665,141025,153640,56115,31175,24940,31500,23100,8400,91050,40350,50700,116000,46400,69600,229000,64000,165000,24800,
15,15,502560,323760,120575,203185,99760,31175,68585,27300,8400,18900,98700,46200,52500,98000,34800,63200,154000,64000,90000,24800,
15,16,533910,299510,121195,178315,99760,43645,56115,42000,18900,23100,59550,23850,35700,98200,34800,63400,222000,72000,150000,12400,
15,17,442425,277825,121540,156285,93525,24940,68585,35700,16800,18900,71400,33600,37800,77200,46200,31000,146000,56000,90000,18600,
15,18,490375,273575,117625,155950,93525,31175,62350,31500,14700,16800,58950,25350,33600,89600,46400,43200,192000,72000,120000,24800,
15,19,555685,293085,130240,162845,68585,24940,43645,27300,14700,12600,104400,55800,48600,92800,34800,58000,244000,64000,180000,18600,
15,20,436620,271820,136145,135675,74820,43645,31175,39900,16800,23100,65100,35700,29400,92000,40000,52000,140000,80000,60000,24800,
15,21,445090,304490,125310,179180,87290,37410,49880,35700,14700,21000,77700,33600,44100,103800,39600,64200,122000,32000,90000,18600,
15,22,496975,274975,114060,160915,93525,37410,56115,37800,18900,18900,80250,40350,39900,63400,17400,46000,191000,56000,135000,31000,
15,23,418690,264890,139645,125245,87290,43645,43645,37800,16800,21000,71400,33600,37800,68400,45600,22800,129000,24000,105000,24800,
15,24,531240,314440,116390,198050,87290,24940,62350,37800,14700,23100,82350,36150,46200,107000,40600,66400,192000,72000,120000,24800,
15,25,434815,265015,92535,172480,56115,6235,49880,37800,14700,23100,52500,25200,27300,118600,46400,72200,145000,40000,105000,24800,
15,26,521165,302565,138280,164285,118465,49880,68585,42000,16800,25200,60900,25200,35700,81200,46400,34800,200000,80000,120000,18600,
15,27,494360,300560,136610,163950,99760,37410,62350,48300,21000,27300,69300,37800,31500,83200,40400,42800,169000,64000,105000,24800,
15,28,478570,269770,100890,168880,74820,24940,49880,33600,10500,23100,63150,19050,44100,98200,46400,51800,184000,64000,120000,24800,
15,29,563810,345210,136395,208815,99760,43645,56115,48300,14700,33600,79950,31650,48300,117200,46400,70800,200000,80000,120000,18600,
15,30,435720,295920,130745,165175,82120,50945,31175,39900,14700,25200,73500,31500,42000,100400,33600,66800,115000,40000,75000,24800,
16,0,447955,276955,129910,147045,81055,37410,43645,37800,18900,18900,69300,33600,35700,88800,40000,48800,140000,80000,60000,31000,
16,1,452325,281325,146975,134350,93525,31175,62350,39900,16800,23100,56700,42000,14700,91200,57000,34200,140000,80000,60000,31000,
16,2,448690,270890,110140,160750,87290,24940,62350,33600,16800,16800,84000,33600,50400,66000,34800,31200,153000,48000,105000,24800,
16,3,469195,290595,134745,155850,105995,43645,62350,27300,16800,10500,77700,48300,29400,79600,26000,53600,160000,40000,120000,18600,
16,4,505595,302995,141210,161785,105995,37410,68585,35700,16800,18900,69300,37800,31500,92000,49200,42800,184000,64000,120000,18600,
16,5,498390,312590,116810,195780,87290,37410,49880,42000,14700,27300,86100,35700,50400,97200,29000,68200,161000,56000,105000,24800,
16,6,384385,258585,126245,132340,68585,43645,24940,35700,14700,21000,60900,31500,29400,93400,36400,57000,101000,56000,45000,24800,
16,7,534985,301385,126040,175345,68585,24940,43645,25200,12600,12600,63600,36300,27300,144000,52200,91800,215000,80000,135000,18600,
16,8,544060,311260,143180,168080,99760,49880,49880,35700,16800,18900,63000,27300,35700,112800,49200,63600,208000,88000,120000,24800,
16,9,538210,291410,135960,155450,99760,37410,62350,44100,14700,29400,72150,31650,40500,75400,52200,23200,222000,72000,150000,24800,
16,10,550725,302125,144875,157250,93525,31175,62350,42000,18900,23100,59400,42600,16800,107200,52200,55000,230000,80000,150000,18600,
16,11,438125,251525,114645,136880,93525,43645,49880,50400,25200,25200,61200,16800,44400,46400,29000,17400,168000,48000,120000,18600,
16,12,499825,311225,140945,170280,93525,43645,49880,25200,12600,12600,86100,35700,50400,106400,49000,57400,170000,80000,90000,18600,
16,13,345220,241420,110740,130680,82120,24940,57180,33600,12600,21000,60900,42000,18900,64800,31200,33600,79000,64000,15000,24800,
16,14,460025,286625,119575,167050,93525,31175,62350,35700,16800,18900,58800,25200,33600,98600,46400,52200,161000,56000,105000,12400,
16,15,481490,272690,112260,160430,87290,37410,49880,42000,14700,27300,73800,25350,48450,69600,34800,34800,184000,64000,120000,24800,
16,16,473955,241355,100540,140815,81055,24940,56115,23100,8400,14700,79200,32400,46800,58000,34800,23200,214000,64000,150000,18600,
16,17,511160,287360,137710,149650,99760,37410,62350,25200,12600,12600,67200,35700,31500,95200,52000,43200,199000,64000,135000,24800,
16,18,452840,266240,101820,164420,87290,12470,74820,29400,6300,23100,65550,42450,23100,84000,40600,43400,168000,48000,120000,18600,
16,19,406955,244155,115975,128180,81055,31175,49880,25200,12600,12600,52500,29400,23100,85400,42800,42600,138000,48000,90000,24800,
16,20,574315,326715,130030,196685,118465,49880,68585,31500,16800,14700,75750,16950,58800,101000,46400,54600,229000,64000,165000,18600,
16,21,456860,277260,122610,154650,99760,37410,62350,27300,12600,14700,58800,37800,21000,91400,34800,56600,161000,56000,105000,18600,
16,22,516340,270540,127045,143495,87290,43645,43645,37800,16800,21000,70050,31800,38250,75400,34800,40600,221000,56000,165000,24800,
16,23,487365,337565,141280,196285,118465,49880,68585,50400,21000,29400,77700,42000,35700,91000,28400,62600,125000,80000,45000,24800,
16,24,425525,247725,102005,145720,96525,18705,77820,25200,8400,16800,54600,31500,23100,71400,43400,28000,153000,48000,105000,24800,
16,25,453755,290955,152180,138775,81055,49880,31175,39900,16800,23100,63000,27300,35700,107000,58200,48800,138000,48000,90000,24800,
16,26,494130,313530,112045,201485,112230,43645,68585,42000,14700,27300,65100,18900,46200,94200,34800,59400,162000,72000,90000,18600,
16,27,504030,318230,130980,187250,112230,49880,62350,37800,16800,21000,79800,35700,44100,88400,28600,59800,161000,56000,105000,24800,
16,28,464090,264290,123810,140480,87290,37410,49880,50400,21000,29400,54600,33600,21000,72000,31800,40200,175000,40000,135000,24800,
16,29,573990,303390,133945,169445,87290,43645,43645,37800,14700,23100,68100,40800,27300,110200,34800,75400,252000,72000,180000,18600,
16,30,535865,325265,162050,163215,118465,62350,56115,29400,14700,14700,96600,50400,46200,80800,34600,46200,192000,72000,120000,18600,
17,0,584490,336690,149510,187180,87290,37410,49880,46200,16800,29400,75600,31500,44100,127600,63800,63800,223000,88000,135000,24800,
17,1,429190,304390,148210,156180,87290,37410,49880,39900,14700,25200,92400,44100,48300,84800,52000,32800,100000,40000,60000,24800,
17,2,514255,288655,109310,179345,81055,37410,43645,44100,12600,31500,50700,12900,37800,112800,46400,66400,207000,72000,135000,18600,
17,3,481455,278855,109805,169050,81055,18705,62350,37800,8400,29400,58800,18900,39900,101200,63800,37400,184000,64000,120000,18600,
17,4,490260,318660,155310,163350,99760,37410,62350,33600,21000,12600,90300,48300,42000,95000,48600,46400,153000,48000,105000,18600,
17,5,498390,297590,121475,176115,87290,31175,56115,31500,14700,16800,84000,29400,54600,94800,46200,48600,176000,56000,120000,24800,
17,6,317915,244315,100540,143775,77615,24940,52675,42000,18900,23100,56700,31500,25200,68000,25200,42800,55000,40000,15000,18600,
17,7,458135,286335,98990,187345,68585,24940,43645,33600,10500,23100,86550,40350,46200,97600,23200,74400,147000,72000,75000,24800,
17,8,475120,288320,128910,159410,74820,37410,37410,39900,14700,25200,84000,42000,42000,89600,34800,54800,162000,72000,90000,24800,
17,9,525480,299880,138925,160955,112230,31175,81055,27300,12600,14700,82350,48750,33600,78000,46400,31600,207000,72000,135000,18600,
17,10,480490,300890,123040,177850,87290,24940,62350,39900,16800,23100,84300,46500,37800,89400,34800,54600,161000,56000,105000,18600,
17,11,522095,297295,140180,157115,105995,49880,56115,52500,21000,31500,46200,23100,23100,92600,46200,46400,200000,80000,120000,24800,
17,12,477690,298090,138445,159645,87290,43645,43645,27300,12600,14700,86100,42000,44100,97400,40200,57200,161000,56000,105000,18600,
17,13,501795,292995,134180,158815,105995,49880,56115,18900,10500,8400,73500,42000,31500,94600,31800,62800,184000,64000,120000,24800,
17,14,490255,288455,111610,176845,81055,37410,43645,27300,8400,18900,73500,25200,48300,106600,40600,66000,177000,72000,105000,24800,
17,15,514020,274220,125305,148915,74820,18705,56115,31500,16800,14700,63900,49200,14700,104000,40600,63400,215000,80000,135000,24800,
17,16,446100,243300,92855,150445,62350,18705,43645,23100,8400,14700,59250,19350,39900,98600,46400,52200,178000,88000,90000,24800,
17,17,420520,256720,113545,143175,74820,43645,31175,27300,4200,23100,63000,31500,31500,91600,34200,57400,139000,64000,75000,24800,
17,18,464525,271725,132910,138815,93525,37410,56115,33600,12600,21000,58800,39900,18900,85800,43000,42800,168000,48000,120000,24800,
17,19,487965,286365,116020,170345,56115,12470,43645,39900,18900,21000,78150,38250,39900,112200,46400,65800,183000,48000,135000,18600,
17,20,548030,323430,149810,173620,112230,37410,74820,31500,18900,12600,65100,27300,37800,114600,66200,48400,206000,56000,150000,18600,
17,21,485890,298290,120710,177580,87290,37410,49880,37800,14700,23100,71400,25200,46200,101800,43400,58400,169000,64000,105000,18600,
17,22,466560,303760,127610,176150,99760,37410,62350,44100,21000,23100,56700,21000,35700,103200,48200,55000,138000,48000,90000,24800,
17,23,540410,300610,129655,170955,99760,18705,81055,29400,12600,16800,76050,40350,35700,95400,58000,37400,215000,80000,135000,24800,
17,24,351750,256150,114040,142110,106150,24940,81210,31500,10500,21000,65100,42000,23100,53400,36600,16800,77000,32000,45000,18600,
17,25,445850,281250,96605,184645,62350,18705,43645,37800,10500,27300,60900,21000,39900,120200,46400,73800,146000,56000,90000,18600,
17,26,505365,286765,132840,153925,56115,24940,31175,46200,25200,21000,74250,36300,37950,110200,46400,63800,200000,80000,120000,18600,
17,27,460760,260960,124075,136885,99760,31175,68585,44100,21000,23100,48300,31500,16800,68800,40400,28400,175000,40000,135000,24800,
17,28,488855,295055,127510,167545,81055,37410,43645,31500,16800,14700,65100,27300,37800,117400,46000,71400,169000,64000,105000,24800,
17,29,507790,306190,151340,154850,87290,24940,62350,31500,16800,14700,84000,46200,37800,103400,63400,40000,183000,48000,135000,18600,
17,30,476625,329025,120410,208615,110725,37410,73315,35700,10500,25200,71400,35700,35700,111200,36800,74400,129000,24000,105000,18600,
18,0,515345,306545,122325,184220,105995,31175,74820,37800,16800,21000,71550,33750,37800,91200,40600,50600,184000,64000,120000,24800,
18,1,487420,253820,128145,125675,74820,43645,31175,37800,10500,27300,77400,27600,49800,63800,46400,17400,215000,80000,135000,18600,
18,2,448315,238515,117625,120890,56115,31175,24940,39900,18900,21000,55500,21150,34350,87000,46400,40600,185000,80000,105000,24800,
18,3,398825,286225,110610,175615,93525,37410,56115,33600,10500,23100,73500,31500,42000,85600,31200,54400,94000,64000,30000,18600,
18,4,421555,271155,128975,142180,81055,31175,49880,39900,16800,23100,84000,37800,46200,66200,43200,23000,138000,48000,90000,12400,
18,5,560855,308055,153480,154575,81055,49880,31175,31500,8400,23100,80100,37800,42300,115400,57400,58000,228000,48000,180000,24800,
18,6,469085,274285,117910,156375,68585,37410,31175,33600,12600,21000,65100,27300,37800,107000,40600,66400,170000,80000,90000,24800,
18,7,387050,285250,111440,173810,94150,30940,63210,33600,14700,18900,81900,46200,35700,75600,19600,56000,77000,32000,45000,24800,
18,8,498500,297900,143345,154555,124700,43645,81055,37800,18900,18900,75600,37800,37800,59800,43000,16800,182000,32000,150000,18600,
18,9,511935,294335,141090,153245,68585,24940,43645,37800,16800,21000,78150,52950,25200,109800,46400,63400,199000,64000,135000,18600,
18,10,543530,304730,148145,156585,112230,43645,68585,37800,14700,23100,56700,37800,18900,98000,52000,46000,214000,64000,150000,24800,
18,11,415655,275855,106040,169815,89655,24940,64715,33600,16800,16800,84000,27300,56700,68600,37000,31600,115000,40000,75000,24800,
18,12,544605,305805,163110,142695,81055,37410,43645,35700,14700,21000,107850,58800,49050,81200,52200,29000,214000,64000,150000,24800,
18,13,457955,279355,118475,160880,81055,31175,49880,39900,12600,27300,58800,31500,27300,99600,43200,56400,160000,40000,120000,18600,
18,14,427495,270895,119845,151050,105995,43645,62350,29400,10500,18900,56700,39900,16800,78800,25800,53000,138000,48000,90000,18600,
18,15,496690,315290,134210,181080,87290,37410,49880,35700,10500,25200,98700,39900,58800,93600,46400,47200,169000,64000,105000,12400,
18,16,468275,265675,115960,149715,93525,37410,56115,31500,14700,16800,48450,23250,25200,92200,40600,51600,184000,64000,120000,18600,
18,17,468020,259220,93575,165645,74820,31175,43645,50550,23250,27300,52650,4350,48300,81200,34800,46400,184000,64000,120000,24800,
18,18,578835,307235,146190,161045,68585,24940,43645,29400,14700,14700,87450,42750,44700,121800,63800,58000,253000,88000,165000,18600,
18,19,439490,281890,117075,164815,87290,31175,56115,29400,12600,16800,71400,35700,35700,93800,37600,56200,139000,64000,75000,18600,
18,20,438720,275920,127610,148310,74820,37410,37410,42000,23100,18900,56700,27300,29400,102400,39800,62600,138000,48000,90000,24800,
18,21,450940,278340,117825,160515,87290,31175,56115,18900,10500,8400,94950,52950,42000,77200,23200,54000,154000,64000,90000,18600,
18,22,440235,253435,119375,134060,68585,31175,37410,35700,18900,16800,73950,23100,50850,75200,46200,29000,162000,72000,90000,24800,
18,23,523520,327920,148210,179710,74820,37410,37410,39900,18900,21000,79800,39900,39900,133400,52000,81400,177000,72000,105000,18600,
18,24,396750,308350,112375,195975,101050,31175,69875,39900,12600,27300,71400,29400,42000,96000,39200,56800,76000,16000,60000,12400,
18,25,500485,274885,114005,160880,68585,18705,49880,23100,18900,4200,85200,47400,37800,98000,29000,69000,207000,72000,135000,18600,
18,26,433385,269585,110575,159010,68585,31175,37410,44100,21000,23100,65100,21000,44100,91800,37400,54400,139000,64000,75000,24800,
18,27,492095,306295,124415,181880,105995,56115,49880,33600,14700,18900,86100,33600,52500,80600,20000,60600,161000,56000,105000,24800,
18,28,505975,274375,125960,148415,93525,37410,56115,42000,18900,23100,63450,23250,40200,75400,46400,29000,213000,48000,165000,18600,
18,29,411890,255290,113280,142010,87290,49880,37410,35700,12600,23100,60900,33600,27300,71400,17200,54200,138000,48000,90000,18600,
18,30,341685,246085,103475,142610,71585,34175,37410,37800,14700,23100,56700,29400,27300,80000,25200,54800,77000,32000,45000,18600,
19,0,542045,339445,147460,191985,105995,37410,68585,35700,16800,18900,96750,52650,44100,101000,40600,60400,184000,64000,120000,18600,
19,1,541570,309770,144425,165345,74820,31175,43645,35700,14700,21000,69450,46350,23100,129800,52200,77600,207000,72000,135000,24800,
19,2,532025,306425,156745,149680,93525,43645,49880,39900,16800,23100,54600,35700,18900,118400,60600,57800,207000,72000,135000,18600,
19,3,436305,250505,101455,149050,81055,18705,62350,33600,14700,18900,52650,27450,25200,83200,40600,42600,161000,56000,105000,24800,
19,4,476560,305760,127375,178385,99760,31175,68585,33600,14700,18900,92400,52500,39900,80000,29000,51000,146000,56000,90000,24800,
19,5,421540,234940,130215,104725,87290,56115,31175,25200,8400,16800,67650,39900,27750,54800,25800,29000,168000,48000,120000,18600,
19,6,454820,247020,119375,127645,74820,31175,43645,25200,6300,18900,54600,35700,18900,92400,46200,46200,183000,48000,135000,24800,
19,7,495035,285435,132390,153045,68585,24940,43645,27300,14700,12600,105750,63750,42000,83800,29000,54800,191000,56000,135000,18600,
19,8,445395,273795,145245,128550,105995,43645,62350,29400,18900,10500,58800,39900,18900,79600,42800,36800,153000,48000,105000,18600,
19,9,459190,265390,119810,145580,87290,37410,49880,23100,12600,10500,54600,29400,25200,100400,40400,60000,169000,64000,105000,24800,
19,10,518525,299925,119010,180915,93525,37410,56115,37800,16800,21000,76200,30000,46200,92400,34800,57600,200000,80000,120000,18600,
19,11,495930,288130,130745,157385,112230,43645,68585,27300,16800,10500,71400,35700,35700,77200,34600,42600,183000,48000,135000,24800,
19,12,379955,248155,88775,159380,85355,31175,54180,25200,14700,10500,54600,23100,31500,83000,19800,63200,107000,32000,75000,24800,
19,13,508730,314930,122345,192585,112230,43645,68585,27300,14700,12600,63000,29400,33600,112400,34600,77800,169000,64000,105000,24800,
19,14,560990,344190,134640,209550,87290,24940,62350,35700,21000,14700,94800,42300,52500,126400,46400,80000,192000,72000,120000,24800,
19,15,441105,270505,91090,179415,81055,24940,56115,29400,12600,16800,88650,36150,52500,71400,17400,54000,152000,32000,120000,18600,
19,16,397225,263625,112710,150915,119725,37410,82315,42000,16800,25200,48300,27300,21000,53600,31200,22400,115000,40000,75000,18600,
19,17,486030,276230,144180,132050,112230,49880,62350,31500,12600,18900,71700,44100,27600,60800,37600,23200,185000,80000,105000,24800,
19,18,420225,271625,104075,167550,93525,31175,62350,31500,10500,21000,54600,25200,29400,92000,37200,54800,130000,40000,90000,18600,
19,19,435225,288425,117410,171015,97825,37410,60415,39900,12600,27300,69300,33600,35700,81400,33800,47600,122000,32000,90000,24800,
19,20,477915,268115,132375,135740,56115,31175,24940,42000,16800,25200,57000,29400,27600,113000,55000,58000,185000,80000,105000,24800,
19,21,541960,325160,145580,179580,99760,49880,49880,42000,16800,25200,79800,44100,35700,103600,34800,68800,192000,72000,120000,24800,
19,22,525460,322860,152845,170015,99760,43645,56115,37800,16800,21000,81900,46200,35700,103400,46200,57200,184000,64000,120000,18600,
19,23,449985,301185,119210,181975,68585,37410,31175,44100,14700,29400,56700,18900,37800,131800,48200,83600,124000,64000,60000,24800,
19,24,521120,333520,137945,195575,74820,43645,31175,33600,12600,21000,86100,35700,50400,139000,46000,93000,169000,64000,105000,18600,
19,25,517160,286160,134475,151685,99760,31175,68585,27300,14700,12600,52500,33600,18900,106600,55000,51600,200000,80000,120000,31000,
19,26,422885,260085,115710,144375,68585,37410,31175,25200,12600,12600,69300,31500,37800,97000,34200,62800,138000,48000,90000,24800,
19,27,506885,299085,145105,153980,68585,18705,49880,25200,14700,10500,90300,48300,42000,115000,63400,51600,183000,48000,135000,24800,
19,28,488390,303590,142510,161080,87290,37410,49880,37800,18900,18900,86100,46200,39900,92400,40000,52400,160000,40000,120000,24800,
19,29,472185,284585,147310,137275,68585,37410,31175,31500,23100,8400,60900,37800,23100,123600,49000,74600,169000,64000,105000,18600,
19,30,508385,282785,130740,152045,68585,24940,43645,37800,18900,18900,72000,40500,31500,104400,46400,58000,207000,72000,135000,18600,
20,0,624310,338510,136125,202385,99760,31175,68585,39900,16800,23100,65850,30150,35700,133000,58000,75000,261000,96000,165000,24800,
20,1,500610,307810,103190,204620,99760,24940,74820,46200,14700,31500,76050,40350,35700,85800,23200,62600,168000,48000,120000,24800,
20,2,545815,299015,133860,165155,56115,37410,18705,42000,18900,23100,67500,25350,42150,133400,52200,81200,222000,72000,150000,24800,
20,3,459075,257475,103060,154415,93525,37410,56115,42000,14700,27300,69750,27750,42000,52200,23200,29000,183000,48000,135000,18600,
20,4,459525,287925,118210,169715,93525,37410,56115,25200,8400,16800,75600,29400,46200,93600,43000,50600,153000,48000,105000,18600,
20,5,472355,292755,107740,185015,81055,24940,56115,37800,10500,27300,48300,23100,25200,125600,49200,76400,161000,56000,105000,18600,
20,6,539755,277155,104820,172335,81055,12470,68585,33600,6300,27300,81300,45450,35850,81200,40600,40600,244000,64000,180000,18600,
20,7,569925,345125,129510,215615,93525,37410,56115,35700,12600,23100,77700,18900,58800,138200,60600,77600,200000,80000,120000,24800,
20,8,359685,248885,84405,164480,85785,18705,67080,35700,10500,25200,58800,21000,37800,68600,34200,34400,86000,56000,30000,24800,
20,9,360085,262685,98775,163910,68585,31175,37410,42000,14700,27300,48300,10500,37800,103800,42400,61400,85000,40000,45000,12400,
20,10,449675,262875,113625,149250,93525,31175,62350,31500,12600,18900,71850,46650,25200,66000,23200,42800,162000,72000,90000,24800,
20,11,483255,296455,134340,162115,81055,24940,56115,33600,14700,18900,75600,39900,35700,106200,54800,51400,162000,72000,90000,24800,
20,12,568590,325990,155460,170530,87290,37410,49880,39900,12600,27300,65400,35850,29550,133400,69600,63800,224000,104000,120000,18600,
20,13,554060,328460,144575,183885,99760,31175,68585,39900,21000,18900,90600,40200,50400,98200,52200,46000,207000,72000,135000,18600,
20,14,471495,294695,131980,162715,105995,49880,56115,33600,14700,18900,111300,58800,52500,43800,8600,35200,152000,32000,120000,24800,
20,15,362400,211800,92690,119110,62350,24940,37410,33600,10500,23100,46650,34050,12600,69200,23200,46000,132000,72000,60000,18600,
20,16,540025,315225,136675,178550,93525,31175,62350,44100,16800,27300,82200,42300,39900,95400,46400,49000,200000,80000,120000,24800,
20,17,520430,310630,145145,165485,112230,43645,68585,42000,14700,27300,50400,37800,12600,106000,49000,57000,185000,80000,105000,24800,
20,18,476885,305285,125570,179715,68585,12470,56115,37800,16800,21000,60900,44100,16800,138000,52200,85800,153000,48000,105000,18600,
20,19,392690,245890,106910,138980,87290,37410,49880,42000,14700,27300,63000,21000,42000,53600,33800,19800,122000,32000,90000,24800,
20,20,509175,291375,118860,172515,93525,37410,56115,33600,16800,16800,71850,29850,42000,92400,34800,57600,193000,88000,105000,24800,
20,21,510505,300705,135295,165410,81055,43645,37410,35700,16800,18900,79950,40050,39900,104000,34800,69200,185000,80000,105000,24800,
20,22,452490,294890,144810,150080,87290,37410,49880,42000,16800,25200,71400,42000,29400,94200,48600,45600,139000,64000,75000,18600,
20,23,337150,242350,99240,143110,98850,36940,61910,25200,10500,14700,65100,29400,35700,53200,22400,30800,70000,40000,30000,24800,
20,24,504535,286935,100385,186550,68585,6235,62350,37800,16800,21000,78750,36750,42000,101800,40600,61200,199000,64000,135000,18600,
20,25,564360,300760,137710,163050,99760,37410,62350,23100,16800,6300,76500,42900,33600,101400,40600,60800,245000,80000,165000,18600,
20,26,603410,316810,143445,173365,99760,43645,56115,29400,12600,16800,83250,40800,42450,104400,46400,58000,268000,88000,180000,18600,
20,27,423620,251020,141510,109510,74820,37410,37410,46200,14700,31500,37800,37800,0,92200,51600,40600,154000,64000,90000,18600,
20,28,520125,310525,136575,173950,93525,31175,62350,35700,14700,21000,77700,35700,42000,103600,55000,48600,191000,56000,135000,18600,
20,29,455930,292130,121945,170185,112230,43645,68585,33600,16800,16800,65100,35700,29400,81200,25800,55400,139000,64000,75000,24800,
20,30,465095,295295,166415,128880,118895,69015,49880,44100,21000,23100,69300,42000,27300,63000,34400,28600,145000,40000,105000,24800,
21,0,515345,306545,122325,184220,105995,31175,74820,37800,16800,21000,71550,33750,37800,91200,40600,50600,184000,64000,120000,24800,
21,1,487420,253820,128145,125675,74820,43645,31175,37800,10500,27300,77400,27600,49800,63800,46400,17400,215000,80000,135000,18600,
21,2,532025,306425,156745,149680,93525,43645,49880,39900,16800,23100,54600,35700,18900,118400,60600,57800,207000,72000,135000,18600,
21,3,559555,313755,161445,152310,81055,43645,37410,35700,23100,12600,84000,48300,35700,113000,46400,66600,221000,56000,165000,24800,
21,4,492770,283170,125225,157945,74820,31175,43645,42000,18900,23100,73950,40350,33600,92400,34800,57600,191000,56000,135000,18600,
21,5,490120,297320,126875,170445,74820,31175,43645,37800,14700,23100,65100,29400,35700,119600,51600,68000,168000,48000,120000,24800,
21,6,415525,252725,133910,118815,93525,37410,56115,39900,18900,21000,56700,37800,18900,62600,39800,22800,138000,48000,90000,24800,
21,7,509195,301195,142210,158985,105995,37410,68585,42000,16800,25200,75600,42000,33600,77600,46000,31600,177000,72000,105000,31000,
21,8,470330,290730,131615,159115,112230,56115,56115,46200,18900,27300,60900,25200,35700,71400,31400,40000,161000,56000,105000,18600,
21,9,381285,277685,126910,150775,72885,41710,31175,37800,14700,23100,63000,27300,35700,104000,43200,60800,85000,40000,45000,18600,
21,10,358420,240620,113540,127080,77820,24940,52880,37800,18900,18900,46200,27300,18900,78800,42400,36400,93000,48000,45000,24800,
21,11,515265,306465,145380,161085,118465,49880,68585,31500,12600,18900,81900,48300,33600,74600,34600,40000,184000,64000,120000,24800,
21,12,566025,295425,126340,169085,93525,24940,68585,31500,10500,21000,57600,38700,18900,112800,52200,60600,252000,72000,180000,18600,
21,13,571095,316295,136910,179385,105995,37410,68585,42000,16800,25200,52500,18900,33600,115800,63800,52000,230000,80000,150000,24800,
21,14,533330,325330,129610,195720,112230,37410,74820,33600,10500,23100,77700,35700,42000,101800,46000,55800,177000,72000,105000,31000,
21,15,496740,256140,128210,127930,87290,37410,49880,31500,14700,16800,79350,47100,32250,58000,29000,29000,222000,72000,150000,18600,
21,16,444395,244595,120480,124115,105995,49880,56115,33600,21000,12600,50400,29400,21000,54600,20200,34400,175000,40000,135000,24800,
21,17,461540,278940,125960,152980,87290,37410,49880,42000,18900,23100,48450,23250,25200,101200,46400,54800,164000,104000,60000,18600,
21,18,557210,331410,152395,179015,99760,43645,56115,48300,25200,23100,90750,48750,42000,92600,34800,57800,201000,96000,105000,24800,
21,19,492240,302640,135225,167415,87290,31175,56115,44100,23100,21000,76050,40350,35700,95200,40600,54600,171000,96000,75000,18600,
21,20,468790,280990,111675,169315,87290,31175,56115,31500,10500,21000,76200,46800,29400,86000,23200,62800,163000,88000,75000,24800,
21,21,449425,261825,94810,167015,93525,37410,56115,35700,8400,27300,54600,8400,46200,78000,40600,37400,169000,64000,105000,18600,
21,22,459660,265060,110210,154850,99760,37410,62350,29400,8400,21000,60900,21000,39900,75000,43400,31600,176000,56000,120000,18600,
21,23,541805,286205,155810,130395,81055,37410,43645,37800,18900,18900,91950,53100,38850,75400,46400,29000,237000,72000,165000,18600,
21,24,454875,267275,96760,170515,93525,37410,56115,37800,16800,21000,61350,19350,42000,74600,23200,51400,169000,64000,105000,18600,
21,25,367020,243220,114675,128545,86420,34175,52245,37800,18900,18900,54600,33600,21000,64400,28000,36400,99000,24000,75000,24800,
21,26,561670,324670,129855,194815,74820,18705,56115,39900,14700,25200,88350,44250,44100,121600,52200,69400,206000,56000,150000,31000,
21,27,508555,289955,134505,155450,81055,18705,62350,29400,12600,16800,78300,51000,27300,101200,52200,49000,200000,80000,120000,18600,
21,28,498315,273715,132910,140805,56115,37410,18705,48300,14700,33600,76500,40200,36300,92800,40600,52200,206000,56000,150000,18600,
21,29,506790,306190,122875,183315,87290,31175,56115,35700,14700,21000,71400,33600,37800,111800,43400,68400,182000,32000,150000,18600,
21,30,561260,299460,113945,185515,99760,43645,56115,23100,4200,18900,87000,42900,44100,89600,23200,66400,237000,72000,165000,24800,
22,0,444320,259520,131140,128380,74820,24940,49880,33600,21000,12600,81900,42000,39900,69200,43200,26000,160000,40000,120000,24800,
22,1,434460,284660,120545,164115,99760,43645,56115,37800,16800,21000,73500,39900,33600,73600,20200,53400,125000,80000,45000,24800,
22,2,479925,285125,141710,143415,93525,37410,56115,39900,23100,16800,56700,37800,18900,95000,43400,51600,170000,80000,90000,24800,
22,3,510895,300095,142545,157550,105995,43645,62350,16800,2100,14700,81900,42000,39900,95400,54800,40600,186000,96000,90000,24800,
22,4,563930,302130,141170,160960,49880,12470,37410,48300,25200,23100,93750,51300,42450,110200,52200,58000,237000,72000,165000,24800,
22,5,484355,276355,121645,154710,81055,43645,37410,29400,14700,14700,65100,23100,42000,100800,40200,60600,177000,72000,105000,31000,
22,6,473315,270715,102705,168010,56115,18705,37410,37800,12600,25200,61200,19200,42000,115600,52200,63400,184000,64000,120000,18600,
22,7,499590,297790,116510,181280,87290,37410,49880,33600,10500,23100,69300,25200,44100,107600,43400,64200,177000,72000,105000,24800,
22,8,513225,333625,156210,177415,93525,37410,56115,42000,16800,25200,94500,50400,44100,103600,51600,52000,161000,56000,105000,18600,
22,9,457885,278285,110005,168280,68585,18705,49880,37800,16800,21000,75900,33900,42000,96000,40600,55400,161000,56000,105000,18600,
22,10,437220,226620,89740,136880,74820,24940,49880,29400,12600,16800,55800,34800,21000,66600,17400,49200,192000,72000,120000,18600,
22,11,430925,298325,133545,164780,97825,43645,54180,44100,14700,29400,67200,33600,33600,89200,41600,47600,114000,24000,90000,18600,
22,12,498510,295910,98790,197120,99760,24940,74820,46200,14700,31500,76350,30150,46200,73600,29000,44600,184000,64000,120000,18600,
22,13,489590,286990,128345,158645,87290,43645,43645,23100,12600,10500,75600,31500,44100,101000,40600,60400,184000,64000,120000,18600,
22,14,433555,263755,125510,138245,81055,37410,43645,37800,16800,21000,56700,39900,16800,88200,31400,56800,145000,40000,105000,24800,
22,15,497090,297290,121445,175845,87290,43645,43645,31500,14700,16800,60900,23100,37800,117600,40000,77600,175000,40000,135000,24800,
22,16,498965,335365,123780,211585,131365,49880,81485,46200,21000,25200,63000,18900,44100,94800,34000,60800,145000,40000,105000,18600,
22,17,455990,292390,147145,145245,87290,43645,43645,37800,14700,23100,73500,46200,27300,93800,42600,51200,145000,40000,105000,18600,
22,18,433190,284590,129880,154710,87290,49880,37410,29400,16800,12600,60900,21000,39900,107000,42200,64800,130000,40000,90000,18600,
22,19,540330,344730,140680,204050,112230,49880,62350,39900,14700,25200,75600,35700,39900,117000,40400,76600,177000,72000,105000,18600,
22,20,470350,276750,120075,156675,62350,31175,31175,29400,14700,14700,67200,25200,42000,117800,49000,68800,175000,40000,135000,18600,
22,21,505465,340665,146380,194285,118465,49880,68585,44100,16800,27300,81900,39900,42000,96200,39800,56400,140000,80000,60000,24800,
22,22,390590,248990,109240,139750,93290,24940,68350,35700,18900,16800,54600,25200,29400,65400,40200,25200,123000,48000,75000,18600,
22,23,429920,266320,117310,149010,74820,37410,37410,33600,10500,23100,60900,29400,31500,97000,40000,57000,145000,40000,105000,18600,
22,24,509955,298355,132625,165730,81055,31175,49880,46200,14700,31500,78300,40350,37950,92800,46400,46400,193000,88000,105000,18600,
22,25,477955,283355,129375,153980,81055,31175,49880,37800,16800,21000,60900,29400,31500,103600,52000,51600,176000,56000,120000,18600,
22,26,479265,254665,136675,117990,56115,31175,24940,46200,21000,25200,76950,38100,38850,75400,46400,29000,206000,56000,150000,18600,
22,27,449440,246840,98790,148050,87290,24940,62350,21000,10500,10500,72150,34350,37800,66400,29000,37400,184000,64000,120000,18600,
22,28,519360,318560,145445,173115,99760,43645,56115,42000,14700,27300,92400,52500,39900,84400,34600,49800,176000,56000,120000,24800,
22,29,377625,243225,134080,109145,93525,49880,43645,23100,14700,8400,42000,27300,14700,84600,42200,42400,122000,32000,90000,12400,
22,30,516060,322260,156040,166220,99760,24940,74820,42000,21000,21000,86100,52500,33600,94400,57600,36800,169000,64000,105000,24800,
23,0,542890,301490,146545,154945,87290,43645,43645,31500,14700,16800,78300,36000,42300,104400,52200,52200,229000,64000,165000,12400,
23,1,491060,279460,128430,151030,99760,49880,49880,31500,12600,18900,61200,25350,35850,87000,40600,46400,193000,88000,105000,18600,
23,2,472790,309190,122740,186450,87290,24940,62350,29400,16800,12600,98700,46200,52500,93800,34800,59000,145000,40000,105000,18600,
23,3,465055,279255,136240,143015,81055,24940,56115,33600,18900,14700,84000,46200,37800,80600,46200,34400,161000,56000,105000,24800,
23,4,451485,257685,102040,155645,68585,24940,43645,25200,10500,14700,71700,31800,39900,92200,34800,57400,169000,64000,105000,24800,
23,5,378255,266455,123445,143010,81055,43645,37410,39900,16800,23100,86100,37800,48300,59400,25200,34200,87000,72000,15000,24800,
23,6,445175,236575,109245,127330,93525,43645,49880,27300,10500,16800,46350,14700,31650,69400,40400,29000,190000,40000,150000,18600,
23,7,554505,307705,126325,181380,81055,31175,49880,37800,16800,21000,76050,31950,44100,112800,46400,66400,222000,72000,150000,24800,
23,8,451525,271925,133110,138815,93525,37410,56115,31500,21000,10500,52500,39900,12600,94400,34800,59600,161000,56000,105000,18600,
23,9,413460,263860,124575,139285,99760,31175,68585,25200,14700,10500,90300,44100,46200,48600,34600,14000,131000,56000,75000,18600,
23,10,486960,301160,128975,172185,99760,31175,68585,27300,10500,16800,77700,44100,33600,96400,43200,53200,161000,56000,105000,24800,
23,11,457860,284460,124910,159550,99760,37410,62350,27300,16800,10500,63000,18900,44100,94400,51800,42600,161000,56000,105000,12400,
23,12,547740,293940,146245,147695,87290,43645,43645,33600,12600,21000,89250,29400,59850,83800,60600,23200,229000,64000,165000,24800,
23,13,516130,290530,108575,181955,112230,31175,81055,35700,14700,21000,68400,45300,23100,74200,17400,56800,207000,72000,135000,18600,
23,14,498920,296120,127475,168645,74820,31175,43645,37800,16800,21000,73500,27300,46200,110000,52200,57800,178000,88000,90000,24800,
23,15,444860,268060,92345,175715,99760,43645,56115,31500,8400,23100,58800,23100,35700,78000,17200,60800,152000,32000,120000,24800,
23,16,482450,258650,136740,121910,62350,24940,37410,42000,23100,18900,61500,42300,19200,92800,46400,46400,199000,64000,135000,24800,
23,17,459530,295730,144780,150950,112230,49880,62350,37800,14700,23100,77700,37800,39900,68000,42400,25600,139000,64000,75000,24800,
23,18,411855,263055,115275,147780,81055,31175,49880,31500,14700,16800,65100,29400,35700,85400,40000,45400,124000,64000,60000,24800,
23,19,540430,323830,140680,183150,112230,49880,62350,37800,14700,23100,50400,27300,23100,123400,48800,74600,198000,48000,150000,18600,
23,20,504425,303625,129610,174015,93525,37410,56115,39900,12600,27300,84000,33600,50400,86200,46000,40200,176000,56000,120000,24800,
23,21,525595,294795,130010,164785,105995,37410,68585,31500,16800,14700,56700,29400,27300,100600,46400,54200,206000,56000,150000,24800,
23,22,576905,316105,138275,177830,81055,31175,49880,35700,16800,18900,94950,38100,56850,104400,52200,52200,236000,56000,180000,24800,
23,23,468625,280225,136745,143480,93525,43645,49880,35700,16800,18900,67200,35700,31500,83800,40600,43200,176000,56000,120000,12400,
23,24,501095,293295,145710,147585,105995,37410,68585,39900,18900,21000,67200,46200,21000,80200,43200,37000,183000,48000,135000,24800,
23,25,534090,318290,142940,175350,87290,24940,62350,42000,21000,21000,88200,42000,46200,100800,55000,45800,191000,56000,135000,24800,
23,26,544530,347130,134510,212620,112230,37410,74820,42000,14700,27300,71700,36000,35700,121200,46400,74800,185000,80000,105000,12400,
23,27,515320,327720,167610,160110,74820,37410,37410,44100,16800,27300,105000,58800,46200,103800,54600,49200,169000,64000,105000,18600,
23,28,515400,290600,140010,150590,62350,37410,24940,35700,16800,18900,82350,33600,48750,110200,52200,58000,200000,80000,120000,24800,
23,29,449190,285390,126675,158715,87290,31175,56115,42000,14700,27300,69300,37800,31500,86800,43000,43800,139000,64000,75000,24800,
23,30,524630,308830,133045,175785,112230,43645,68585,35700,14700,21000,69300,31500,37800,91600,43200,48400,191000,56000,135000,24800,
24,0,550260,317460,111405,206055,99760,18705,81055,33600,12600,21000,65700,27900,37800,118400,52200,66200,208000,88000,120000,24800,
24,1,580735,341135,138545,202590,130935,43645,87290,25200,4200,21000,71400,35700,35700,113600,55000,58600,221000,56000,165000,18600,
24,2,537325,320525,137710,182815,93525,37410,56115,33600,6300,27300,92400,42000,50400,101000,52000,49000,192000,72000,120000,24800,
24,3,506995,305395,142410,162985,105995,37410,68585,39900,14700,25200,73500,44100,29400,86000,46200,39800,183000,48000,135000,18600,
24,4,495820,294820,119375,175445,74820,31175,43645,44100,18900,25200,77700,23100,54600,98200,46200,52000,170000,80000,90000,31000,
24,5,398685,252685,131110,121575,72885,41710,31175,46200,21000,25200,84000,42000,42000,49600,26400,23200,115000,40000,75000,31000,
24,6,394095,222495,95590,126905,43645,24940,18705,33600,10500,23100,52650,25350,27300,92600,34800,57800,153000,48000,105000,18600,
24,7,499655,289055,139045,150010,81055,43645,37410,37800,14700,23100,54600,23100,31500,115600,57600,58000,192000,72000,120000,18600,
24,8,623110,335510,149895,185615,99760,43645,56115,42000,16800,25200,66150,43050,23100,127600,46400,81200,269000,104000,165000,18600,
24,9,496690,264890,107560,157330,87290,37410,49880,31500,12600,18900,76500,34350,42150,69600,23200,46400,207000,72000,135000,24800,
24,10,476805,288405,130225,158180,81055,31175,49880,35700,16800,18900,73650,35850,37800,98000,46400,51600,176000,56000,120000,12400,
24,11,449050,272250,132245,140005,62350,43645,18705,37800,14700,23100,69300,31500,37800,102800,42400,60400,152000,32000,120000,24800,
24,12,447920,301120,118640,182480,74820,24940,49880,37800,16800,21000,86100,39900,46200,102400,37000,65400,122000,32000,90000,24800,
24,13,474630,274630,114880,159750,112230,49880,62350,23100,6300,16800,65100,27300,37800,74200,31400,42800,169000,64000,105000,31000,
24,14,532555,299155,135960,163195,81055,37410,43645,39900,18900,21000,91200,44850,46350,87000,34800,52200,221000,56000,165000,12400,
24,15,406525,280725,129045,151680,93525,43645,49880,39900,16800,23100,73500,37800,35700,73800,30800,43000,101000,56000,45000,24800,
24,16,501505,276905,107125,169780,81055,31175,49880,29400,4200,25200,82650,42750,39900,83800,29000,54800,206000,56000,150000,18600,
24,17,465570,286970,123325,163645,74820,31175,43645,42000,18900,23100,100950,44250,56700,69200,29000,40200,160000,40000,120000,18600,
24,18,448255,263455,141980,121475,81055,49880,31175,39900,16800,23100,48300,27300,21000,94200,48000,46200,160000,40000,120000,24800,
24,19,466100,263500,126460,137040,62350,37410,24940,27300,12600,14700,69450,35850,33600,104400,40600,63800,184000,64000,120000,18600,
24,20,504895,309295,149345,159950,105995,43645,62350,29400,21000,8400,81900,35700,46200,92000,49000,43000,177000,72000,105000,18600,
24,21,382020,226220,115275,110945,74820,31175,43645,33600,10500,23100,46200,33600,12600,71600,40000,31600,131000,56000,75000,24800,
24,22,519170,279570,103725,175845,74820,31175,43645,42000,18900,23100,61950,30450,31500,100800,23200,77600,221000,56000,165000,18600,
24,23,440185,269385,105070,164315,68585,12470,56115,35700,10500,25200,69300,27300,42000,95800,54800,41000,146000,56000,90000,24800,
24,24,393860,245260,110980,134280,99760,49880,49880,31500,16800,14700,54600,18900,35700,59400,25400,34000,130000,40000,90000,18600,
24,25,468260,283460,124575,158885,99760,31175,68585,35700,14700,21000,67200,35700,31500,80800,43000,37800,160000,40000,120000,24800,
24,26,520355,303555,126340,177215,81055,24940,56115,39900,12600,27300,58800,25200,33600,123800,63600,60200,192000,72000,120000,24800,
24,27,488660,300260,150310,149950,99760,37410,62350,33600,12600,21000,69300,39900,29400,97600,60400,37200,176000,56000,120000,12400,
24,28,510450,278650,137110,141540,62350,37410,24940,37800,21000,16800,74100,38100,36000,104400,40600,63800,207000,72000,135000,24800,
24,29,505335,289535,141710,147825,68585,37410,31175,35700,14700,21000,101250,46200,55050,84000,43400,40600,191000,56000,135000,24800,
24,30,554675,292875,145160,147715,93525,37410,56115,31500,16800,14700,63450,44550,18900,104400,46400,58000,237000,72000,165000,24800,
25,0,481830,303030,127480,175550,112230,49880,62350,35700,12600,23100,56700,33600,23100,98400,31400,67000,154000,64000,90000,24800,
25,1,464170,269570,134275,135295,74820,31175,43645,50400,18900,31500,63150,37800,25350,81200,46400,34800,176000,56000,120000,18600,
25,2,472930,296130,110545,185585,116530,43645,72885,33600,16800,16800,67200,27300,39900,78800,22800,56000,152000,32000,120000,24800,
25,3,472610,278810,115295,163515,99760,43645,56115,39900,16800,23100,67350,31650,35700,71800,23200,48600,169000,64000,105000,24800,
25,4,511525,285925,124440,161485,93525,24940,68585,44100,16800,27300,61500,36300,25200,86800,46400,40400,207000,72000,135000,18600,
25,5,485170,275570,123490,152080,74820,24940,49880,42000,14700,27300,63150,31650,31500,95600,52200,43400,191000,56000,135000,18600,
25,6,448655,299855,125945,173910,81055,43645,37410,35700,12600,23100,69300,27300,42000,113800,42400,71400,124000,64000,60000,24800,
25,7,565055,341255,139110,202145,81055,37410,43645,48300,21000,27300,86100,31500,54600,125800,49200,76600,199000,64000,135000,24800,
25,8,451135,255535,126025,129510,68585,31175,37410,35700,16800,18900,52650,31650,21000,98600,46400,52200,177000,72000,105000,18600,
25,9,574890,295290,126490,168800,87290,24940,62350,35700,14700,21000,96900,52050,44850,75400,34800,40600,261000,96000,165000,18600,
25,10,465355,287555,124575,162980,81055,31175,49880,29400,12600,16800,69300,37800,31500,107800,43000,64800,153000,48000,105000,24800,
25,11,443525,272725,130080,142645,93525,49880,43645,29400,12600,16800,58800,25200,33600,91000,42400,48600,146000,56000,90000,24800,
25,12,528150,310350,154275,156075,62350,31175,31175,42000,16800,25200,67200,39900,27300,138800,66400,72400,193000,88000,105000,24800,
25,13,456825,301025,130940,170085,102125,24940,77185,29400,10500,18900,86100,35700,50400,83400,59800,23600,131000,56000,75000,24800,
25,14,518565,324765,119545,205220,118465,43645,74820,33600,12600,21000,77700,31500,46200,95000,31800,63200,169000,64000,105000,24800,
25,15,510625,301225,147945,153280,93525,43645,49880,37800,14700,23100,60900,37800,23100,109000,51800,57200,197000,32000,165000,12400,
25,16,493285,249485,89440,160045,68585,24940,43645,35700,16800,18900,61800,30300,31500,83400,17400,66000,219000,24000,195000,24800,
25,17,484865,276065,120655,155410,56115,18705,37410,35700,16800,18900,80250,44550,35700,104000,40600,63400,184000,64000,120000,24800,
25,18,482275,286675,134425,152250,93525,31175,62350,33600,14700,18900,75750,42150,33600,83800,46400,37400,177000,72000,105000,18600,
25,19,447725,268925,127480,141445,93525,49880,43645,31500,14700,16800,44100,23100,21000,99800,39800,60000,154000,64000,90000,24800,
25,20,391060,263460,137845,125615,99760,43645,56115,35700,21000,14700,63000,33600,29400,65000,39600,25400,109000,64000,45000,18600,
25,21,475460,305660,121310,184350,99760,37410,62350,39900,18900,21000,84000,33600,50400,82000,31400,50600,145000,40000,105000,24800,
25,22,506220,319420,141775,177645,74820,31175,43645,42000,16800,25200,79800,42000,37800,122800,51800,71000,162000,72000,90000,24800,
25,23,459225,280625,152245,128380,93525,43645,49880,35700,16800,18900,54600,37800,16800,96800,54000,42800,160000,40000,120000,18600,
25,24,422750,281150,107140,174010,62350,24940,37410,35700,12600,23100,69300,29400,39900,113800,40200,73600,123000,48000,75000,18600,
25,25,444125,287525,128775,158750,93525,31175,62350,42000,14700,27300,75600,39900,35700,76400,43000,33400,138000,48000,90000,18600,
25,26,441225,293425,111575,181850,93525,31175,62350,37800,14700,23100,65100,23100,42000,97000,42600,54400,123000,48000,75000,24800,
25,27,536540,289740,118425,171315,87290,31175,56115,42000,16800,25200,85050,47250,37800,75400,23200,52200,222000,72000,150000,24800,
25,28,527015,295215,139860,155355,118465,37410,81055,27300,18900,8400,71850,48750,23100,77600,34800,42800,207000,72000,135000,24800,
25,29,535325,354725,149145,205580,93525,43645,49880,33600,10500,23100,92400,46200,46200,135200,48800,86400,162000,72000,90000,18600,
25,30,507525,302525,128575,173950,93525,31175,62350,31500,10500,21000,81900,44100,37800,95600,42800,52800,174000,24000,150000,31000,
26,0,450885,264085,121210,142875,68585,37410,31175,37800,18900,18900,56700,27300,29400,101000,37600,63400,162000,72000,90000,24800,
26,1,452325,281325,146975,134350,93525,31175,62350,39900,16800,23100,56700,42000,14700,91200,57000,34200,140000,80000,60000,31000,
26,2,584880,322280,148495,173785,112230,43645,68585,35700,10500,25200,93150,59550,33600,81200,34800,46400,244000,64000,180000,18600,
26,3,528465,334665,150780,183885,118465,49880,68585,37800,16800,21000,88200,52500,35700,90200,31600,58600,169000,64000,105000,24800,
26,4,409585,246785,118510,128275,68585,37410,31175,33600,18900,14700,67200,25200,42000,77400,37000,40400,138000,48000,90000,24800,
26,5,447655,291055,151580,139475,81055,49880,31175,33600,10500,23100,84000,42000,42000,92400,49200,43200,138000,48000,90000,18600,
26,6,448425,262625,116810,145815,93525,37410,56115,39900,18900,21000,54600,23100,31500,74600,37400,37200,161000,56000,105000,24800,
26,7,481285,286685,141010,145675,68585,37410,31175,39900,25200,14700,71400,29400,42000,106800,49000,57800,176000,56000,120000,18600,
26,8,542415,331015,148995,182020,118465,43645,74820,42000,14700,27300,92550,44250,48300,78000,46400,31600,199000,64000,135000,12400,
26,9,464405,261805,115155,146650,81055,18705,62350,31500,16800,14700,74250,44850,29400,75000,34800,40200,184000,64000,120000,18600,
26,10,481990,280990,144045,136945,87290,43645,43645,33600,14700,18900,65100,39900,25200,95000,45800,49200,170000,80000,90000,31000,
26,11,489140,273340,121960,151380,87290,37410,49880,31500,12600,18900,82350,48750,33600,72200,23200,49000,191000,56000,135000,24800,
26,12,526025,295225,127110,168115,93525,37410,56115,33600,16800,16800,92700,38100,54600,75400,34800,40600,206000,56000,150000,24800,
26,13,579240,299640,141995,157645,87290,43645,43645,29400,10500,18900,90150,47250,42900,92800,40600,52200,261000,96000,165000,18600,
26,14,597165,382365,148510,233855,118465,37410,81055,48300,14700,33600,96600,42000,54600,119000,54400,64600,190000,40000,150000,24800,
26,15,584590,336990,151675,185315,87290,31175,56115,39900,14700,25200,105600,59400,46200,104200,46400,57800,229000,64000,165000,18600,
26,16,420985,289185,137610,151575,68585,37410,31175,48300,21000,27300,102900,50400,52500,69400,28800,40600,107000,32000,75000,24800,
26,17,498125,289325,130945,158380,93525,43645,49880,42000,16800,25200,75600,35700,39900,78200,34800,43400,184000,64000,120000,24800,
26,18,501040,282640,127560,155080,87290,37410,49880,31500,12600,18900,56850,25350,31500,107000,52200,54800,206000,56000,150000,12400,
26,19,430620,258020,107475,150545,74820,31175,43645,27300,12600,14700,60900,23100,37800,95000,40600,54400,154000,64000,90000,18600,
26,20,562205,322405,149210,173195,81055,37410,43645,39900,16800,23100,97050,48600,48450,104400,46400,58000,215000,80000,135000,24800,
26,21,536895,303295,139945,163350,105995,43645,62350,25200,16800,8400,90900,44700,46200,81200,34800,46400,215000,80000,135000,18600,
26,22,526175,291575,137275,154300,93525,31175,62350,33600,16800,16800,65850,25500,40350,98600,63800,34800,216000,96000,120000,18600,
26,23,505020,305220,136410,168810,74820,37410,37410,33600,12600,21000,84000,37800,46200,112800,48600,64200,175000,40000,135000,24800,
26,24,531290,299490,138175,161315,87290,31175,56115,35700,14700,21000,69300,31500,37800,107200,60800,46400,207000,72000,135000,24800,
26,25,615365,329765,139530,190235,118465,49880,68585,46200,18900,27300,72300,30150,42150,92800,40600,52200,267000,72000,195000,18600,
26,26,468820,273220,148210,125010,74820,37410,37410,31500,12600,18900,97500,46200,51300,69400,52000,17400,177000,72000,105000,18600,
26,27,575140,305340,136260,169080,87290,37410,49880,37800,16800,21000,70050,29850,40200,110200,52200,58000,245000,80000,165000,24800,
26,28,502640,277040,126320,150720,87290,12470,74820,37800,16800,21000,59550,44850,14700,92400,52200,40200,207000,72000,135000,18600,
26,29,487720,286920,120775,166145,74820,31175,43645,33600,8400,25200,69300,29400,39900,109200,51800,57400,176000,56000,120000,24800,
26,30,508085,284285,122260,162025,68585,37410,31175,50400,18900,31500,78300,25350,52950,87000,40600,46400,199000,64000,135000,24800,
27,0,425665,217065,104655,112410,56115,18705,37410,21000,8400,12600,52950,25350,27600,87000,52200,34800,190000,40000,150000,18600,
27,1,412450,233650,90805,142845,62350,18705,43645,31500,12600,18900,76200,36300,39900,63600,23200,40400,154000,64000,90000,24800,
27,2,533175,293575,137845,155730,93525,43645,49880,42000,16800,25200,82650,25200,57450,75400,52200,23200,221000,56000,165000,18600,
27,3,444025,283025,95710,187315,93525,37410,56115,23100,6300,16800,67200,29400,37800,99200,22600,76600,130000,40000,90000,31000,
27,4,452020,281220,137875,143345,74820,31175,43645,42000,16800,25200,75600,44100,31500,88800,45800,43000,146000,56000,90000,24800,
27,5,445625,281825,123875,157950,93525,31175,62350,23100,12600,10500,71400,31500,39900,93800,48600,45200,139000,64000,75000,24800,
27,6,460250,226450,110540,115910,62350,24940,37410,25200,10500,14700,69300,34500,34800,69600,40600,29000,209000,104000,105000,24800,
27,7,458625,304625,137545,167080,93525,43645,49880,37800,21000,16800,86100,35700,50400,87200,37200,50000,123000,48000,75000,31000,
27,8,565345,308745,158280,150465,105995,49880,56115,31500,14700,16800,95850,53100,42750,75400,40600,34800,238000,88000,150000,18600,
27,9,428490,254890,107475,147415,87290,31175,56115,31500,12600,18900,61500,40500,21000,74600,23200,51400,155000,80000,75000,18600,
27,10,421055,267255,99040,168215,89655,24940,64715,33600,21000,12600,71400,27300,44100,72600,25800,46800,129000,24000,105000,24800,
27,11,419360,270560,101010,169550,99760,37410,62350,42000,21000,21000,58800,16800,42000,70000,25800,44200,124000,64000,60000,24800,
27,12,482495,294895,135845,159050,105995,43645,62350,23100,6300,16800,71400,39900,31500,94400,46000,48400,169000,64000,105000,18600,
27,13,448785,278985,134345,144640,68585,43645,24940,37800,21000,16800,67200,35700,31500,105400,34000,71400,145000,40000,105000,24800,
27,14,482955,297155,117775,179380,81055,31175,49880,37800,16800,21000,60900,29400,31500,117400,40400,77000,161000,56000,105000,24800,
27,15,452815,268015,115305,152710,56115,18705,37410,33600,16800,16800,69300,33600,35700,109000,46200,62800,160000,40000,120000,24800,
27,16,490025,294425,152845,141580,93525,43645,49880,29400,16800,12600,65100,37800,27300,106400,54600,51800,177000,72000,105000,18600,
27,17,521810,314010,124490,189520,99760,24940,74820,29400,14700,14700,69450,44250,25200,115400,40600,74800,183000,48000,135000,24800,
27,18,440385,276585,127110,149475,68585,37410,31175,35700,16800,18900,77700,27300,50400,94600,45600,49000,139000,64000,75000,24800,
27,19,493820,270020,122110,147910,74820,37410,37410,35700,14700,21000,78300,46800,31500,81200,23200,58000,199000,64000,135000,24800,
27,20,509970,285170,126825,158345,74820,31175,43645,29400,12600,16800,82350,42450,39900,98600,40600,58000,200000,80000,120000,24800,
27,21,470590,274990,110310,164680,87290,37410,49880,33600,14700,18900,59100,23400,35700,95000,34800,60200,177000,72000,105000,18600,
27,22,400620,232620,112775,119845,74820,31175,43645,29400,18900,10500,54600,23100,31500,73800,39600,34200,137000,32000,105000,31000,
27,23,458675,294075,110725,183350,93525,31175,62350,25200,8400,16800,79950,42150,37800,95400,29000,66400,146000,56000,90000,18600,
27,24,466625,307225,115010,192215,93525,37410,56115,39900,18900,21000,78000,29700,48300,95800,29000,66800,147000,72000,75000,12400,
27,25,435390,264590,110310,154280,87290,37410,49880,33600,12600,21000,69300,23100,46200,74400,37200,37200,146000,56000,90000,24800,
27,26,489840,274040,144245,129795,87290,43645,43645,25200,12600,12600,86550,42000,44550,75000,46000,29000,191000,56000,135000,24800,
27,27,408390,259790,120345,139445,87290,43645,43645,27300,10500,16800,54600,29400,25200,90600,36800,53800,130000,40000,90000,18600,
27,28,454770,246970,107690,139280,74820,24940,49880,23100,10500,12600,48450,31650,16800,100600,40600,60000,183000,48000,135000,24800,
27,29,404360,255760,112645,143115,99760,43645,56115,23100,12600,10500,65100,25200,39900,67800,31200,36600,130000,40000,90000,18600,
27,30,562370,304770,127790,176980,74820,24940,49880,44100,18900,25200,81450,43350,38100,104400,40600,63800,239000,104000,135000,18600,
28,0,554035,330235,138190,192045,68585,24940,43645,39900,16800,23100,92550,44250,48300,129200,52200,77000,199000,64000,135000,24800,
28,1,506145,295545,127260,168285,105995,37410,68585,14700,4200,10500,97050,50850,46200,77800,34800,43000,192000,72000,120000,18600,
28,2,509855,308055,156845,151210,81055,43645,37410,39900,10500,29400,86100,56700,29400,101000,46000,55000,177000,72000,105000,24800,
28,3,463825,263025,126110,136915,93525,37410,56115,23100,12600,10500,63000,35700,27300,83400,40400,43000,176000,56000,120000,24800,
28,4,459165,263565,116025,147540,56115,31175,24940,33600,10500,23100,86850,51150,35700,87000,23200,63800,177000,72000,105000,18600,
28,5,487620,301820,123810,178010,74820,37410,37410,39900,12600,27300,56700,16800,39900,130400,57000,73400,161000,56000,105000,24800,
28,6,422865,244265,123545,120720,56115,43645,12470,42000,16800,25200,73950,31500,42450,72200,31600,40600,160000,40000,120000,18600,
28,7,460190,287590,133640,153950,87290,24940,62350,39900,16800,23100,71400,39900,31500,89000,52000,37000,154000,64000,90000,18600,
28,8,460640,294040,122825,171215,87290,31175,56115,44100,18900,25200,99450,55350,44100,63200,17400,45800,148000,88000,60000,18600,
28,9,448190,267590,114140,153450,87290,24940,62350,42000,14700,27300,54900,33900,21000,83400,40600,42800,162000,72000,90000,18600,
28,10,591200,353400,150745,202655,124700,43645,81055,35700,10500,25200,88200,42000,46200,104800,54600,50200,213000,48000,165000,24800,
28,11,506810,284010,123625,160385,99760,31175,68585,31500,18900,12600,78150,44550,33600,74600,29000,45600,198000,48000,150000,24800,
28,12,497955,268155,130775,137380,81055,31175,49880,23100,14700,8400,63000,35700,27300,101000,49200,51800,205000,40000,165000,24800,
28,13,493095,267495,129505,137990,43645,18705,24940,27300,16800,10500,97950,53400,44550,98600,40600,58000,207000,72000,135000,18600,
28,14,533545,308945,134360,174585,105995,37410,68585,35700,14700,21000,69450,35850,33600,97800,46400,51400,206000,56000,150000,18600,
28,15,527580,308980,122995,185985,112230,43645,68585,37800,14700,23100,69750,29850,39900,89200,34800,54400,200000,80000,120000,18600,
28,16,569580,328980,148130,180850,112230,49880,62350,39900,14700,25200,76050,48750,27300,100800,34800,66000,222000,72000,150000,18600,
28,17,538195,327395,150945,176450,105995,43645,62350,37800,12600,25200,79800,39900,39900,103800,54800,49000,186000,96000,90000,24800,
28,18,531030,315230,124210,191020,112230,37410,74820,33600,10500,23100,71400,27300,44100,98000,49000,49000,191000,56000,135000,24800,
28,19,489550,271750,143245,128505,62350,43645,18705,23100,10500,12600,50700,23100,27600,135600,66000,69600,193000,88000,105000,24800,
28,20,472570,275970,116690,159280,74820,24940,49880,35700,12600,23100,61050,21150,39900,104400,58000,46400,178000,88000,90000,18600,
28,21,472460,300060,126810,173250,99760,37410,62350,18900,10500,8400,63000,27300,35700,118400,51600,66800,160000,40000,120000,12400,
28,22,467305,264705,125225,139480,81055,31175,49880,33600,23100,10500,63450,36150,27300,86600,34800,51800,184000,64000,120000,18600,
28,23,483840,295240,129425,165815,87290,31175,56115,37800,14700,23100,86550,48750,37800,83600,34800,48800,170000,80000,90000,18600,
28,24,548205,295405,131025,164380,81055,31175,49880,39900,14700,25200,76050,44550,31500,98400,40600,57800,228000,48000,180000,24800,
28,25,547965,319165,146050,173115,118465,62350,56115,31500,10500,21000,79800,42000,37800,89400,31200,58200,204000,24000,180000,24800,
28,26,481955,278355,106910,171445,81055,37410,43645,37800,12600,25200,78300,27900,50400,81200,29000,52200,185000,80000,105000,18600,
28,27,451790,250190,113275,136915,87290,31175,56115,29400,10500,18900,44100,25200,18900,89400,46400,43000,183000,48000,135000,18600,
28,28,491055,303455,112475,190980,81055,31175,49880,48300,21000,27300,80100,25500,54600,94000,34800,59200,169000,64000,105000,18600,
28,29,513995,302395,149480,152915,105995,49880,56115,44100,21000,23100,56700,29400,27300,95600,49200,46400,193000,88000,105000,18600,
28,30,535775,316375,150160,166215,93525,37410,56115,35700,14700,21000,71550,40050,31500,115600,58000,57600,207000,72000,135000,12400,
29,0,480970,279370,133260,146110,74820,37410,37410,23100,18900,4200,77850,42150,35700,103600,34800,68800,183000,48000,135000,18600,
29,1,461600,259800,122110,137690,62350,37410,24940,33600,14700,18900,56850,21000,35850,107000,49000,58000,177000,72000,105000,24800,
29,2,431985,247185,121075,126110,68585,31175,37410,35700,18900,16800,65100,42000,23100,77800,29000,48800,160000,40000,120000,24800,
29,3,428590,296790,106210,190580,107490,40410,67080,23100,10500,12600,71400,27300,44100,94800,28000,66800,107000,32000,75000,24800,
29,4,456560,278760,136645,142115,99760,43645,56115,33600,14700,18900,71400,35700,35700,74000,42600,31400,153000,48000,105000,24800,
29,5,457450,261850,99005,162845,62350,18705,43645,29400,16800,12600,80700,34500,46200,89400,29000,60400,177000,72000,105000,18600,
29,6,416430,280830,98145,182685,112230,43645,68585,35700,14700,21000,56700,16800,39900,76200,23000,53200,117000,72000,45000,18600,
29,7,495930,295130,126280,168850,112230,49880,62350,33600,16800,16800,69300,33600,35700,80000,26000,54000,176000,56000,120000,24800,
29,8,544060,311260,143180,168080,99760,49880,49880,35700,16800,18900,63000,27300,35700,112800,49200,63600,208000,88000,120000,24800,
29,9,501660,286060,136110,149950,99760,37410,62350,21000,12600,8400,81900,39900,42000,83400,46200,37200,197000,32000,165000,18600,
29,10,503590,303790,116010,187780,87290,37410,49880,46200,18900,27300,92700,42300,50400,77600,17400,60200,175000,40000,135000,24800,
29,11,511195,317595,148510,169085,105995,37410,68585,39900,18900,21000,86100,37800,48300,85600,54400,31200,175000,40000,135000,18600,
29,12,508320,350720,164975,185745,74820,31175,43645,33600,16800,16800,111300,54600,56700,131000,62400,68600,139000,64000,75000,18600,
29,13,549925,311125,140445,170680,93525,43645,49880,33600,18900,14700,71400,31500,39900,112600,46400,66200,214000,64000,150000,24800,
29,14,525790,285190,131110,154080,87290,37410,49880,37800,16800,21000,61500,36300,25200,98600,40600,58000,222000,72000,150000,18600,
29,15,501745,291945,119290,172655,105995,24940,81055,29400,6300,23100,67350,35850,31500,89200,52200,37000,185000,80000,105000,24800,
29,16,404320,260920,138245,122675,74820,43645,31175,29400,12600,16800,73500,50400,23100,83200,31600,51600,131000,56000,75000,12400,
29,17,529460,304860,123710,181150,99760,37410,62350,31500,16800,14700,93000,40500,52500,80600,29000,51600,206000,56000,150000,18600,
29,18,587615,353215,136330,216885,118465,49880,68585,37800,14700,23100,97350,42750,54600,99600,29000,70600,222000,72000,150000,12400,
29,19,408020,254220,99210,155010,74820,37410,37410,25200,6300,18900,79800,35700,44100,74400,19800,54600,129000,24000,105000,24800,
29,20,506130,306330,118380,187950,112230,49880,62350,37800,12600,25200,73500,27300,46200,82800,28600,54200,175000,40000,135000,24800,
29,21,412085,234285,77470,156815,68585,12470,56115,29400,8400,21000,84900,45000,39900,51400,11600,39800,153000,48000,105000,24800,
29,22,468290,260490,131710,128780,87290,37410,49880,29400,16800,12600,46200,31500,14700,97600,46000,51600,183000,48000,135000,24800,
29,23,539985,300385,145010,155375,68585,37410,31175,35700,14700,21000,80100,46500,33600,116000,46400,69600,221000,56000,165000,18600,
29,24,532425,324625,163910,160715,93525,37410,56115,48300,23100,25200,79800,54600,25200,103000,48800,54200,183000,48000,135000,24800,
29,25,446390,296790,122475,174315,87290,31175,56115,31500,10500,21000,71400,37800,33600,106600,43000,63600,131000,56000,75000,18600,
29,26,559230,327430,128110,199320,112230,37410,74820,33600,12600,21000,67200,23100,44100,114400,55000,59400,207000,72000,135000,24800,
29,27,426865,291265,130780,160485,127065,49880,77185,18900,10500,8400,86100,50400,35700,59200,20000,39200,117000,72000,45000,18600,
29,28,532760,300960,135445,165515,99760,43645,56115,29400,14700,14700,73800,42300,31500,98000,34800,63200,207000,72000,135000,24800,
29,29,475690,294290,114610,179680,87290,37410,49880,29400,12600,16800,67200,12600,54600,110400,52000,58400,169000,64000,105000,12400,
29,30,491595,296995,130945,166050,105995,43645,62350,39900,18900,21000,73500,33600,39900,77600,34800,42800,176000,56000,120000,18600,
30,0,471525,286725,142510,144215,93525,37410,56115,27300,10500,16800,86100,46200,39900,79800,48400,31400,160000,40000,120000,24800,
30,1,446720,275120,127310,147810,74820,37410,37410,29400,16800,12600,73500,35700,37800,97400,37400,60000,153000,48000,105000,18600,
30,2,567840,342240,112555,229685,87290,18705,68585,46200,14700,31500,106350,55950,50400,102400,23200,79200,207000,72000,135000,18600,
30,3,392590,272190,130845,141345,87290,43645,43645,29400,14700,14700,73500,35700,37800,82000,36800,45200,108000,48000,60000,12400,
30,4,528660,327860,132240,195620,99760,24940,74820,48300,21000,27300,71400,39900,31500,108400,46400,62000,176000,56000,120000,24800,
30,5,440770,246970,122610,124360,74820,37410,37410,31500,12600,18900,56850,29400,27450,83800,43200,40600,169000,64000,105000,24800,
30,6,434085,278285,122805,155480,68585,18705,49880,29400,16800,12600,94500,44100,50400,85800,43200,42600,131000,56000,75000,24800,
30,7,471995,285395,120510,164885,105995,37410,68585,35700,16800,18900,77700,31500,46200,66000,34800,31200,168000,48000,120000,18600,
30,8,487400,270600,111830,158770,62350,49880,12470,33600,14700,18900,67650,29850,37800,107000,17400,89600,192000,72000,120000,24800,
30,9,442655,270855,141575,129280,81055,31175,49880,27300,12600,14700,73500,46200,27300,89000,51600,37400,147000,72000,75000,24800,
30,10,435390,265590,128310,137280,87290,37410,49880,31500,16800,14700,58800,31500,27300,88000,42600,45400,145000,40000,105000,24800,
30,11,456390,278590,135075,143515,87290,31175,56115,37800,14700,23100,81900,46200,35700,71600,43000,28600,153000,48000,105000,24800,
30,12,437090,272490,130810,141680,87290,37410,49880,25200,10500,14700,71400,39900,31500,88600,43000,45600,146000,56000,90000,18600,
30,13,490370,258570,109590,148980,74820,24940,49880,37800,12600,25200,36150,25650,10500,109800,46400,63400,207000,72000,135000,24800,
30,14,568630,351830,146280,205550,112230,49880,62350,42000,14700,27300,100800,44100,56700,96800,37600,59200,192000,72000,120000,24800,
30,15,488960,324360,165180,159180,99760,49880,49880,44100,21000,23100,73500,35700,37800,107000,58600,48400,146000,56000,90000,18600,
30,16,495590,271790,131845,139945,87290,43645,43645,33600,12600,21000,44100,29400,14700,106800,46200,60600,199000,64000,135000,24800,
30,17,374490,233690,90310,143380,87290,37410,49880,23100,10500,12600,69300,25200,44100,54000,17200,36800,116000,56000,60000,24800,
30,18,432195,284395,129245,155150,110295,43645,66650,35700,12600,23100,63000,33600,29400,75400,39400,36000,123000,48000,75000,24800,
30,19,467860,304060,132010,172050,99760,37410,62350,29400,16800,12600,86100,46200,39900,88800,31600,57200,139000,64000,75000,24800,
30,20,406125,273525,126245,147280,106425,43645,62780,25200,8400,16800,73500,46200,27300,68400,28000,40400,114000,24000,90000,18600,
30,21,400425,264825,135245,129580,93525,43645,49880,37800,21000,16800,65100,42000,23100,68400,28600,39800,117000,72000,45000,18600,
30,22,447755,275155,123910,151245,81055,37410,43645,37800,14700,23100,84300,48600,35700,72000,23200,48800,154000,64000,90000,18600,
30,23,374185,231585,96575,135010,68585,31175,37410,23100,12600,10500,48300,12600,35700,91600,40200,51400,124000,64000,60000,18600,
30,24,440465,246865,113990,132875,56115,24940,31175,35700,16800,18900,56850,31650,25200,98200,40600,57600,175000,40000,135000,18600,
30,25,475260,296460,127140,169320,99760,24940,74820,44100,16800,27300,71400,33600,37800,81200,51800,29400,154000,64000,90000,24800,
30,26,497755,318955,125740,193215,81055,24940,56115,50400,21000,29400,69300,33600,35700,118200,46200,72000,154000,64000,90000,24800,
30,27,461560,305960,107310,198650,104060,37410,66650,35700,12600,23100,67200,31500,35700,99000,25800,73200,137000,32000,105000,18600,
30,28,518960,310360,138210,172150,99760,37410,62350,44100,16800,27300,73500,37800,35700,93000,46200,46800,190000,40000,150000,18600,
30,29,519125,302325,141645,160680,93525,43645,49880,46200,18900,27300,67200,35700,31500,95400,43400,52000,192000,72000,120000,24800,
30,30,514795,292795,130045,162750,105995,43645,62350,33600,16800,16800,75600,37800,37800,77600,31800,45800,191000,56000,135000,31000,
31,0,542890,301490,146545,154945,87290,43645,43645,31500,14700,16800,78300,36000,42300,104400,52200,52200,229000,64000,165000,12400,
31,1,491060,279460,128430,151030,99760,49880,49880,31500,12600,18900,61200,25350,35850,87000,40600,46400,193000,88000,105000,18600,
31,2,538365,320565,158645,161920,118465,43645,74820,16800,12600,4200,73500,33600,39900,111800,68800,43000,193000,88000,105000,24800,
31,3,464555,301955,132510,169445,81055,37410,43645,42000,18900,23100,86100,33600,52500,92800,42600,50200,144000,24000,120000,18600,
31,4,516560,298760,125375,173385,99760,31175,68585,21000,8400,12600,88800,51000,37800,89200,34800,54400,193000,88000,105000,24800,
31,5,521335,298735,122755,175980,68585,18705,49880,46200,18900,27300,78150,44550,33600,105800,40600,65200,204000,24000,180000,18600,
31,6,380390,251790,116610,135180,87290,37410,49880,37800,12600,25200,52500,37800,14700,74200,28800,45400,110000,80000,30000,18600,
31,7,443920,240520,91770,148750,74820,12470,62350,33600,10500,23100,42900,28200,14700,89200,40600,48600,191000,56000,135000,12400,
31,8,453855,253055,104145,148910,81055,43645,37410,44100,23100,21000,44100,8400,35700,83800,29000,54800,176000,56000,120000,24800,
31,9,437835,243235,120540,122695,68585,24940,43645,35700,16800,18900,46350,21000,25350,92600,57800,34800,176000,56000,120000,18600,
31,10,529130,325530,141145,184385,112230,43645,68585,31500,14700,16800,75600,33600,42000,106200,49200,57000,185000,80000,105000,18600,
31,11,376455,234855,103810,131045,81055,37410,43645,33600,16800,16800,54600,21000,33600,65600,28600,37000,123000,48000,75000,18600,
31,12,537515,334915,117625,217290,118465,31175,87290,25200,10500,14700,77850,29550,48300,113400,46400,67000,184000,64000,120000,18600,
31,13,457620,264820,113405,151415,74820,18705,56115,33600,18900,14700,50400,21000,29400,106000,54800,51200,168000,48000,120000,24800,
31,14,566805,333205,149725,183480,81055,31175,49880,42000,21000,21000,79950,33750,46200,130200,63800,66400,215000,80000,135000,18600,
31,15,486660,284860,136545,148315,99760,43645,56115,25200,12600,12600,48300,31500,16800,111600,48800,62800,177000,72000,105000,24800,
31,16,550565,319765,131580,188185,118465,49880,68585,33600,14700,18900,65100,29400,35700,102600,37600,65000,206000,56000,150000,24800,
31,17,522590,283790,111540,172250,87290,24940,62350,29400,14700,14700,80700,42900,37800,86400,29000,57400,214000,64000,150000,24800,
31,18,489325,279725,127910,151815,93525,37410,56115,31500,16800,14700,65100,27300,37800,89600,46400,43200,191000,56000,135000,18600,
31,19,551940,298140,126540,171600,87290,24940,62350,46200,16800,29400,89250,38400,50850,75400,46400,29000,229000,64000,165000,24800,
31,20,512700,318100,139120,178980,62350,12470,49880,46200,18900,27300,115950,61350,54600,93600,46400,47200,176000,56000,120000,18600,
31,21,549975,325375,138560,186815,93525,37410,56115,37800,16800,21000,77850,37950,39900,116200,46400,69800,206000,56000,150000,18600,
31,22,608990,308190,162495,145695,87290,43645,43645,39900,16800,23100,88200,38250,49950,92800,63800,29000,276000,96000,180000,24800,
31,23,538495,327895,144645,183250,105995,43645,62350,37800,16800,21000,77700,37800,39900,106400,46400,60000,192000,72000,120000,18600,
31,24,471625,292825,118740,174085,93525,24940,68585,31500,8400,23100,75600,42000,33600,92200,43400,48800,154000,64000,90000,24800,
31,25,527800,348000,153580,194420,124700,49880,74820,33600,14700,18900,77700,37800,39900,112000,51200,60800,155000,80000,75000,24800,
31,26,469385,288785,118175,170610,68585,31175,37410,44100,18900,25200,60900,18900,42000,115200,49200,66000,162000,72000,90000,18600,
31,27,497925,291125,118210,172915,93525,37410,56115,29400,10500,18900,75600,27300,48300,92600,43000,49600,182000,32000,150000,24800,
31,28,490750,303950,104360,199590,129000,37410,91590,23100,6300,16800,65250,31650,33600,86600,29000,57600,162000,72000,90000,24800,
31,29,491560,282760,122110,160650,99760,37410,62350,46200,16800,29400,58800,27300,31500,78000,40600,37400,184000,64000,120000,24800,
31,30,497260,310660,138880,171780,99760,49880,49880,35700,4200,31500,88200,42000,46200,87000,42800,44200,168000,48000,120000,18600,
32,0,544025,328025,159910,168115,93525,37410,56115,35700,21000,14700,84000,44100,39900,114800,57400,57400,185000,80000,105000,31000,
32,1,452925,318325,119475,198850,97825,31175,66650,35700,8400,27300,92400,48300,44100,92400,31600,60800,116000,56000,60000,18600,
32,2,470435,276635,140110,136525,68585,37410,31175,23100,10500,12600,92550,46200,46350,92400,46000,46400,169000,64000,105000,24800,
32,3,518140,309340,126955,182385,87290,18705,68585,37800,18900,18900,84450,48750,35700,99800,40600,59200,184000,64000,120000,24800,
32,4,496550,271950,108205,163745,62350,18705,43645,35700,16800,18900,87300,49500,37800,86600,23200,63400,206000,56000,150000,18600,
32,5,542760,317160,143340,173820,99760,24940,74820,37800,16800,21000,84600,55200,29400,95000,46400,48600,207000,72000,135000,18600,
32,6,452360,266560,131680,134880,99760,49880,49880,33600,12600,21000,50400,29400,21000,82800,39800,43000,161000,56000,105000,24800,
32,7,420860,259060,123645,135415,99760,43645,56115,29400,10500,18900,48300,27300,21000,81600,42200,39400,137000,32000,105000,24800,
32,8,570760,369160,132175,236985,99760,31175,68585,42000,14700,27300,92400,39900,52500,135000,46400,88600,183000,48000,135000,18600,
32,9,524750,301950,116670,185280,62350,12470,49880,42000,18900,23100,88800,44700,44100,108800,40600,68200,198000,48000,150000,24800,
32,10,477050,283250,133640,149610,62350,24940,37410,39900,21000,18900,63000,27300,35700,118000,60400,57600,169000,64000,105000,24800,
32,11,364025,229425,113345,116080,93525,43645,49880,27300,16800,10500,46200,18900,27300,62400,34000,28400,116000,56000,60000,18600,
32,12,505560,305760,153910,151850,99760,37410,62350,39900,18900,21000,77700,54600,23100,88400,43000,45400,175000,40000,135000,24800,
32,13,553225,299425,116910,182515,93525,37410,56115,35700,14700,21000,72000,30000,42000,98200,34800,63400,229000,64000,165000,24800,
32,14,534170,294570,146945,147625,74820,43645,31175,37800,18900,18900,63150,29400,33750,118800,55000,63800,221000,56000,165000,18600,
32,15,460090,302490,130810,171680,87290,37410,49880,29400,10500,18900,75600,39900,35700,110200,43000,67200,139000,64000,75000,18600,
32,16,507475,303875,140660,163215,93525,37410,56115,44100,18900,25200,73650,37950,35700,92600,46400,46200,185000,80000,105000,18600,
32,17,477920,285120,131510,153610,74820,37410,37410,50400,18900,31500,73500,29400,44100,86400,45800,40600,168000,48000,120000,24800,
32,18,467160,294560,128040,166520,99760,24940,74820,31500,14700,16800,65100,33600,31500,98200,54800,43400,154000,64000,90000,18600,
32,19,509495,300695,131645,169050,105995,43645,62350,23100,6300,16800,79800,44100,35700,91800,37600,54200,184000,64000,120000,24800,
32,20,463555,276155,126310,149845,81055,37410,43645,23100,10500,12600,79800,37800,42000,92200,40600,51600,175000,40000,135000,12400,
32,21,449230,321630,129180,192450,112230,49880,62350,39900,14700,25200,77700,33600,44100,91800,31000,60800,109000,64000,45000,18600,
32,22,391655,258855,105075,153780,81055,31175,49880,35700,21000,14700,65100,27300,37800,77000,25600,51400,108000,48000,60000,24800,
32,23,454270,251670,120155,131515,74820,18705,56115,33600,10500,23100,59250,44550,14700,84000,46400,37600,184000,64000,120000,18600,
32,24,478155,306555,122675,183880,81055,31175,49880,37800,14700,23100,86100,42000,44100,101600,34800,66800,153000,48000,105000,18600,
32,25,454995,268395,119855,148540,43645,18705,24940,33600,14700,18900,75750,40050,35700,115400,46400,69000,168000,48000,120000,18600,
32,26,504600,287000,126680,160320,124700,49880,74820,18900,8400,10500,88800,51000,37800,54600,17400,37200,199000,64000,135000,18600,
32,27,493620,292020,139610,152410,74820,37410,37410,35700,10500,25200,77700,39900,37800,103800,51800,52000,183000,48000,135000,18600,
32,28,459625,295825,136645,159180,93525,43645,49880,42000,18900,23100,86100,48300,37800,74200,25800,48400,139000,64000,75000,24800,
32,29,432535,223735,96905,126830,68585,18705,49880,25200,10500,14700,48750,21300,27450,81200,46400,34800,184000,64000,120000,24800,
32,30,542910,325310,129360,195950,99760,37410,62350,44100,14700,29400,88650,42450,46200,92800,34800,58000,199000,64000,135000,18600,
33,0,624310,338510,136125,202385,99760,31175,68585,39900,16800,23100,65850,30150,35700,133000,58000,75000,261000,96000,165000,24800,
33,1,522990,283390,125310,158080,87290,37410,49880,33600,14700,18900,69900,38400,31500,92600,34800,57800,221000,56000,165000,18600,
33,2,550290,342490,174945,167545,87290,43645,43645,42000,18900,23100,100800,54600,46200,112400,57800,54600,183000,48000,135000,24800,
33,3,472610,278810,115295,163515,99760,43645,56115,39900,16800,23100,67350,31650,35700,71800,23200,48600,169000,64000,105000,24800,
33,4,511525,285925,124440,161485,93525,24940,68585,44100,16800,27300,61500,36300,25200,86800,46400,40400,207000,72000,135000,18600,
33,5,485170,275570,123490,152080,74820,24940,49880,42000,14700,27300,63150,31650,31500,95600,52200,43400,191000,56000,135000,18600,
33,6,457765,255165,138625,116540,56115,31175,24940,23100,10500,12600,88950,50550,38400,87000,46400,40600,184000,64000,120000,18600,
33,7,575960,351360,140875,210485,99760,31175,68585,33600,14700,18900,99000,48600,50400,119000,46400,72600,206000,56000,150000,18600,
33,8,447255,299455,121205,178250,89655,18705,70950,39900,14700,25200,86100,50400,35700,83800,37400,46400,123000,48000,75000,24800,
33,9,507075,320475,113990,206485,93525,24940,68585,37800,16800,21000,84150,31650,52500,105000,40600,64400,168000,48000,120000,18600,
33,10,520260,296460,134645,161815,99760,43645,56115,44100,16800,27300,71400,33600,37800,81200,40600,40600,199000,64000,135000,24800,
33,11,445695,290895,149445,141450,105995,43645,62350,31500,21000,10500,75600,37800,37800,77800,47000,30800,130000,40000,90000,24800,
33,12,490505,287905,132325,155580,81055,31175,49880,35700,16800,18900,67350,37950,29400,103800,46400,57400,184000,64000,120000,18600,
33,13,575560,337760,153545,184215,99760,43645,56115,37800,16800,21000,88200,44100,44100,112000,49000,63000,213000,48000,165000,24800,
33,14,408355,238555,104340,134215,81055,24940,56115,25200,8400,16800,60900,33600,27300,71400,37400,34000,145000,40000,105000,24800,
33,15,521325,314525,139910,174615,93525,37410,56115,37800,12600,25200,79800,44100,35700,103400,45800,57600,182000,32000,150000,24800,
33,16,459005,243005,141010,101995,81055,37410,43645,25200,18900,6300,61350,44100,17250,75400,40600,34800,185000,80000,105000,31000,
33,17,443620,265820,124045,141775,74820,43645,31175,37800,14700,23100,67200,31500,35700,86000,34200,51800,153000,48000,105000,24800,
33,18,462105,269305,136845,132460,81055,43645,37410,42000,14700,27300,88650,44100,44550,57600,34400,23200,168000,48000,120000,24800,
33,19,452390,288790,123705,165085,87290,18705,68585,54600,21000,33600,65100,37800,27300,81800,46200,35600,145000,40000,105000,18600,
33,20,509790,329390,127975,201415,87290,31175,56115,48300,18900,29400,54600,14700,39900,139200,63200,76000,168000,48000,120000,12400,
33,21,443275,270675,102330,168345,93525,49880,43645,44100,14700,29400,67650,31950,35700,65400,5800,59600,154000,64000,90000,18600,
33,22,534400,309600,148940,160660,62350,24940,37410,39900,16800,23100,71550,29400,42150,135800,77800,58000,200000,80000,120000,24800,
33,23,544275,310675,155010,155665,93525,37410,56115,50400,25200,25200,91350,40200,51150,75400,52200,23200,215000,80000,135000,18600,
33,24,503460,280660,146780,133880,99760,49880,49880,31500,14700,16800,54600,33600,21000,94800,48600,46200,198000,48000,150000,24800,
33,25,393220,259420,128545,130875,74820,43645,31175,33600,12600,21000,79800,44100,35700,71200,28200,43000,109000,64000,45000,24800,
33,26,469290,275690,116310,159380,87290,37410,49880,33600,10500,23100,63000,25200,37800,91800,43200,48600,175000,40000,135000,18600,
33,27,464030,297430,138815,158615,112230,56115,56115,31500,12600,18900,73500,35700,37800,80200,34400,45800,148000,88000,60000,18600,
33,28,479260,306660,131510,175150,99760,37410,62350,29400,10500,18900,94500,46200,48300,83000,37400,45600,154000,64000,90000,18600,
33,29,537060,320260,171480,148780,99760,49880,49880,33600,14700,18900,77700,52500,25200,109200,54400,54800,192000,72000,120000,24800,
33,30,533795,346995,136080,210915,105995,49880,56115,44100,14700,29400,107100,48300,58800,89800,23200,66600,162000,72000,90000,24800,
34,0,481830,303030,127480,175550,112230,49880,62350,35700,12600,23100,56700,33600,23100,98400,31400,67000,154000,64000,90000,24800,
34,1,464170,269570,134275,135295,74820,31175,43645,50400,18900,31500,63150,37800,25350,81200,46400,34800,176000,56000,120000,18600,
34,2,472930,296130,110545,185585,116530,43645,72885,33600,16800,16800,67200,27300,39900,78800,22800,56000,152000,32000,120000,24800,
34,3,520425,285825,105910,179915,93525,37410,56115,44550,23550,21000,63750,21750,42000,84000,23200,60800,216000,96000,120000,18600,
34,4,512665,319865,128710,191155,118465,37410,81055,29400,8400,21000,79800,39900,39900,92200,43000,49200,168000,48000,120000,24800,
34,5,473960,312960,140245,172715,108360,52245,56115,27300,10500,16800,81900,39900,42000,95400,37600,57800,130000,40000,90000,31000,
34,6,448655,299855,125945,173910,81055,43645,37410,35700,12600,23100,69300,27300,42000,113800,42400,71400,124000,64000,60000,24800,
34,7,458625,304625,137545,167080,93525,43645,49880,37800,21000,16800,86100,35700,50400,87200,37200,50000,123000,48000,75000,31000,
34,8,565345,308745,158280,150465,105995,49880,56115,31500,14700,16800,95850,53100,42750,75400,40600,34800,238000,88000,150000,18600,
34,9,428490,254890,107475,147415,87290,31175,56115,31500,12600,18900,61500,40500,21000,74600,23200,51400,155000,80000,75000,18600,
34,10,421055,267255,99040,168215,89655,24940,64715,33600,21000,12600,71400,27300,44100,72600,25800,46800,129000,24000,105000,24800,
34,11,419360,270560,101010,169550,99760,37410,62350,42000,21000,21000,58800,16800,42000,70000,25800,44200,124000,64000,60000,24800,
34,12,482495,294895,135845,159050,105995,43645,62350,23100,6300,16800,71400,39900,31500,94400,46000,48400,169000,64000,105000,18600,
34,13,448785,278985,134345,144640,68585,43645,24940,37800,21000,16800,67200,35700,31500,105400,34000,71400,145000,40000,105000,24800,
34,14,482955,297155,117775,179380,81055,31175,49880,37800,16800,21000,60900,29400,31500,117400,40400,77000,161000,56000,105000,24800,
34,15,452815,268015,115305,152710,56115,18705,37410,33600,16800,16800,69300,33600,35700,109000,46200,62800,160000,40000,120000,24800,
34,16,490025,294425,152845,141580,93525,43645,49880,29400,16800,12600,65100,37800,27300,106400,54600,51800,177000,72000,105000,18600,
34,17,521810,314010,124490,189520,99760,24940,74820,29400,14700,14700,69450,44250,25200,115400,40600,74800,183000,48000,135000,24800,
34,18,440385,276585,127110,149475,68585,37410,31175,35700,16800,18900,77700,27300,50400,94600,45600,49000,139000,64000,75000,24800,
34,19,493820,270020,122110,147910,74820,37410,37410,35700,14700,21000,78300,46800,31500,81200,23200,58000,199000,64000,135000,24800,
34,20,509970,285170,126825,158345,74820,31175,43645,29400,12600,16800,82350,42450,39900,98600,40600,58000,200000,80000,120000,24800,
34,21,470590,274990,110310,164680,87290,37410,49880,33600,14700,18900,59100,23400,35700,95000,34800,60200,177000,72000,105000,18600,
34,22,400620,232620,112775,119845,74820,31175,43645,29400,18900,10500,54600,23100,31500,73800,39600,34200,137000,32000,105000,31000,
34,23,458675,294075,110725,183350,93525,31175,62350,25200,8400,16800,79950,42150,37800,95400,29000,66400,146000,56000,90000,18600,
34,24,466625,307225,115010,192215,93525,37410,56115,39900,18900,21000,78000,29700,48300,95800,29000,66800,147000,72000,75000,12400,
34,25,435390,264590,110310,154280,87290,37410,49880,33600,12600,21000,69300,23100,46200,74400,37200,37200,146000,56000,90000,24800,
34,26,489840,274040,144245,129795,87290,43645,43645,25200,12600,12600,86550,42000,44550,75000,46000,29000,191000,56000,135000,24800,
34,27,408390,259790,120345,139445,87290,43645,43645,27300,10500,16800,54600,29400,25200,90600,36800,53800,130000,40000,90000,18600,
34,28,454770,246970,107690,139280,74820,24940,49880,23100,10500,12600,48450,31650,16800,100600,40600,60000,183000,48000,135000,24800,
34,29,404360,255760,112645,143115,99760,43645,56115,23100,12600,10500,65100,25200,39900,67800,31200,36600,130000,40000,90000,18600,
34,30,562370,304770,127790,176980,74820,24940,49880,44100,18900,25200,81450,43350,38100,104400,40600,63800,239000,104000,135000,18600,
35,0,584490,336690,149510,187180,87290,37410,49880,46200,16800,29400,75600,31500,44100,127600,63800,63800,223000,88000,135000,24800,
35,1,429190,304390,148210,156180,87290,37410,49880,39900,14700,25200,92400,44100,48300,84800,52000,32800,100000,40000,60000,24800,
35,2,533175,293575,137845,155730,93525,43645,49880,42000,16800,25200,82650,25200,57450,75400,52200,23200,221000,56000,165000,18600,
35,3,444025,283025,95710,187315,93525,37410,56115,23100,6300,16800,67200,29400,37800,99200,22600,76600,130000,40000,90000,31000,
35,4,490260,318660,155310,163350,99760,37410,62350,33600,21000,12600,90300,48300,42000,95000,48600,46400,153000,48000,105000,18600,
35,5,498390,297590,121475,176115,87290,31175,56115,31500,14700,16800,84000,29400,54600,94800,46200,48600,176000,56000,120000,24800,
35,6,317915,244315,100540,143775,77615,24940,52675,42000,18900,23100,56700,31500,25200,68000,25200,42800,55000,40000,15000,18600,
35,7,458135,286335,98990,187345,68585,24940,43645,33600,10500,23100,86550,40350,46200,97600,23200,74400,147000,72000,75000,24800,
35,8,475120,288320,128910,159410,74820,37410,37410,39900,14700,25200,84000,42000,42000,89600,34800,54800,162000,72000,90000,24800,
35,9,525480,299880,138925,160955,112230,31175,81055,27300,12600,14700,82350,48750,33600,78000,46400,31600,207000,72000,135000,18600,
35,10,480490,300890,123040,177850,87290,24940,62350,39900,16800,23100,84300,46500,37800,89400,34800,54600,161000,56000,105000,18600,
35,11,522095,297295,140180,157115,105995,49880,56115,52500,21000,31500,46200,23100,23100,92600,46200,46400,200000,80000,120000,24800,
35,12,477690,298090,138445,159645,87290,43645,43645,27300,12600,14700,86100,42000,44100,97400,40200,57200,161000,56000,105000,18600,
35,13,501795,292995,134180,158815,105995,49880,56115,18900,10500,8400,73500,42000,31500,94600,31800,62800,184000,64000,120000,24800,
35,14,490255,288455,111610,176845,81055,37410,43645,27300,8400,18900,73500,25200,48300,106600,40600,66000,177000,72000,105000,24800,
35,15,514020,274220,125305,148915,74820,18705,56115,31500,16800,14700,63900,49200,14700,104000,40600,63400,215000,80000,135000,24800,
35,16,446100,243300,92855,150445,62350,18705,43645,23100,8400,14700,59250,19350,39900,98600,46400,52200,178000,88000,90000,24800,
35,17,420520,256720,113545,143175,74820,43645,31175,27300,4200,23100,63000,31500,31500,91600,34200,57400,139000,64000,75000,24800,
35,18,464525,271725,132910,138815,93525,37410,56115,33600,12600,21000,58800,39900,18900,85800,43000,42800,168000,48000,120000,24800,
35,19,487965,286365,116020,170345,56115,12470,43645,39900,18900,21000,78150,38250,39900,112200,46400,65800,183000,48000,135000,18600,
35,20,548030,323430,149810,173620,112230,37410,74820,31500,18900,12600,65100,27300,37800,114600,66200,48400,206000,56000,150000,18600,
35,21,485890,298290,120710,177580,87290,37410,49880,37800,14700,23100,71400,25200,46200,101800,43400,58400,169000,64000,105000,18600,
35,22,466560,303760,127610,176150,99760,37410,62350,44100,21000,23100,56700,21000,35700,103200,48200,55000,138000,48000,90000,24800,
35,23,540410,300610,129655,170955,99760,18705,81055,29400,12600,16800,76050,40350,35700,95400,58000,37400,215000,80000,135000,24800,
35,24,351750,256150,114040,142110,106150,24940,81210,31500,10500,21000,65100,42000,23100,53400,36600,16800,77000,32000,45000,18600,
35,25,445850,281250,96605,184645,62350,18705,43645,37800,10500,27300,60900,21000,39900,120200,46400,73800,146000,56000,90000,18600,
35,26,505365,286765,132840,153925,56115,24940,31175,46200,25200,21000,74250,36300,37950,110200,46400,63800,200000,80000,120000,18600,
35,27,460760,260960,124075,136885,99760,31175,68585,44100,21000,23100,48300,31500,16800,68800,40400,28400,175000,40000,135000,24800,
35,28,488855,295055,127510,167545,81055,37410,43645,31500,16800,14700,65100,27300,37800,117400,46000,71400,169000,64000,105000,24800,
35,29,507790,306190,151340,154850,87290,24940,62350,31500,16800,14700,84000,46200,37800,103400,63400,40000,183000,48000,135000,18600,
35,30,476625,329025,120410,208615,110725,37410,73315,35700,10500,25200,71400,35700,35700,111200,36800,74400,129000,24000,105000,18600,
36,0,386755,245155,93310,151845,81055,37410,43645,37800,14700,23100,65100,21000,44100,61200,20200,41000,123000,48000,75000,18600,
36,1,506145,295545,127260,168285,105995,37410,68585,14700,4200,10500,97050,50850,46200,77800,34800,43000,192000,72000,120000,18600,
36,2,509855,308055,156845,151210,81055,43645,37410,39900,10500,29400,86100,56700,29400,101000,46000,55000,177000,72000,105000,24800,
36,3,449520,276920,130575,146345,74820,31175,43645,31500,12600,18900,67200,37800,29400,103400,49000,54400,154000,64000,90000,18600,
36,4,404190,279390,126910,152480,91590,41710,49880,37800,18900,18900,67200,31500,35700,82800,34800,48000,100000,40000,60000,24800,
36,5,485775,283175,128125,155050,93525,31175,62350,46200,18900,27300,56850,31650,25200,86600,46400,40200,184000,64000,120000,18600,
36,6,454650,276850,139540,137310,62350,24940,37410,44100,23100,21000,75600,48300,27300,94800,43200,51600,153000,48000,105000,24800,
36,7,470860,306260,150845,155415,99760,43645,56115,37800,18900,18900,69300,39900,29400,99400,48400,51000,146000,56000,90000,18600,
36,8,556095,302295,128275,174020,105995,31175,74820,39900,21000,18900,70200,47100,23100,86200,29000,57200,229000,64000,165000,24800,
36,9,586425,293625,151260,142365,93525,37410,56115,37800,21000,16800,75300,40650,34650,87000,52200,34800,268000,88000,180000,24800,
36,10,494020,279220,115440,163780,74820,24940,49880,48300,16800,31500,69300,27300,42000,86800,46400,40400,190000,40000,150000,24800,
36,11,458290,278690,108775,169915,87290,31175,56115,37800,10500,27300,73800,38100,35700,79800,29000,50800,161000,56000,105000,18600,
36,12,544630,342030,152145,189885,112230,43645,68585,33600,16800,16800,92400,48300,44100,103800,43400,60400,184000,64000,120000,18600,
36,13,520485,310885,148210,162675,68585,37410,31175,46200,16800,29400,77700,33600,44100,118400,60400,58000,191000,56000,135000,18600,
36,14,469195,289595,136610,152985,105995,37410,68585,27300,14700,12600,65100,35700,29400,91200,48800,42400,161000,56000,105000,18600,
36,15,488300,310500,134980,175520,124700,49880,74820,42000,16800,25200,71400,31500,39900,72400,36800,35600,153000,48000,105000,24800,
36,16,443130,257330,96020,161310,49880,12470,37410,37800,12600,25200,88650,36150,52500,81000,34800,46200,161000,56000,105000,24800,
36,17,482155,294555,130075,164480,81055,31175,49880,31500,10500,21000,84000,42000,42000,98000,46400,51600,169000,64000,105000,18600,
36,18,560500,326900,144075,182825,62350,31175,31175,37800,10500,27300,99150,44400,54750,127600,58000,69600,215000,80000,135000,18600,
36,19,469555,296955,131540,165415,81055,24940,56115,39900,18900,21000,75600,35700,39900,100400,52000,48400,154000,64000,90000,18600,
36,20,529535,298735,111825,186910,68585,31175,37410,39900,18900,21000,82650,38550,44100,107600,23200,84400,206000,56000,150000,24800,
36,21,490765,274965,127180,147785,118465,49880,68585,23100,14700,8400,58800,25200,33600,74600,37400,37200,191000,56000,135000,24800,
36,22,442290,255490,110440,145050,87290,24940,62350,27300,14700,12600,63300,36000,27300,77600,34800,42800,162000,72000,90000,24800,
36,23,547995,308195,148780,159415,105995,49880,56115,23100,12600,10500,69300,31500,37800,109800,54800,55000,215000,80000,135000,24800,
36,24,456860,291260,125410,165850,99760,37410,62350,35700,14700,21000,75600,35700,39900,80200,37600,42600,147000,72000,75000,18600,
36,25,460760,275960,135945,140015,99760,43645,56115,27300,8400,18900,86100,52500,33600,62800,31400,31400,160000,40000,120000,24800,
36,26,497460,294860,143310,151550,99760,37410,62350,37800,18900,18900,56700,37800,18900,100600,49200,51400,184000,64000,120000,18600,
36,27,464125,291525,125145,166380,93525,43645,49880,37800,10500,27300,79800,33600,46200,80400,37400,43000,154000,64000,90000,18600,
36,28,439955,270355,93405,176950,111155,18705,92450,33600,12600,21000,50400,18900,31500,75200,43200,32000,151000,16000,135000,18600,
36,29,454325,292325,145680,146645,97825,54180,43645,31500,14700,16800,71400,42000,29400,91600,34800,56800,131000,56000,75000,31000,
36,30,484560,313760,123440,190320,99760,24940,74820,29400,8400,21000,88200,44100,44100,96400,46000,50400,146000,56000,90000,24800,
37,0,550260,317460,111405,206055,99760,18705,81055,33600,12600,21000,65700,27900,37800,118400,52200,66200,208000,88000,120000,24800,
37,1,580735,341135,138545,202590,130935,43645,87290,25200,4200,21000,71400,35700,35700,113600,55000,58600,221000,56000,165000,18600,
37,2,533175,293575,137845,155730,93525,43645,49880,42000,16800,25200,82650,25200,57450,75400,52200,23200,221000,56000,165000,18600,
37,3,444025,283025,95710,187315,93525,37410,56115,23100,6300,16800,67200,29400,37800,99200,22600,76600,130000,40000,90000,31000,
37,4,476560,305760,127375,178385,99760,31175,68585,33600,14700,18900,92400,52500,39900,80000,29000,51000,146000,56000,90000,24800,
37,5,421540,234940,130215,104725,87290,56115,31175,25200,8400,16800,67650,39900,27750,54800,25800,29000,168000,48000,120000,18600,
37,6,454820,247020,119375,127645,74820,31175,43645,25200,6300,18900,54600,35700,18900,92400,46200,46200,183000,48000,135000,24800,
37,7,495035,285435,132390,153045,68585,24940,43645,27300,14700,12600,105750,63750,42000,83800,29000,54800,191000,56000,135000,18600,
37,8,445395,273795,145245,128550,105995,43645,62350,29400,18900,10500,58800,39900,18900,79600,42800,36800,153000,48000,105000,18600,
37,9,428490,254890,107475,147415,87290,31175,56115,31500,12600,18900,61500,40500,21000,74600,23200,51400,155000,80000,75000,18600,
37,10,421055,267255,99040,168215,89655,24940,64715,33600,21000,12600,71400,27300,44100,72600,25800,46800,129000,24000,105000,24800,
37,11,419360,270560,101010,169550,99760,37410,62350,42000,21000,21000,58800,16800,42000,70000,25800,44200,124000,64000,60000,24800,
37,12,482495,294895,135845,159050,105995,43645,62350,23100,6300,16800,71400,39900,31500,94400,46000,48400,169000,64000,105000,18600,
37,13,448785,278985,134345,144640,68585,43645,24940,37800,21000,16800,67200,35700,31500,105400,34000,71400,145000,40000,105000,24800,
37,14,482955,297155,117775,179380,81055,31175,49880,37800,16800,21000,60900,29400,31500,117400,40400,77000,161000,56000,105000,24800,
37,15,452815,268015,115305,152710,56115,18705,37410,33600,16800,16800,69300,33600,35700,109000,46200,62800,160000,40000,120000,24800,
37,16,490025,294425,152845,141580,93525,43645,49880,29400,16800,12600,65100,37800,27300,106400,54600,51800,177000,72000,105000,18600,
37,17,521810,314010,124490,189520,99760,24940,74820,29400,14700,14700,69450,44250,25200,115400,40600,74800,183000,48000,135000,24800,
37,18,440385,276585,127110,149475,68585,37410,31175,35700,16800,18900,77700,27300,50400,94600,45600,49000,139000,64000,75000,24800,
37,19,493820,270020,122110,147910,74820,37410,37410,35700,14700,21000,78300,46800,31500,81200,23200,58000,199000,64000,135000,24800,
37,20,509970,285170,126825,158345,74820,31175,43645,29400,12600,16800,82350,42450,39900,98600,40600,58000,200000,80000,120000,24800,
37,21,470590,274990,110310,164680,87290,37410,49880,33600,14700,18900,59100,23400,35700,95000,34800,60200,177000,72000,105000,18600,
37,22,400620,232620,112775,119845,74820,31175,43645,29400,18900,10500,54600,23100,31500,73800,39600,34200,137000,32000,105000,31000,
37,23,458675,294075,110725,183350,93525,31175,62350,25200,8400,16800,79950,42150,37800,95400,29000,66400,146000,56000,90000,18600,
37,24,466625,307225,115010,192215,93525,37410,56115,39900,18900,21000,78000,29700,48300,95800,29000,66800,147000,72000,75000,12400,
37,25,435390,264590,110310,154280,87290,37410,49880,33600,12600,21000,69300,23100,46200,74400,37200,37200,146000,56000,90000,24800,
37,26,489840,274040,144245,129795,87290,43645,43645,25200,12600,12600,86550,42000,44550,75000,46000,29000,191000,56000,135000,24800,
37,27,408390,259790,120345,139445,87290,43645,43645,27300,10500,16800,54600,29400,25200,90600,36800,53800,130000,40000,90000,18600,
37,28,454770,246970,107690,139280,74820,24940,49880,23100,10500,12600,48450,31650,16800,100600,40600,60000,183000,48000,135000,24800,
37,29,404360,255760,112645,143115,99760,43645,56115,23100,12600,10500,65100,25200,39900,67800,31200,36600,130000,40000,90000,18600,
37,30,562370,304770,127790,176980,74820,24940,49880,44100,18900,25200,81450,43350,38100,104400,40600,63800,239000,104000,135000,18600,
38,0,447955,276955,129910,147045,81055,37410,43645,37800,18900,18900,69300,33600,35700,88800,40000,48800,140000,80000,60000,31000,
38,1,572415,308815,137055,171760,56115,18705,37410,27300,16800,10500,97800,49350,48450,127600,52200,75400,245000,80000,165000,18600,
38,2,448690,270890,110140,160750,87290,24940,62350,33600,16800,16800,84000,33600,50400,66000,34800,31200,153000,48000,105000,24800,
38,3,469195,290595,134745,155850,105995,43645,62350,27300,16800,10500,77700,48300,29400,79600,26000,53600,160000,40000,120000,18600,
38,4,505595,302995,141210,161785,105995,37410,68585,35700,16800,18900,69300,37800,31500,92000,49200,42800,184000,64000,120000,18600,
38,5,498390,312590,116810,195780,87290,37410,49880,42000,14700,27300,86100,35700,50400,97200,29000,68200,161000,56000,105000,24800,
38,6,384385,258585,126245,132340,68585,43645,24940,35700,14700,21000,60900,31500,29400,93400,36400,57000,101000,56000,45000,24800,
38,7,534985,301385,126040,175345,68585,24940,43645,25200,12600,12600,63600,36300,27300,144000,52200,91800,215000,80000,135000,18600,
38,8,544060,311260,143180,168080,99760,49880,49880,35700,16800,18900,63000,27300,35700,112800,49200,63600,208000,88000,120000,24800,
38,9,538210,291410,135960,155450,99760,37410,62350,44100,14700,29400,72150,31650,40500,75400,52200,23200,222000,72000,150000,24800,
38,10,550725,302125,144875,157250,93525,31175,62350,42000,18900,23100,59400,42600,16800,107200,52200,55000,230000,80000,150000,18600,
38,11,438125,251525,114645,136880,93525,43645,49880,50400,25200,25200,61200,16800,44400,46400,29000,17400,168000,48000,120000,18600,
38,12,499825,311225,140945,170280,93525,43645,49880,25200,12600,12600,86100,35700,50400,106400,49000,57400,170000,80000,90000,18600,
38,13,345220,241420,110740,130680,82120,24940,57180,33600,12600,21000,60900,42000,18900,64800,31200,33600,79000,64000,15000,24800,
38,14,460025,286625,119575,167050,93525,31175,62350,35700,16800,18900,58800,25200,33600,98600,46400,52200,161000,56000,105000,12400,
38,15,481490,272690,112260,160430,87290,37410,49880,42000,14700,27300,73800,25350,48450,69600,34800,34800,184000,64000,120000,24800,
38,16,473955,241355,100540,140815,81055,24940,56115,23100,8400,14700,79200,32400,46800,58000,34800,23200,214000,64000,150000,18600,
38,17,511160,287360,137710,149650,99760,37410,62350,25200,12600,12600,67200,35700,31500,95200,52000,43200,199000,64000,135000,24800,
38,18,452840,266240,101820,164420,87290,12470,74820,29400,6300,23100,65550,42450,23100,84000,40600,43400,168000,48000,120000,18600,
38,19,406955,244155,115975,128180,81055,31175,49880,25200,12600,12600,52500,29400,23100,85400,42800,42600,138000,48000,90000,24800,
38,20,574315,326715,130030,196685,118465,49880,68585,31500,16800,14700,75750,16950,58800,101000,46400,54600,229000,64000,165000,18600,
38,21,456860,277260,122610,154650,99760,37410,62350,27300,12600,14700,58800,37800,21000,91400,34800,56600,161000,56000,105000,18600,
38,22,516340,270540,127045,143495,87290,43645,43645,37800,16800,21000,70050,31800,38250,75400,34800,40600,221000,56000,165000,24800,
38,23,487365,337565,141280,196285,118465,49880,68585,50400,21000,29400,77700,42000,35700,91000,28400,62600,125000,80000,45000,24800,
38,24,425525,247725,102005,145720,96525,18705,77820,25200,8400,16800,54600,31500,23100,71400,43400,28000,153000,48000,105000,24800,
38,25,453755,290955,152180,138775,81055,49880,31175,39900,16800,23100,63000,27300,35700,107000,58200,48800,138000,48000,90000,24800,
38,26,494130,313530,112045,201485,112230,43645,68585,42000,14700,27300,65100,18900,46200,94200,34800,59400,162000,72000,90000,18600,
38,27,504030,318230,130980,187250,112230,49880,62350,37800,16800,21000,79800,35700,44100,88400,28600,59800,161000,56000,105000,24800,
38,28,464090,264290,123810,140480,87290,37410,49880,50400,21000,29400,54600,33600,21000,72000,31800,40200,175000,40000,135000,24800,
38,29,573990,303390,133945,169445,87290,43645,43645,37800,14700,23100,68100,40800,27300,110200,34800,75400,252000,72000,180000,18600,
38,30,535865,325265,162050,163215,118465,62350,56115,29400,14700,14700,96600,50400,46200,80800,34600,46200,192000,72000,120000,18600,
39,0,425665,217065,104655,112410,56115,18705,37410,21000,8400,12600,52950,25350,27600,87000,52200,34800,190000,40000,150000,18600,
39,1,487420,253820,128145,125675,74820,43645,31175,37800,10500,27300,77400,27600,49800,63800,46400,17400,215000,80000,135000,18600,
39,2,448315,238515,117625,120890,56115,31175,24940,39900,18900,21000,55500,21150,34350,87000,46400,40600,185000,80000,105000,24800,
39,3,559555,313755,161445,152310,81055,43645,37410,35700,23100,12600,84000,48300,35700,113000,46400,66600,221000,56000,165000,24800,
39,4,492770,283170,125225,157945,74820,31175,43645,42000,18900,23100,73950,40350,33600,92400,34800,57600,191000,56000,135000,18600,
39,5,435420,247820,104075,143745,74820,31175,43645,27300,6300,21000,67500,31800,35700,78200,34800,43400,169000,64000,105000,18600,
39,6,464790,270990,124010,146980,87290,37410,49880,27300,10500,16800,42000,27300,14700,114400,48800,65600,169000,64000,105000,24800,
39,7,398985,289385,128075,161310,107285,44075,63210,33600,14700,18900,77700,35700,42000,70800,33600,37200,91000,16000,75000,18600,
39,8,547090,278290,121040,157250,87290,24940,62350,39900,10500,29400,55500,45000,10500,95600,40600,55000,244000,64000,180000,24800,
39,9,503745,286945,123975,162970,105995,31175,74820,33600,14700,18900,86550,23100,63450,60800,55000,5800,192000,72000,120000,24800,
39,10,483085,304285,146210,158075,68585,37410,31175,39900,16800,23100,84000,37800,46200,111800,54200,57600,154000,64000,90000,24800,
39,11,504840,279240,126325,152915,87290,31175,56115,27300,10500,16800,71850,38250,33600,92800,46400,46400,207000,72000,135000,18600,
39,12,377550,250950,107640,143310,62350,24940,37410,31500,8400,23100,52500,23100,29400,104600,51200,53400,108000,48000,60000,18600,
39,13,606970,330170,148055,182115,74820,18705,56115,35700,16800,18900,121050,66150,54900,98600,46400,52200,252000,72000,180000,24800,
39,14,522595,318195,137045,181150,105995,43645,62350,35700,18900,16800,67500,33900,33600,109000,40600,68400,192000,72000,120000,12400,
39,15,460950,282150,128975,153175,62350,31175,31175,46200,18900,27300,75600,35700,39900,98000,43200,54800,154000,64000,90000,24800,
39,16,446155,297355,115275,182080,81055,31175,49880,39900,10500,29400,88200,42000,46200,88200,31600,56600,124000,64000,60000,24800,
39,17,482555,273755,132345,141410,81055,43645,37410,29400,12600,16800,56700,27300,29400,106600,48800,57800,184000,64000,120000,24800,
39,18,430295,288695,128045,160650,105995,43645,62350,35700,14700,21000,88200,35700,52500,58800,34000,24800,123000,48000,75000,18600,
39,19,537800,367000,175080,191920,137600,49880,87720,37800,10500,27300,92400,48300,44100,99200,66400,32800,146000,56000,90000,24800,
39,20,483590,305790,128510,177280,87290,37410,49880,37800,18900,18900,65100,21000,44100,115600,51200,64400,153000,48000,105000,24800,
39,21,532005,270205,136330,133875,81055,49880,31175,25200,2100,23100,59550,37950,21600,104400,46400,58000,237000,72000,165000,24800,
39,22,508090,289290,152810,136480,87290,37410,49880,25200,14700,10500,69600,39900,29700,107200,60800,46400,194000,104000,90000,24800,
39,23,537620,302220,135390,166830,74820,24940,49880,33600,14700,18900,89400,49350,40050,104400,46400,58000,223000,88000,135000,12400,
39,24,487190,278390,121410,156980,87290,37410,49880,37800,18900,18900,60900,18900,42000,92400,46200,46200,184000,64000,120000,24800,
39,25,486875,271075,118995,152080,93525,43645,49880,31500,14700,16800,73650,31650,42000,72400,29000,43400,191000,56000,135000,24800,
39,26,503155,300555,142875,157680,81055,31175,49880,39900,14700,25200,67200,42000,25200,112400,55000,57400,184000,64000,120000,18600,
39,27,567860,326260,120540,205720,99760,24940,74820,33600,14700,18900,89100,34500,54600,103800,46400,57400,223000,88000,135000,18600,
39,28,453310,286710,132390,154320,99760,24940,74820,35700,12600,23100,82050,48450,33600,69200,46400,22800,148000,88000,60000,18600,
39,29,436225,285625,114710,170915,93525,37410,56115,39900,16800,23100,63000,23100,39900,89200,37400,51800,132000,72000,60000,18600,
39,30,371825,231025,94775,136250,99525,31175,68350,44100,10500,33600,42000,27300,14700,45400,25800,19600,116000,56000,60000,24800,
40,0,444320,259520,131140,128380,74820,24940,49880,33600,21000,12600,81900,42000,39900,69200,43200,26000,160000,40000,120000,24800,
40,1,434460,284660,120545,164115,99760,43645,56115,37800,16800,21000,73500,39900,33600,73600,20200,53400,125000,80000,45000,24800,
40,2,479925,285125,141710,143415,93525,37410,56115,39900,23100,16800,56700,37800,18900,95000,43400,51600,170000,80000,90000,24800,
40,3,520745,288145,115460,172685,105995,37410,68585,42000,18900,23100,67950,30150,37800,72200,29000,43200,214000,64000,150000,18600,
40,4,404190,279390,126910,152480,91590,41710,49880,37800,18900,18900,67200,31500,35700,82800,34800,48000,100000,40000,60000,24800,
40,5,485775,283175,128125,155050,93525,31175,62350,46200,18900,27300,56850,31650,25200,86600,46400,40200,184000,64000,120000,18600,
40,6,405480,249680,113175,136505,49880,31175,18705,35700,16800,18900,77700,33600,44100,86400,31600,54800,131000,56000,75000,24800,
40,7,517255,302255,132675,169580,81055,31175,49880,37800,12600,25200,79800,48300,31500,103600,40600,63000,184000,64000,120000,31000,
40,8,439025,290425,147915,142510,93525,56115,37410,42000,16800,25200,60900,29400,31500,94000,45600,48400,130000,40000,90000,18600,
40,9,466210,294610,97330,197280,99760,49880,49880,37800,12600,25200,69450,23250,46200,87600,11600,76000,153000,48000,105000,18600,
40,10,418795,217995,103055,114940,43645,18705,24940,27300,10500,16800,65850,27450,38400,81200,46400,34800,176000,56000,120000,24800,
40,11,377195,213395,97180,116215,105995,49880,56115,31500,18900,12600,35700,16800,18900,40200,11600,28600,139000,64000,75000,24800,
40,12,403055,261455,118340,143115,81055,24940,56115,33600,12600,21000,75600,37800,37800,71200,43000,28200,123000,48000,75000,18600,
40,13,509190,276590,115180,161410,87290,49880,37410,16800,6300,10500,56700,12600,44100,115800,46400,69400,214000,64000,150000,18600,
40,14,458740,257140,113925,143215,87290,31175,56115,35700,18900,16800,50550,23250,27300,83600,40600,43000,183000,48000,135000,18600,
40,15,509255,292455,102775,189680,81055,31175,49880,27300,10500,16800,69900,32100,37800,114200,29000,85200,192000,72000,120000,24800,
40,16,469425,261625,121910,139715,93525,37410,56115,44100,21000,23100,46200,23100,23100,77800,40400,37400,183000,48000,135000,24800,
40,17,452830,290030,132245,157785,112230,43645,68585,42000,18900,23100,63000,35700,27300,72800,34000,38800,138000,48000,90000,24800,
40,18,388585,265585,118940,146645,103385,46840,56545,25200,4200,21000,71400,31500,39900,65600,36400,29200,92000,32000,60000,31000,
40,19,506990,295390,136395,158995,87290,43645,43645,37800,14700,23100,71700,31650,40050,98600,46400,52200,193000,88000,105000,18600,
40,20,508890,280090,122610,157480,87290,37410,49880,35700,16800,18900,65100,33600,31500,92000,34800,57200,204000,24000,180000,24800,
40,21,542095,347495,179515,167980,105995,56115,49880,42000,27300,14700,90300,44100,46200,109200,52000,57200,176000,56000,120000,18600,
40,22,463260,298660,129845,168815,99760,43645,56115,37800,12600,25200,77700,42000,35700,83400,31600,51800,146000,56000,90000,18600,
40,23,529745,304945,138995,165950,105995,43645,62350,29400,14700,14700,88350,40050,48300,81200,40600,40600,200000,80000,120000,24800,
40,24,428435,250635,108910,141725,68585,37410,31175,31500,12600,18900,84150,27300,56850,66400,31600,34800,153000,48000,105000,24800,
40,25,522285,306485,137510,168975,68585,37410,31175,42000,14700,27300,77700,33600,44100,118200,51800,66400,191000,56000,135000,24800,
40,26,516530,305930,129075,176855,112230,31175,81055,31500,10500,21000,58800,29400,29400,103400,58000,45400,192000,72000,120000,18600,
40,27,478765,329165,149015,180150,118465,56115,62350,33600,16800,16800,56700,23100,33600,120400,53000,67400,131000,56000,75000,18600,
40,28,531935,292135,142690,149445,68585,24940,43645,29400,21000,8400,78150,44550,33600,116000,52200,63800,215000,80000,135000,24800,
40,29,464760,309160,124110,185050,121260,37410,83850,39900,16800,23100,71400,44100,27300,76600,25800,50800,137000,32000,105000,18600,
40,30,496165,311365,146445,164920,118465,43645,74820,39900,18900,21000,84000,44100,39900,69000,39800,29200,160000,40000,120000,24800,
41,0,485560,284960,137480,147480,99760,49880,49880,44100,21000,23100,52500,29400,23100,88600,37200,51400,182000,32000,150000,18600,
41,1,446720,275120,127310,147810,74820,37410,37410,29400,16800,12600,73500,35700,37800,97400,37400,60000,153000,48000,105000,18600,
41,2,523110,328510,118995,209515,99760,43645,56115,35700,12600,23100,86250,33750,52500,106800,29000,77800,176000,56000,120000,18600,
41,3,523660,337860,158375,179485,99760,31175,68585,42000,14700,27300,94500,60900,33600,101600,51600,50000,161000,56000,105000,24800,
41,4,571490,352890,158410,194480,87290,37410,49880,52500,18900,33600,102900,44100,58800,110200,58000,52200,200000,80000,120000,18600,
41,5,523720,345120,129940,215180,74820,24940,49880,46200,12600,33600,81900,37800,44100,142200,54600,87600,160000,40000,120000,18600,
41,6,566810,333210,126690,206520,99760,24940,74820,29400,14700,14700,86850,40650,46200,117200,46400,70800,215000,80000,135000,18600,
41,7,459440,265840,95085,170755,87290,6235,81055,31500,10500,21000,55050,31950,23100,92000,46400,45600,175000,40000,135000,18600,
41,8,509290,275490,136545,138945,87290,43645,43645,37800,14700,23100,57600,31800,25800,92800,46400,46400,209000,104000,105000,24800,
41,9,511155,293355,119440,173915,81055,24940,56115,44100,18900,25200,61200,23400,37800,107000,52200,54800,193000,88000,105000,24800,
41,10,554415,315615,152780,162835,118465,49880,68585,39900,21000,18900,82050,35700,46350,75200,46200,29000,214000,64000,150000,24800,
41,11,517990,286190,121110,165080,87290,37410,49880,39900,14700,25200,54600,16800,37800,104400,52200,52200,207000,72000,135000,24800,
41,12,541810,295010,143995,151015,99760,43645,56115,33600,21000,12600,71850,44550,27300,89800,34800,55000,222000,72000,150000,24800,
41,13,534875,288075,123210,164865,93525,37410,56115,42000,12600,29400,82950,38400,44550,69600,34800,34800,222000,72000,150000,24800,
41,14,524100,315300,154045,161255,124700,43645,81055,39900,16800,23100,81900,58800,23100,68800,34800,34000,184000,64000,120000,24800,
41,15,574860,322060,138345,183715,99760,43645,56115,18900,10500,8400,79800,37800,42000,123600,46400,77200,228000,48000,180000,24800,
41,16,505690,304090,140480,163610,87290,49880,37410,33600,16800,16800,71400,33600,37800,111800,40200,71600,183000,48000,135000,18600,
41,17,473395,301795,96675,205120,118895,31175,87720,37800,14700,23100,67500,27600,39900,77600,23200,54400,153000,48000,105000,18600,
41,18,584380,342780,155165,187615,112230,56115,56115,29400,14700,14700,88350,37950,50400,112800,46400,66400,223000,88000,135000,18600,
41,19,482360,320560,129510,191050,99760,37410,62350,48300,21000,27300,69300,31500,37800,103200,39600,63600,137000,32000,105000,24800,
41,20,410195,297595,116380,181215,114595,49880,64715,33600,21000,12600,54600,23100,31500,94800,22400,72400,94000,64000,30000,18600,
41,21,494655,269855,90605,179250,81055,18705,62350,35700,14700,21000,81300,45600,35700,71800,11600,60200,200000,80000,120000,24800,
41,22,445925,281325,131510,149815,93525,37410,56115,33600,12600,21000,79800,35700,44100,74400,45800,28600,146000,56000,90000,18600,
41,23,440485,259885,106605,153280,68585,18705,49880,29400,16800,12600,61500,36300,25200,100400,34800,65600,162000,72000,90000,18600,
41,24,415255,278855,137810,141045,81055,37410,43645,33600,16800,16800,67200,29400,37800,97000,54200,42800,124000,64000,60000,12400,
41,25,526265,262465,119460,143005,56115,37410,18705,31500,16800,14700,82050,30450,51600,92800,34800,58000,239000,104000,135000,24800,
41,26,575745,305945,106060,199885,105995,37410,68585,40200,15000,25200,61350,13050,48300,98400,40600,57800,245000,80000,165000,24800,
41,27,504605,279805,97925,181880,81055,31175,49880,39900,12600,27300,80850,36750,44100,78000,17400,60600,200000,80000,120000,24800,
41,28,561025,313225,142410,170815,93525,37410,56115,33600,16800,16800,67500,36000,31500,118600,52200,66400,223000,88000,135000,24800,
41,29,392520,275720,94875,180845,92020,31175,60845,37800,16800,21000,65100,27300,37800,80800,19600,61200,92000,32000,60000,24800,
41,30,347490,235890,116010,119880,87290,37410,49880,18900,8400,10500,81900,50400,31500,47800,19800,28000,93000,48000,45000,18600,
42,0,469990,275390,113540,161850,87290,24940,62350,35700,14700,21000,29400,10500,18900,123000,63400,59600,176000,56000,120000,18600,
42,1,502185,290585,130310,160275,68585,37410,31175,39900,16800,23100,54900,29700,25200,127200,46400,80800,193000,88000,105000,18600,
42,2,478215,275615,127905,147710,56115,18705,37410,29400,16800,12600,71700,40200,31500,118400,52200,66200,184000,64000,120000,18600,
42,3,449520,276920,130575,146345,74820,31175,43645,31500,12600,18900,67200,37800,29400,103400,49000,54400,154000,64000,90000,18600,
42,4,404190,279390,126910,152480,91590,41710,49880,37800,18900,18900,67200,31500,35700,82800,34800,48000,100000,40000,60000,24800,
42,5,485775,283175,128125,155050,93525,31175,62350,46200,18900,27300,56850,31650,25200,86600,46400,40200,184000,64000,120000,18600,
42,6,454650,276850,139540,137310,62350,24940,37410,44100,23100,21000,75600,48300,27300,94800,43200,51600,153000,48000,105000,24800,
42,7,470860,306260,150845,155415,99760,43645,56115,37800,18900,18900,69300,39900,29400,99400,48400,51000,146000,56000,90000,18600,
42,8,522325,293325,156910,136415,93525,37410,56115,35700,25200,10500,69300,48300,21000,94800,46000,48800,198000,48000,150000,31000,
42,9,500100,305500,113490,192010,62350,24940,37410,37800,16800,21000,75750,25350,50400,129600,46400,83200,176000,56000,120000,18600,
42,10,466870,218270,95840,122430,74820,24940,49880,40500,21600,18900,56550,26100,30450,46400,23200,23200,230000,80000,150000,18600,
42,11,427615,255815,126875,128940,56115,31175,24940,35700,14700,21000,63000,37800,25200,101000,43200,57800,147000,72000,75000,24800,
42,12,547125,315325,156980,158345,93525,49880,43645,48300,25200,23100,60900,35700,25200,112600,46200,66400,207000,72000,135000,24800,
42,13,488560,320560,125545,195015,99760,43645,56115,35700,14700,21000,102900,42000,60900,82200,25200,57000,137000,32000,105000,31000,
42,14,403325,260725,84575,176150,93525,31175,62350,33600,14700,18900,61200,21300,39900,72400,17400,55000,124000,64000,60000,18600,
42,15,482725,295925,129080,166845,93525,49880,43645,33600,12600,21000,63000,21000,42000,105800,45600,60200,162000,72000,90000,24800,
42,16,503120,302320,132675,169645,74820,31175,43645,44100,18900,25200,71400,33600,37800,112000,49000,63000,176000,56000,120000,24800,
42,17,437755,296155,125245,170910,81055,43645,37410,29400,12600,16800,94500,46200,48300,91200,22800,68400,123000,48000,75000,18600,
42,18,512245,272445,113295,159150,105995,43645,62350,37800,8400,29400,19050,14850,4200,109600,46400,63200,215000,80000,135000,24800,
42,19,548475,302675,116690,185985,93525,24940,68585,37800,12600,25200,67350,21150,46200,104000,58000,46000,221000,56000,165000,24800,
42,20,469565,326965,137780,189185,127065,49880,77185,39900,21000,18900,84000,44100,39900,76000,22800,53200,124000,64000,60000,18600,
42,21,525160,301360,141645,159715,99760,43645,56115,31500,14700,16800,60900,31500,29400,109200,51800,57400,199000,64000,135000,24800,
42,22,570740,306940,130975,175965,87290,31175,56115,37800,12600,25200,83250,40800,42450,98600,46400,52200,239000,104000,135000,24800,
42,23,491685,319885,124340,195545,68585,24940,43645,39900,14700,25200,92400,35700,56700,119000,49000,70000,147000,72000,75000,24800,
42,24,438225,288625,152745,135880,93525,43645,49880,23100,8400,14700,84000,52500,31500,88000,48200,39800,131000,56000,75000,18600,
42,25,573125,363525,155210,208315,93525,37410,56115,44100,14700,29400,90300,48300,42000,135600,54800,80800,191000,56000,135000,18600,
42,26,552475,305675,125960,179715,93525,37410,56115,44100,10500,33600,86850,49050,37800,81200,29000,52200,222000,72000,150000,24800,
42,27,513165,304365,135845,168520,118465,43645,74820,33600,14700,18900,69300,31500,37800,83000,46000,37000,184000,64000,120000,24800,
42,28,519860,319060,143610,175450,99760,37410,62350,31500,21000,10500,63000,33600,29400,124800,51600,73200,176000,56000,120000,24800,
42,29,491470,294870,153260,141610,74820,37410,37410,33600,14700,18900,82050,54750,27300,104400,46400,58000,178000,88000,90000,18600,
42,30,531160,308160,136110,172050,99760,37410,62350,29400,21000,8400,67200,31500,35700,111800,46200,65600,192000,72000,120000,31000,
43,0,581045,314645,143810,170835,105995,37410,68585,18900,10500,8400,85350,49500,35850,104400,46400,58000,254000,104000,150000,12400,
43,1,465115,298715,127975,170740,56115,31175,24940,39900,14700,25200,86100,35700,50400,116600,46400,70200,154000,64000,90000,12400,
43,2,429320,252320,106175,146145,74820,31175,43645,35700,16800,18900,50400,29400,21000,91400,28800,62600,146000,56000,90000,31000,
43,3,429360,249760,103775,145985,99760,31175,68585,48300,16800,31500,61500,38400,23100,40200,17400,22800,161000,56000,105000,18600,
43,4,474090,263490,111475,152015,87290,31175,56115,33600,14700,18900,36000,19200,16800,106600,46400,60200,192000,72000,120000,18600,
43,5,414995,237195,102345,134850,105995,43645,62350,48300,21000,27300,39900,14700,25200,43000,23000,20000,153000,48000,105000,24800,
43,6,503825,324225,162575,161650,93525,31175,62350,42000,14700,27300,73500,44100,29400,115200,72600,42600,161000,56000,105000,18600,
43,7,422255,295655,123040,172615,81055,24940,56115,39900,18900,21000,81900,50400,31500,92800,28800,64000,108000,48000,60000,18600,
43,8,438605,243005,102560,140445,81055,37410,43645,35700,8400,27300,50850,27750,23100,75400,29000,46400,177000,72000,105000,18600,
43,9,418155,262555,98740,163815,81055,24940,56115,27300,12600,14700,63000,29400,33600,91200,31800,59400,137000,32000,105000,18600,
43,10,461555,267755,113510,154245,81055,37410,43645,33600,14700,18900,60900,21000,39900,92200,40400,51800,169000,64000,105000,24800,
43,11,496195,302395,135645,166750,105995,43645,62350,44100,21000,23100,77700,25200,52500,74600,45800,28800,169000,64000,105000,24800,
43,12,482100,310300,128445,181855,141900,43645,98255,46200,23100,23100,46200,27300,18900,76000,34400,41600,147000,72000,75000,24800,
43,13,427325,278525,115275,163250,93525,31175,62350,37800,21000,16800,46200,23100,23100,101000,40000,61000,124000,64000,60000,24800,
43,14,442465,231865,111260,120605,56115,37410,18705,23100,8400,14700,42450,19050,23400,110200,46400,63800,192000,72000,120000,18600,
43,15,425970,253170,130045,123125,74820,43645,31175,21000,12600,8400,82350,33600,48750,75000,40200,34800,148000,88000,60000,24800,
43,16,516030,307230,121580,185650,112230,49880,62350,39900,14700,25200,73500,25200,48300,81600,31800,49800,184000,64000,120000,24800,
43,17,398950,258350,116210,142140,62350,37410,24940,35700,16800,18900,94500,50400,44100,65800,11600,54200,122000,32000,90000,18600,
43,18,474720,294120,147310,146810,74820,37410,37410,37800,14700,23100,86100,46200,39900,95400,49000,46400,162000,72000,90000,18600,
43,19,512225,340425,136675,203750,93525,31175,62350,39900,12600,27300,92400,52500,39900,114600,40400,74200,147000,72000,75000,24800,
43,20,479685,269085,111905,157180,68585,18705,49880,18900,6300,12600,80400,40500,39900,101200,46400,54800,192000,72000,120000,18600,
43,21,537570,312770,115455,197315,74820,18705,56115,39900,18900,21000,71850,25650,46200,126200,52200,74000,200000,80000,120000,24800,
43,22,513410,301810,133060,168750,99760,37410,62350,44100,18900,25200,65550,36150,29400,92400,40600,51800,193000,88000,105000,18600,
43,23,429220,295420,109040,186380,74820,24940,49880,35700,12600,23100,86100,39900,46200,98800,31600,67200,109000,64000,45000,24800,
43,24,486990,300190,109210,190980,87290,37410,49880,42000,12600,29400,88500,36000,52500,82400,23200,59200,162000,72000,90000,24800,
43,25,467390,289590,133145,156445,87290,43645,43645,39900,16800,23100,75600,52500,23100,86800,20200,66600,153000,48000,105000,24800,
43,26,471120,307320,120375,186945,74820,31175,43645,39900,14700,25200,88200,39900,48300,104400,34600,69800,139000,64000,75000,24800,
43,27,456545,268945,103860,165085,105995,37410,68585,31500,14700,16800,65250,16950,48300,66200,34800,31400,169000,64000,105000,18600,
43,28,512210,284610,133790,150820,37410,24940,12470,37800,18900,18900,87600,49350,38250,121800,40600,81200,209000,104000,105000,18600,
43,29,499030,311430,140045,171385,112230,43645,68585,42000,14700,27300,88200,35700,52500,69000,46000,23000,169000,64000,105000,18600,
43,30,490330,289530,125410,164120,112230,37410,74820,39900,14700,25200,46200,27300,18900,91200,46000,45200,176000,56000,120000,24800,
44,0,425665,217065,104655,112410,56115,18705,37410,21000,8400,12600,52950,25350,27600,87000,52200,34800,190000,40000,150000,18600,
44,1,412450,233650,90805,142845,62350,18705,43645,31500,12600,18900,76200,36300,39900,63600,23200,40400,154000,64000,90000,24800,
44,2,471915,270315,119210,151105,56115,37410,18705,29400,12600,16800,86400,40200,46200,98400,29000,69400,183000,48000,135000,18600,
44,3,446495,275695,125180,150515,105995,49880,56115,33600,12600,21000,73500,31500,42000,62600,31200,31400,146000,56000,90000,24800,
44,4,487530,293730,131880,161850,112230,49880,62350,37800,16800,21000,60900,25200,35700,82800,40000,42800,169000,64000,105000,24800,
44,5,485170,275570,123490,152080,74820,24940,49880,42000,14700,27300,63150,31650,31500,95600,52200,43400,191000,56000,135000,18600,
44,6,457765,255165,138625,116540,56115,31175,24940,23100,10500,12600,88950,50550,38400,87000,46400,40600,184000,64000,120000,18600,
44,7,575960,351360,140875,210485,99760,31175,68585,33600,14700,18900,99000,48600,50400,119000,46400,72600,206000,56000,150000,18600,
44,8,447255,299455,121205,178250,89655,18705,70950,39900,14700,25200,86100,50400,35700,83800,37400,46400,123000,48000,75000,24800,
44,9,507075,320475,113990,206485,93525,24940,68585,37800,16800,21000,84150,31650,52500,105000,40600,64400,168000,48000,120000,18600,
44,10,520260,296460,134645,161815,99760,43645,56115,44100,16800,27300,71400,33600,37800,81200,40600,40600,199000,64000,135000,24800,
44,11,445695,290895,149445,141450,105995,43645,62350,31500,21000,10500,75600,37800,37800,77800,47000,30800,130000,40000,90000,24800,
44,12,490505,287905,132325,155580,81055,31175,49880,35700,16800,18900,67350,37950,29400,103800,46400,57400,184000,64000,120000,18600,
44,13,575560,337760,153545,184215,99760,43645,56115,37800,16800,21000,88200,44100,44100,112000,49000,63000,213000,48000,165000,24800,
44,14,408355,238555,104340,134215,81055,24940,56115,25200,8400,16800,60900,33600,27300,71400,37400,34000,145000,40000,105000,24800,
44,15,521325,314525,139910,174615,93525,37410,56115,37800,12600,25200,79800,44100,35700,103400,45800,57600,182000,32000,150000,24800,
44,16,459005,243005,141010,101995,81055,37410,43645,25200,18900,6300,61350,44100,17250,75400,40600,34800,185000,80000,105000,31000,
44,17,443620,265820,124045,141775,74820,43645,31175,37800,14700,23100,67200,31500,35700,86000,34200,51800,153000,48000,105000,24800,
44,18,462105,269305,136845,132460,81055,43645,37410,42000,14700,27300,88650,44100,44550,57600,34400,23200,168000,48000,120000,24800,
44,19,452390,288790,123705,165085,87290,18705,68585,54600,21000,33600,65100,37800,27300,81800,46200,35600,145000,40000,105000,18600,
44,20,509790,329390,127975,201415,87290,31175,56115,48300,18900,29400,54600,14700,39900,139200,63200,76000,168000,48000,120000,12400,
44,21,443275,270675,102330,168345,93525,49880,43645,44100,14700,29400,67650,31950,35700,65400,5800,59600,154000,64000,90000,18600,
44,22,534400,309600,148940,160660,62350,24940,37410,39900,16800,23100,71550,29400,42150,135800,77800,58000,200000,80000,120000,24800,
44,23,544275,310675,155010,155665,93525,37410,56115,50400,25200,25200,91350,40200,51150,75400,52200,23200,215000,80000,135000,18600,
44,24,503460,280660,146780,133880,99760,49880,49880,31500,14700,16800,54600,33600,21000,94800,48600,46200,198000,48000,150000,24800,
44,25,393220,259420,128545,130875,74820,43645,31175,33600,12600,21000,79800,44100,35700,71200,28200,43000,109000,64000,45000,24800,
44,26,469290,275690,116310,159380,87290,37410,49880,33600,10500,23100,63000,25200,37800,91800,43200,48600,175000,40000,135000,18600,
44,27,464030,297430,138815,158615,112230,56115,56115,31500,12600,18900,73500,35700,37800,80200,34400,45800,148000,88000,60000,18600,
44,28,479260,306660,131510,175150,99760,37410,62350,29400,10500,18900,94500,46200,48300,83000,37400,45600,154000,64000,90000,18600,
44,29,537060,320260,171480,148780,99760,49880,49880,33600,14700,18900,77700,52500,25200,109200,54400,54800,192000,72000,120000,24800,
44,30,533795,346995,136080,210915,105995,49880,56115,44100,14700,29400,107100,48300,58800,89800,23200,66600,162000,72000,90000,24800,
45,0,481830,303030,127480,175550,112230,49880,62350,35700,12600,23100,56700,33600,23100,98400,31400,67000,154000,64000,90000,24800,
45,1,464170,269570,134275,135295,74820,31175,43645,50400,18900,31500,63150,37800,25350,81200,46400,34800,176000,56000,120000,18600,
45,2,472930,296130,110545,185585,116530,43645,72885,33600,16800,16800,67200,27300,39900,78800,22800,56000,152000,32000,120000,24800,
45,3,536540,313540,134925,178615,87290,31175,56115,31500,16800,14700,96750,46350,50400,98000,40600,57400,192000,72000,120000,31000,
45,4,515470,289670,128495,161175,74820,43645,31175,23100,8400,14700,76350,53250,23100,115400,23200,92200,201000,96000,105000,24800,
45,5,439615,290015,138140,151875,56115,24940,31175,37800,16800,21000,77700,42000,35700,118400,54400,64000,131000,56000,75000,18600,
45,6,498725,305925,128010,177915,93525,37410,56115,31500,12600,18900,73500,37800,35700,107400,40200,67200,168000,48000,120000,24800,
45,7,465995,318395,150980,167415,131795,58480,73315,27300,14700,12600,69300,29400,39900,90000,48400,41600,129000,24000,105000,18600,
45,8,442130,286530,108180,178350,129430,49880,79550,39900,14700,25200,63000,21000,42000,54200,22600,31600,137000,32000,105000,18600,
45,9,506695,297895,154045,143850,105995,43645,62350,33600,18900,14700,77700,48300,29400,80600,43200,37400,184000,64000,120000,24800,
45,10,512655,313655,142245,171410,81055,43645,37410,50400,25200,25200,71400,33600,37800,110800,39800,71000,168000,48000,120000,31000,
45,11,525025,300425,130210,170215,93525,37410,56115,48300,16800,31500,54600,21000,33600,104000,55000,49000,206000,56000,150000,18600,
45,12,350950,240350,90705,149645,83850,18705,65145,44100,12600,31500,63000,33600,29400,49400,25800,23600,92000,32000,60000,18600,
45,13,512125,333325,138945,194380,93525,43645,49880,31500,8400,23100,86100,44100,42000,122200,42800,79400,154000,64000,90000,24800,
45,14,494240,276640,115525,161115,87290,31175,56115,33600,16800,16800,80550,38550,42000,75200,29000,46200,199000,64000,135000,18600,
45,15,519550,279750,127770,151980,62350,12470,49880,33600,16800,16800,59400,40500,18900,124400,58000,66400,215000,80000,135000,24800,
45,16,537895,359295,164645,194650,105995,43645,62350,42000,14700,27300,94500,56700,37800,116800,49600,67200,160000,40000,120000,18600,
45,17,444160,257560,102910,154650,99760,37410,62350,31500,12600,18900,71700,29700,42000,54600,23200,31400,168000,48000,120000,18600,
45,18,451715,288115,107605,180510,56115,18705,37410,35700,12600,23100,73500,35700,37800,122800,40600,82200,145000,40000,105000,18600,
45,19,449560,277760,129145,148615,99760,43645,56115,39900,14700,25200,60900,33600,27300,77200,37200,40000,147000,72000,75000,24800,
45,20,441620,317820,141875,175945,87720,39775,47945,44100,16800,27300,84000,44100,39900,102000,41200,60800,99000,24000,75000,24800,
45,21,512655,318855,117540,201315,81055,24940,56115,31500,10500,21000,86100,35700,50400,120200,46400,73800,169000,64000,105000,24800,
45,22,475900,281300,149410,131890,62350,37410,24940,44100,25200,18900,82050,46200,35850,92800,40600,52200,176000,56000,120000,18600,
45,23,479330,291730,148180,143550,112230,49880,62350,48300,14700,33600,73800,37800,36000,57400,45800,11600,169000,64000,105000,18600,
45,24,528255,313455,113340,200115,81055,24940,56115,27300,10500,16800,86100,31500,54600,119000,46400,72600,190000,40000,150000,24800,
45,25,499665,298865,130480,168385,118465,49880,68585,35700,18900,16800,35700,10500,25200,109000,51200,57800,176000,56000,120000,24800,
45,26,574595,312795,133845,178950,105995,43645,62350,33600,12600,21000,54600,16800,37800,118600,60800,57800,237000,72000,165000,24800,
45,27,401295,266695,124545,142150,105995,43645,62350,21000,18900,2100,69300,42000,27300,70400,20000,50400,116000,56000,60000,18600,
45,28,507270,290470,134860,155610,74820,37410,37410,31500,12600,18900,79950,44250,35700,104200,40600,63600,192000,72000,120000,24800,
45,29,443120,255520,123410,132110,74820,37410,37410,33600,14700,18900,71700,42300,29400,75400,29000,46400,169000,64000,105000,18600,
45,30,509990,270190,119225,150965,87290,31175,56115,27300,16800,10500,74400,36450,37950,81200,34800,46400,215000,80000,135000,24800,
46,0,550260,317460,111405,206055,99760,18705,81055,33600,12600,21000,65700,27900,37800,118400,52200,66200,208000,88000,120000,24800,
46,1,452325,281325,146975,134350,93525,31175,62350,39900,16800,23100,56700,42000,14700,91200,57000,34200,140000,80000,60000,31000,
46,2,584880,322280,148495,173785,112230,43645,68585,35700,10500,25200,93150,59550,33600,81200,34800,46400,244000,64000,180000,18600,
46,3,528465,334665,150780,183885,118465,49880,68585,37800,16800,21000,88200,52500,35700,90200,31600,58600,169000,64000,105000,24800,
46,4,409585,246785,118510,128275,68585,37410,31175,33600,18900,14700,67200,25200,42000,77400,37000,40400,138000,48000,90000,24800,
46,5,489025,295225,130745,164480,93525,43645,49880,33600,18900,14700,65100,25200,39900,103000,43000,60000,169000,64000,105000,24800,
46,6,460250,226450,110540,115910,62350,24940,37410,25200,10500,14700,69300,34500,34800,69600,40600,29000,209000,104000,105000,24800,
46,7,458625,304625,137545,167080,93525,43645,49880,37800,21000,16800,86100,35700,50400,87200,37200,50000,123000,48000,75000,31000,
46,8,565345,308745,158280,150465,105995,49880,56115,31500,14700,16800,95850,53100,42750,75400,40600,34800,238000,88000,150000,18600,
46,9,428490,254890,107475,147415,87290,31175,56115,31500,12600,18900,61500,40500,21000,74600,23200,51400,155000,80000,75000,18600,
46,10,421055,267255,99040,168215,89655,24940,64715,33600,21000,12600,71400,27300,44100,72600,25800,46800,129000,24000,105000,24800,
46,11,419360,270560,101010,169550,99760,37410,62350,42000,21000,21000,58800,16800,42000,70000,25800,44200,124000,64000,60000,24800,
46,12,482495,294895,135845,159050,105995,43645,62350,23100,6300,16800,71400,39900,31500,94400,46000,48400,169000,64000,105000,18600,
46,13,448785,278985,134345,144640,68585,43645,24940,37800,21000,16800,67200,35700,31500,105400,34000,71400,145000,40000,105000,24800,
46,14,482955,297155,117775,179380,81055,31175,49880,37800,16800,21000,60900,29400,31500,117400,40400,77000,161000,56000,105000,24800,
46,15,452815,268015,115305,152710,56115,18705,37410,33600,16800,16800,69300,33600,35700,109000,46200,62800,160000,40000,120000,24800,
46,16,490025,294425,152845,141580,93525,43645,49880,29400,16800,12600,65100,37800,27300,106400,54600,51800,177000,72000,105000,18600,
46,17,521810,314010,124490,189520,99760,24940,74820,29400,14700,14700,69450,44250,25200,115400,40600,74800,183000,48000,135000,24800,
46,18,440385,276585,127110,149475,68585,37410,31175,35700,16800,18900,77700,27300,50400,94600,45600,49000,139000,64000,75000,24800,
46,19,493820,270020,122110,147910,74820,37410,37410,35700,14700,21000,78300,46800,31500,81200,23200,58000,199000,64000,135000,24800,
46,20,509970,285170,126825,158345,74820,31175,43645,29400,12600,16800,82350,42450,39900,98600,40600,58000,200000,80000,120000,24800,
46,21,470590,274990,110310,164680,87290,37410,49880,33600,14700,18900,59100,23400,35700,95000,34800,60200,177000,72000,105000,18600,
46,22,400620,232620,112775,119845,74820,31175,43645,29400,18900,10500,54600,23100,31500,73800,39600,34200,137000,32000,105000,31000,
46,23,458675,294075,110725,183350,93525,31175,62350,25200,8400,16800,79950,42150,37800,95400,29000,66400,146000,56000,90000,18600,
46,24,466625,307225,115010,192215,93525,37410,56115,39900,18900,21000,78000,29700,48300,95800,29000,66800,147000,72000,75000,12400,
46,25,435390,264590,110310,154280,87290,37410,49880,33600,12600,21000,69300,23100,46200,74400,37200,37200,146000,56000,90000,24800,
46,26,489840,274040,144245,129795,87290,43645,43645,25200,12600,12600,86550,42000,44550,75000,46000,29000,191000,56000,135000,24800,
46,27,408390,259790,120345,139445,87290,43645,43645,27300,10500,16800,54600,29400,25200,90600,36800,53800,130000,40000,90000,18600,
46,28,454770,246970,107690,139280,74820,24940,49880,23100,10500,12600,48450,31650,16800,100600,40600,60000,183000,48000,135000,24800,
46,29,404360,255760,112645,143115,99760,43645,56115,23100,12600,10500,65100,25200,39900,67800,31200,36600,130000,40000,90000,18600,
46,30,562370,304770,127790,176980,74820,24940,49880,44100,18900,25200,81450,43350,38100,104400,40600,63800,239000,104000,135000,18600,
47,0,453530,280930,130215,150715,112230,56115,56115,35700,8400,27300,75600,39900,35700,57400,25800,31600,154000,64000,90000,18600,
47,1,452925,318325,119475,198850,97825,31175,66650,35700,8400,27300,92400,48300,44100,92400,31600,60800,116000,56000,60000,18600,
47,2,502820,264020,119945,144075,74820,43645,31175,35700,14700,21000,72300,38400,33900,81200,23200,58000,214000,64000,150000,24800,
47,3,461500,253700,130575,123125,62350,31175,31175,33600,16800,16800,73950,33600,40350,83800,49000,34800,183000,48000,135000,24800,
47,4,456560,278760,136645,142115,99760,43645,56115,33600,14700,18900,71400,35700,35700,74000,42600,31400,153000,48000,105000,24800,
47,5,457450,261850,99005,162845,62350,18705,43645,29400,16800,12600,80700,34500,46200,89400,29000,60400,177000,72000,105000,18600,
47,6,440635,261035,117755,143280,68585,18705,49880,31500,18900,12600,71550,33750,37800,89400,46400,43000,161000,56000,105000,18600,
47,7,526280,330880,139495,191385,112230,43645,68585,35700,21000,14700,79950,40050,39900,103000,34800,68200,183000,48000,135000,12400,
47,8,471065,276465,104285,172180,56115,6235,49880,48300,18900,29400,91050,38550,52500,81000,40600,40400,176000,56000,120000,18600,
47,9,539895,322295,155145,167150,105995,43645,62350,31500,14700,16800,92400,50400,42000,92400,46400,46000,199000,64000,135000,18600,
47,10,459225,294625,141310,153315,93525,37410,56115,33600,10500,23100,73500,33600,39900,94000,59800,34200,146000,56000,90000,18600,
47,11,528825,312025,146445,165580,93525,43645,49880,42000,16800,25200,92700,57000,35700,83800,29000,54800,192000,72000,120000,24800,
47,12,417455,247655,122010,125645,81055,37410,43645,35700,16800,18900,56700,33600,23100,74200,34200,40000,145000,40000,105000,24800,
47,13,458525,332925,150345,182580,115025,47945,67080,37800,16800,21000,69300,25200,44100,110800,60400,50400,107000,32000,75000,18600,
47,14,537740,298140,132625,165515,87290,31175,56115,29400,14700,14700,88650,40350,48300,92800,46400,46400,221000,56000,165000,18600,
47,15,535695,326895,143110,183785,105995,37410,68585,39900,18900,21000,84000,46200,37800,97000,40600,56400,184000,64000,120000,24800,
47,16,435090,259090,113675,145415,87290,31175,56115,25200,14700,10500,75600,33600,42000,71000,34200,36800,145000,40000,105000,31000,
47,17,500340,296940,122195,174745,87290,43645,43645,33600,8400,25200,69450,29550,39900,106600,40600,66000,191000,56000,135000,12400,
47,18,448160,262360,129410,132950,99760,37410,62350,31500,21000,10500,73500,33600,39900,57600,37400,20200,161000,56000,105000,24800,
47,19,523595,297995,126180,171815,105995,49880,56115,25200,10500,14700,80400,42600,37800,86400,23200,63200,207000,72000,135000,18600,
47,20,417560,276960,127845,149115,104060,43645,60415,29400,12600,16800,77700,37800,39900,65800,33800,32000,122000,32000,90000,18600,
47,21,501085,306285,131805,174480,68585,18705,49880,42000,21000,21000,95100,57300,37800,100600,34800,65800,170000,80000,90000,24800,
47,22,521525,318925,142610,176315,93525,37410,56115,39900,16800,23100,81900,42000,39900,103600,46400,57200,184000,64000,120000,18600,
47,23,499860,314260,118645,195615,99760,43645,56115,29400,10500,18900,69300,27300,42000,115800,37200,78600,167000,32000,135000,18600,
47,24,524225,300625,120375,180250,93525,31175,62350,29400,8400,21000,88500,40200,48300,89200,40600,48600,205000,40000,165000,18600,
47,25,456290,290890,141245,149645,87290,43645,43645,35700,14700,21000,73500,39900,33600,94400,43000,51400,153000,48000,105000,12400,
47,26,495965,261365,139590,121775,56115,24940,31175,25200,16800,8400,81450,34050,47400,98600,63800,34800,216000,96000,120000,18600,
47,27,525670,293070,134725,158345,74820,31175,43645,31500,14700,16800,82350,42450,39900,104400,46400,58000,214000,64000,150000,18600,
47,28,528130,319330,146610,172720,112230,37410,74820,46200,23100,23100,77700,39900,37800,83200,46200,37000,184000,64000,120000,24800,
47,29,497140,286540,116760,169780,87290,37410,49880,35700,12600,23100,57150,31950,25200,106400,34800,71600,192000,72000,120000,18600,
47,30,493585,299785,137840,161945,68585,24940,43645,42000,21000,21000,88200,39900,48300,101000,52000,49000,169000,64000,105000,24800,
48,0,348615,223015,80405,142610,56115,18705,37410,31500,14700,16800,71400,21000,50400,64000,26000,38000,107000,32000,75000,18600,
48,1,500740,276740,123125,153615,87290,31175,56115,44100,18900,25200,61350,38250,23100,84000,34800,49200,193000,88000,105000,31000,
48,2,504760,317160,134880,182280,99760,49880,49880,42000,16800,25200,84000,33600,50400,91400,34600,56800,169000,64000,105000,18600,
48,3,463255,291655,131245,160410,81055,43645,37410,35700,16800,18900,86100,42000,44100,88800,28800,60000,153000,48000,105000,18600,
48,4,515470,289670,128495,161175,74820,43645,31175,23100,8400,14700,76350,53250,23100,115400,23200,92200,201000,96000,105000,24800,
48,5,439615,290015,138140,151875,56115,24940,31175,37800,16800,21000,77700,42000,35700,118400,54400,64000,131000,56000,75000,18600,
48,6,498725,305925,128010,177915,93525,37410,56115,31500,12600,18900,73500,37800,35700,107400,40200,67200,168000,48000,120000,24800,
48,7,465995,318395,150980,167415,131795,58480,73315,27300,14700,12600,69300,29400,39900,90000,48400,41600,129000,24000,105000,18600,
48,8,442130,286530,108180,178350,129430,49880,79550,39900,14700,25200,63000,21000,42000,54200,22600,31600,137000,32000,105000,18600,
48,9,506695,297895,154045,143850,105995,43645,62350,33600,18900,14700,77700,48300,29400,80600,43200,37400,184000,64000,120000,24800,
48,10,512655,313655,142245,171410,81055,43645,37410,50400,25200,25200,71400,33600,37800,110800,39800,71000,168000,48000,120000,31000,
48,11,525025,300425,130210,170215,93525,37410,56115,48300,16800,31500,54600,21000,33600,104000,55000,49000,206000,56000,150000,18600,
48,12,350950,240350,90705,149645,83850,18705,65145,44100,12600,31500,63000,33600,29400,49400,25800,23600,92000,32000,60000,18600,
48,13,512125,333325,138945,194380,93525,43645,49880,31500,8400,23100,86100,44100,42000,122200,42800,79400,154000,64000,90000,24800,
48,14,494240,276640,115525,161115,87290,31175,56115,33600,16800,16800,80550,38550,42000,75200,29000,46200,199000,64000,135000,18600,
48,15,519550,279750,127770,151980,62350,12470,49880,33600,16800,16800,59400,40500,18900,124400,58000,66400,215000,80000,135000,24800,
48,16,537895,359295,164645,194650,105995,43645,62350,42000,14700,27300,94500,56700,37800,116800,49600,67200,160000,40000,120000,18600,
48,17,444160,257560,102910,154650,99760,37410,62350,31500,12600,18900,71700,29700,42000,54600,23200,31400,168000,48000,120000,18600,
48,18,451715,288115,107605,180510,56115,18705,37410,35700,12600,23100,73500,35700,37800,122800,40600,82200,145000,40000,105000,18600,
48,19,449560,277760,129145,148615,99760,43645,56115,39900,14700,25200,60900,33600,27300,77200,37200,40000,147000,72000,75000,24800,
48,20,441620,317820,141875,175945,87720,39775,47945,44100,16800,27300,84000,44100,39900,102000,41200,60800,99000,24000,75000,24800,
48,21,512655,318855,117540,201315,81055,24940,56115,31500,10500,21000,86100,35700,50400,120200,46400,73800,169000,64000,105000,24800,
48,22,475900,281300,149410,131890,62350,37410,24940,44100,25200,18900,82050,46200,35850,92800,40600,52200,176000,56000,120000,18600,
48,23,479330,291730,148180,143550,112230,49880,62350,48300,14700,33600,73800,37800,36000,57400,45800,11600,169000,64000,105000,18600,
48,24,528255,313455,113340,200115,81055,24940,56115,27300,10500,16800,86100,31500,54600,119000,46400,72600,190000,40000,150000,24800,
48,25,499665,298865,130480,168385,118465,49880,68585,35700,18900,16800,35700,10500,25200,109000,51200,57800,176000,56000,120000,24800,
48,26,574595,312795,133845,178950,105995,43645,62350,33600,12600,21000,54600,16800,37800,118600,60800,57800,237000,72000,165000,24800,
48,27,401295,266695,124545,142150,105995,43645,62350,21000,18900,2100,69300,42000,27300,70400,20000,50400,116000,56000,60000,18600,
48,28,507270,290470,134860,155610,74820,37410,37410,31500,12600,18900,79950,44250,35700,104200,40600,63600,192000,72000,120000,24800,
48,29,443120,255520,123410,132110,74820,37410,37410,33600,14700,18900,71700,42300,29400,75400,29000,46400,169000,64000,105000,18600,
48,30,509990,270190,119225,150965,87290,31175,56115,27300,16800,10500,74400,36450,37950,81200,34800,46400,215000,80000,135000,24800,
49,0,554035,330235,138190,192045,68585,24940,43645,39900,16800,23100,92550,44250,48300,129200,52200,77000,199000,64000,135000,24800,
49,1,510725,286925,125810,161115,93525,37410,56115,35700,10500,25200,65100,31500,33600,92600,46400,46200,199000,64000,135000,24800,
49,2,423490,265690,110510,155180,87290,37410,49880,18900,12600,6300,39900,6300,33600,119600,54200,65400,133000,88000,45000,24800,
49,3,449520,276920,130575,146345,74820,31175,43645,31500,12600,18900,67200,37800,29400,103400,49000,54400,154000,64000,90000,18600,
49,4,404190,279390,126910,152480,91590,41710,49880,37800,18900,18900,67200,31500,35700,82800,34800,48000,100000,40000,60000,24800,
49,5,485775,283175,128125,155050,93525,31175,62350,46200,18900,27300,56850,31650,25200,86600,46400,40200,184000,64000,120000,18600,
49,6,454650,276850,139540,137310,62350,24940,37410,44100,23100,21000,75600,48300,27300,94800,43200,51600,153000,48000,105000,24800,
49,7,470860,306260,150845,155415,99760,43645,56115,37800,18900,18900,69300,39900,29400,99400,48400,51000,146000,56000,90000,18600,
49,8,556095,302295,128275,174020,105995,31175,74820,39900,21000,18900,70200,47100,23100,86200,29000,57200,229000,64000,165000,24800,
49,9,586425,293625,151260,142365,93525,37410,56115,37800,21000,16800,75300,40650,34650,87000,52200,34800,268000,88000,180000,24800,
49,10,494020,279220,115440,163780,74820,24940,49880,48300,16800,31500,69300,27300,42000,86800,46400,40400,190000,40000,150000,24800,
49,11,458290,278690,108775,169915,87290,31175,56115,37800,10500,27300,73800,38100,35700,79800,29000,50800,161000,56000,105000,18600,
49,12,544630,342030,152145,189885,112230,43645,68585,33600,16800,16800,92400,48300,44100,103800,43400,60400,184000,64000,120000,18600,
49,13,520485,310885,148210,162675,68585,37410,31175,46200,16800,29400,77700,33600,44100,118400,60400,58000,191000,56000,135000,18600,
49,14,469195,289595,136610,152985,105995,37410,68585,27300,14700,12600,65100,35700,29400,91200,48800,42400,161000,56000,105000,18600,
49,15,488300,310500,134980,175520,124700,49880,74820,42000,16800,25200,71400,31500,39900,72400,36800,35600,153000,48000,105000,24800,
49,16,443130,257330,96020,161310,49880,12470,37410,37800,12600,25200,88650,36150,52500,81000,34800,46200,161000,56000,105000,24800,
49,17,482155,294555,130075,164480,81055,31175,49880,31500,10500,21000,84000,42000,42000,98000,46400,51600,169000,64000,105000,18600,
49,18,560500,326900,144075,182825,62350,31175,31175,37800,10500,27300,99150,44400,54750,127600,58000,69600,215000,80000,135000,18600,
49,19,469555,296955,131540,165415,81055,24940,56115,39900,18900,21000,75600,35700,39900,100400,52000,48400,154000,64000,90000,18600,
49,20,529535,298735,111825,186910,68585,31175,37410,39900,18900,21000,82650,38550,44100,107600,23200,84400,206000,56000,150000,24800,
49,21,490765,274965,127180,147785,118465,49880,68585,23100,14700,8400,58800,25200,33600,74600,37400,37200,191000,56000,135000,24800,
49,22,442290,255490,110440,145050,87290,24940,62350,27300,14700,12600,63300,36000,27300,77600,34800,42800,162000,72000,90000,24800,
49,23,547995,308195,148780,159415,105995,49880,56115,23100,12600,10500,69300,31500,37800,109800,54800,55000,215000,80000,135000,24800,
49,24,456860,291260,125410,165850,99760,37410,62350,35700,14700,21000,75600,35700,39900,80200,37600,42600,147000,72000,75000,18600,
49,25,460760,275960,135945,140015,99760,43645,56115,27300,8400,18900,86100,52500,33600,62800,31400,31400,160000,40000,120000,24800,
49,26,497460,294860,143310,151550,99760,37410,62350,37800,18900,18900,56700,37800,18900,100600,49200,51400,184000,64000,120000,18600,
49,27,464125,291525,125145,166380,93525,43645,49880,37800,10500,27300,79800,33600,46200,80400,37400,43000,154000,64000,90000,18600,
49,28,439955,270355,93405,176950,111155,18705,92450,33600,12600,21000,50400,18900,31500,75200,43200,32000,151000,16000,135000,18600,
49,29,454325,292325,145680,146645,97825,54180,43645,31500,14700,16800,71400,42000,29400,91600,34800,56800,131000,56000,75000,31000,
49,30,484560,313760,123440,190320,99760,24940,74820,29400,8400,21000,88200,44100,44100,96400,46000,50400,146000,56000,90000,24800,
50,0,540645,323845,137825,186020,105995,31175,74820,44100,16800,27300,94950,55050,39900,78800,34800,44000,192000,72000,120000,24800,
50,1,501720,291920,132810,159110,74820,37410,37410,33600,14700,18900,56700,31500,25200,126800,49200,77600,185000,80000,105000,24800,
50,2,468420,265820,128875,136945,74820,31175,43645,14700,8400,6300,60900,31500,29400,115400,57800,57600,184000,64000,120000,18600,
50,3,458590,280790,109440,171350,87290,24940,62350,33600,10500,23100,73500,33600,39900,86400,40400,46000,153000,48000,105000,24800,
50,4,487720,294120,94000,200120,74820,0,74820,37800,14700,23100,63300,21300,42000,118200,58000,60200,175000,40000,135000,18600,
50,5,451660,273860,119845,154015,99760,43645,56115,44100,16800,27300,67200,33600,33600,62800,25800,37000,153000,48000,105000,24800,
50,6,519085,301485,154710,146775,68585,37410,31175,44100,27300,16800,58800,29400,29400,130000,60600,69400,199000,64000,135000,18600,
50,7,421225,280425,126975,153450,97825,31175,66650,46200,23100,23100,71400,27300,44100,65000,45400,19600,116000,56000,60000,24800,
50,8,477530,307730,145715,162015,112230,56115,56115,23100,8400,14700,100800,50400,50400,71600,30800,40800,145000,40000,105000,24800,
50,9,479225,279425,128445,150980,93525,43645,49880,31500,12600,18900,63000,29400,33600,91400,42800,48600,175000,40000,135000,24800,
50,10,479725,300925,132740,168185,93525,24940,68585,21000,16800,4200,88200,50400,37800,98200,40600,57600,154000,64000,90000,24800,
50,11,378490,244690,90840,153850,87290,24940,62350,29400,16800,12600,50400,6300,44100,77600,42800,34800,109000,64000,45000,24800,
50,12,504260,327460,127175,200285,99760,31175,68585,37800,14700,23100,98700,44100,54600,91200,37200,54000,152000,32000,120000,24800,
50,13,478960,300160,145415,154745,99760,56115,43645,35700,14700,21000,73500,37800,35700,91200,36800,54400,154000,64000,90000,24800,
50,14,571950,317150,126470,190680,62350,12470,49880,25200,12600,12600,99600,49200,50400,130000,52200,77800,230000,80000,150000,24800,
50,15,450220,271620,142010,129610,74820,37410,37410,37800,21000,16800,75600,37800,37800,83400,45800,37600,160000,40000,120000,18600,
50,16,464135,240335,113210,127125,68585,37410,31175,14700,4200,10500,52650,25200,27450,104400,46400,58000,199000,64000,135000,24800,
50,17,520695,296895,131845,165050,105995,43645,62350,35700,6300,29400,71400,35700,35700,83800,46200,37600,199000,64000,135000,24800,
50,18,522555,329755,115940,213815,81055,24940,56115,29400,12600,16800,98700,37800,60900,120600,40600,80000,168000,48000,120000,24800,
50,19,521155,309555,131610,177945,81055,37410,43645,42000,14700,27300,82500,44700,37800,104000,34800,69200,193000,88000,105000,18600,
50,20,543875,318275,146025,172250,93525,31175,62350,46200,18900,27300,71550,37950,33600,107000,58000,49000,207000,72000,135000,18600,
50,21,457255,322655,103905,218750,111155,18705,92450,33600,10500,23100,90300,39900,50400,87600,34800,52800,116000,56000,60000,18600,
50,22,484805,273205,113725,159480,81055,31175,49880,37800,12600,25200,52950,23550,29400,101400,46400,55000,193000,88000,105000,18600,
50,23,456625,321225,144175,177050,102125,31175,70950,35700,12600,23100,84000,46200,37800,99400,54200,45200,123000,48000,75000,12400,
50,24,514865,330065,137080,192985,118465,49880,68585,37800,14700,23100,75600,44100,31500,98200,28400,69800,160000,40000,120000,24800,
50,25,538560,298960,119010,179950,99760,37410,62350,39900,16800,23100,69900,30000,39900,89400,34800,54600,221000,56000,165000,18600,
50,26,493355,298755,138910,159845,81055,37410,43645,33600,10500,23100,77700,42000,35700,106400,49000,57400,176000,56000,120000,18600,
50,27,512430,309830,124845,184985,112230,43645,68585,44100,16800,27300,52500,21000,31500,101000,43400,57600,184000,64000,120000,18600,
50,28,520085,288285,144210,144075,68585,37410,31175,33600,16800,16800,75900,37800,38100,110200,52200,58000,207000,72000,135000,24800,
50,29,505655,287055,112705,174350,81055,18705,62350,33600,18900,14700,74400,34500,39900,98000,40600,57400,200000,80000,120000,18600,
50,30,452860,282060,114510,167550,99760,37410,62350,29400,18900,10500,69300,21000,48300,83600,37200,46400,146000,56000,90000,24800,
51,0,540645,323845,137825,186020,105995,31175,74820,44100,16800,27300,94950,55050,39900,78800,34800,44000,192000,72000,120000,24800,
51,1,517510,290910,125895,165015,99760,43645,56115,35700,16800,18900,65850,36450,29400,89600,29000,60600,208000,88000,120000,18600,
51,2,468420,265820,128875,136945,74820,31175,43645,14700,8400,6300,60900,31500,29400,115400,57800,57600,184000,64000,120000,18600,
51,3,458590,280790,109440,171350,87290,24940,62350,33600,10500,23100,73500,33600,39900,86400,40400,46000,153000,48000,105000,24800,
51,4,487720,294120,94000,200120,74820,0,74820,37800,14700,23100,63300,21300,42000,118200,58000,60200,175000,40000,135000,18600,
51,5,451660,273860,119845,154015,99760,43645,56115,44100,16800,27300,67200,33600,33600,62800,25800,37000,153000,48000,105000,24800,
51,6,519085,301485,154710,146775,68585,37410,31175,44100,27300,16800,58800,29400,29400,130000,60600,69400,199000,64000,135000,18600,
51,7,421225,280425,126975,153450,97825,31175,66650,46200,23100,23100,71400,27300,44100,65000,45400,19600,116000,56000,60000,24800,
51,8,477530,307730,145715,162015,112230,56115,56115,23100,8400,14700,100800,50400,50400,71600,30800,40800,145000,40000,105000,24800,
51,9,479225,279425,128445,150980,93525,43645,49880,31500,12600,18900,63000,29400,33600,91400,42800,48600,175000,40000,135000,24800,
51,10,479725,300925,132740,168185,93525,24940,68585,21000,16800,4200,88200,50400,37800,98200,40600,57600,154000,64000,90000,24800,
51,11,378490,244690,90840,153850,87290,24940,62350,29400,16800,12600,50400,6300,44100,77600,42800,34800,109000,64000,45000,24800,
51,12,504260,327460,127175,200285,99760,31175,68585,37800,14700,23100,98700,44100,54600,91200,37200,54000,152000,32000,120000,24800,
51,13,478960,300160,145415,154745,99760,56115,43645,35700,14700,21000,73500,37800,35700,91200,36800,54400,154000,64000,90000,24800,
51,14,571950,317150,126470,190680,62350,12470,49880,25200,12600,12600,99600,49200,50400,130000,52200,77800,230000,80000,150000,24800,
51,15,450220,271620,142010,129610,74820,37410,37410,37800,21000,16800,75600,37800,37800,83400,45800,37600,160000,40000,120000,18600,
51,16,464135,240335,113210,127125,68585,37410,31175,14700,4200,10500,52650,25200,27450,104400,46400,58000,199000,64000,135000,24800,
51,17,520695,296895,131845,165050,105995,43645,62350,35700,6300,29400,71400,35700,35700,83800,46200,37600,199000,64000,135000,24800,
51,18,522555,329755,115940,213815,81055,24940,56115,29400,12600,16800,98700,37800,60900,120600,40600,80000,168000,48000,120000,24800,
51,19,521155,309555,131610,177945,81055,37410,43645,42000,14700,27300,82500,44700,37800,104000,34800,69200,193000,88000,105000,18600,
51,20,543875,318275,146025,172250,93525,31175,62350,46200,18900,27300,71550,37950,33600,107000,58000,49000,207000,72000,135000,18600,
51,21,457255,322655,103905,218750,111155,18705,92450,33600,10500,23100,90300,39900,50400,87600,34800,52800,116000,56000,60000,18600,
51,22,484805,273205,113725,159480,81055,31175,49880,37800,12600,25200,52950,23550,29400,101400,46400,55000,193000,88000,105000,18600,
51,23,456625,321225,144175,177050,102125,31175,70950,35700,12600,23100,84000,46200,37800,99400,54200,45200,123000,48000,75000,12400,
51,24,514865,330065,137080,192985,118465,49880,68585,37800,14700,23100,75600,44100,31500,98200,28400,69800,160000,40000,120000,24800,
51,25,538560,298960,119010,179950,99760,37410,62350,39900,16800,23100,69900,30000,39900,89400,34800,54600,221000,56000,165000,18600,
51,26,493355,298755,138910,159845,81055,37410,43645,33600,10500,23100,77700,42000,35700,106400,49000,57400,176000,56000,120000,18600,
51,27,512430,309830,124845,184985,112230,43645,68585,44100,16800,27300,52500,21000,31500,101000,43400,57600,184000,64000,120000,18600,
51,28,520085,288285,144210,144075,68585,37410,31175,33600,16800,16800,75900,37800,38100,110200,52200,58000,207000,72000,135000,24800,
51,29,505655,287055,112705,174350,81055,18705,62350,33600,18900,14700,74400,34500,39900,98000,40600,57400,200000,80000,120000,18600,
51,30,452860,282060,114510,167550,99760,37410,62350,29400,18900,10500,69300,21000,48300,83600,37200,46400,146000,56000,90000,24800,
52,0,484630,326830,144280,182550,112230,49880,62350,39900,14700,25200,90300,48300,42000,84400,31400,53000,133000,88000,45000,24800,
52,1,510725,286925,125810,161115,93525,37410,56115,35700,10500,25200,65100,31500,33600,92600,46400,46200,199000,64000,135000,24800,
52,2,423490,265690,110510,155180,87290,37410,49880,18900,12600,6300,39900,6300,33600,119600,54200,65400,133000,88000,45000,24800,
52,3,449520,276920,130575,146345,74820,31175,43645,31500,12600,18900,67200,37800,29400,103400,49000,54400,154000,64000,90000,18600,
52,4,404190,279390,126910,152480,91590,41710,49880,37800,18900,18900,67200,31500,35700,82800,34800,48000,100000,40000,60000,24800,
52,5,485775,283175,128125,155050,93525,31175,62350,46200,18900,27300,56850,31650,25200,86600,46400,40200,184000,64000,120000,18600,
52,6,454650,276850,139540,137310,62350,24940,37410,44100,23100,21000,75600,48300,27300,94800,43200,51600,153000,48000,105000,24800,
52,7,470860,306260,150845,155415,99760,43645,56115,37800,18900,18900,69300,39900,29400,99400,48400,51000,146000,56000,90000,18600,
52,8,556095,302295,128275,174020,105995,31175,74820,39900,21000,18900,70200,47100,23100,86200,29000,57200,229000,64000,165000,24800,
52,9,586425,293625,151260,142365,93525,37410,56115,37800,21000,16800,75300,40650,34650,87000,52200,34800,268000,88000,180000,24800,
52,10,494020,279220,115440,163780,74820,24940,49880,48300,16800,31500,69300,27300,42000,86800,46400,40400,190000,40000,150000,24800,
52,11,458290,278690,108775,169915,87290,31175,56115,37800,10500,27300,73800,38100,35700,79800,29000,50800,161000,56000,105000,18600,
52,12,544630,342030,152145,189885,112230,43645,68585,33600,16800,16800,92400,48300,44100,103800,43400,60400,184000,64000,120000,18600,
52,13,520485,310885,148210,162675,68585,37410,31175,46200,16800,29400,77700,33600,44100,118400,60400,58000,191000,56000,135000,18600,
52,14,469195,289595,136610,152985,105995,37410,68585,27300,14700,12600,65100,35700,29400,91200,48800,42400,161000,56000,105000,18600,
52,15,488300,310500,134980,175520,124700,49880,74820,42000,16800,25200,71400,31500,39900,72400,36800,35600,153000,48000,105000,24800,
52,16,443130,257330,96020,161310,49880,12470,37410,37800,12600,25200,88650,36150,52500,81000,34800,46200,161000,56000,105000,24800,
52,17,482155,294555,130075,164480,81055,31175,49880,31500,10500,21000,84000,42000,42000,98000,46400,51600,169000,64000,105000,18600,
52,18,560500,326900,144075,182825,62350,31175,31175,37800,10500,27300,99150,44400,54750,127600,58000,69600,215000,80000,135000,18600,
52,19,469555,296955,131540,165415,81055,24940,56115,39900,18900,21000,75600,35700,39900,100400,52000,48400,154000,64000,90000,18600,
52,20,529535,298735,111825,186910,68585,31175,37410,39900,18900,21000,82650,38550,44100,107600,23200,84400,206000,56000,150000,24800,
52,21,490765,274965,127180,147785,118465,49880,68585,23100,14700,8400,58800,25200,33600,74600,37400,37200,191000,56000,135000,24800,
52,22,442290,255490,110440,145050,87290,24940,62350,27300,14700,12600,63300,36000,27300,77600,34800,42800,162000,72000,90000,24800,
52,23,547995,308195,148780,159415,105995,49880,56115,23100,12600,10500,69300,31500,37800,109800,54800,55000,215000,80000,135000,24800,
52,24,456860,291260,125410,165850,99760,37410,62350,35700,14700,21000,75600,35700,39900,80200,37600,42600,147000,72000,75000,18600,
52,25,460760,275960,135945,140015,99760,43645,56115,27300,8400,18900,86100,52500,33600,62800,31400,31400,160000,40000,120000,24800,
52,26,497460,294860,143310,151550,99760,37410,62350,37800,18900,18900,56700,37800,18900,100600,49200,51400,184000,64000,120000,18600,
52,27,464125,291525,125145,166380,93525,43645,49880,37800,10500,27300,79800,33600,46200,80400,37400,43000,154000,64000,90000,18600,
52,28,439955,270355,93405,176950,111155,18705,92450,33600,12600,21000,50400,18900,31500,75200,43200,32000,151000,16000,135000,18600,
52,29,454325,292325,145680,146645,97825,54180,43645,31500,14700,16800,71400,42000,29400,91600,34800,56800,131000,56000,75000,31000,
52,30,484560,313760,123440,190320,99760,24940,74820,29400,8400,21000,88200,44100,44100,96400,46000,50400,146000,56000,90000,24800,
53,0,471525,286725,142510,144215,93525,37410,56115,27300,10500,16800,86100,46200,39900,79800,48400,31400,160000,40000,120000,24800,
53,1,445815,253015,107105,145910,56115,18705,37410,29400,14700,14700,60900,27300,33600,106600,46400,60200,168000,48000,120000,24800,
53,2,567840,342240,112555,229685,87290,18705,68585,46200,14700,31500,106350,55950,50400,102400,23200,79200,207000,72000,135000,18600,
53,3,392590,272190,130845,141345,87290,43645,43645,29400,14700,14700,73500,35700,37800,82000,36800,45200,108000,48000,60000,12400,
53,4,528660,327860,132240,195620,99760,24940,74820,48300,21000,27300,71400,39900,31500,108400,46400,62000,176000,56000,120000,24800,
53,5,440770,246970,122610,124360,74820,37410,37410,31500,12600,18900,56850,29400,27450,83800,43200,40600,169000,64000,105000,24800,
53,6,434085,278285,122805,155480,68585,18705,49880,29400,16800,12600,94500,44100,50400,85800,43200,42600,131000,56000,75000,24800,
53,7,471995,285395,120510,164885,105995,37410,68585,35700,16800,18900,77700,31500,46200,66000,34800,31200,168000,48000,120000,18600,
53,8,487400,270600,111830,158770,62350,49880,12470,33600,14700,18900,67650,29850,37800,107000,17400,89600,192000,72000,120000,24800,
53,9,442655,270855,141575,129280,81055,31175,49880,27300,12600,14700,73500,46200,27300,89000,51600,37400,147000,72000,75000,24800,
53,10,435390,265590,128310,137280,87290,37410,49880,31500,16800,14700,58800,31500,27300,88000,42600,45400,145000,40000,105000,24800,
53,11,489140,273340,121960,151380,87290,37410,49880,31500,12600,18900,82350,48750,33600,72200,23200,49000,191000,56000,135000,24800,
53,12,526025,295225,127110,168115,93525,37410,56115,33600,16800,16800,92700,38100,54600,75400,34800,40600,206000,56000,150000,24800,
53,13,579240,299640,141995,157645,87290,43645,43645,29400,10500,18900,90150,47250,42900,92800,40600,52200,261000,96000,165000,18600,
53,14,597165,382365,148510,233855,118465,37410,81055,48300,14700,33600,96600,42000,54600,119000,54400,64600,190000,40000,150000,24800,
53,15,584590,336990,151675,185315,87290,31175,56115,39900,14700,25200,105600,59400,46200,104200,46400,57800,229000,64000,165000,18600,
53,16,420985,289185,137610,151575,68585,37410,31175,48300,21000,27300,102900,50400,52500,69400,28800,40600,107000,32000,75000,24800,
53,17,498125,289325,130945,158380,93525,43645,49880,42000,16800,25200,75600,35700,39900,78200,34800,43400,184000,64000,120000,24800,
53,18,501040,282640,127560,155080,87290,37410,49880,31500,12600,18900,56850,25350,31500,107000,52200,54800,206000,56000,150000,12400,
53,19,430620,258020,107475,150545,74820,31175,43645,27300,12600,14700,60900,23100,37800,95000,40600,54400,154000,64000,90000,18600,
53,20,562205,322405,149210,173195,81055,37410,43645,39900,16800,23100,97050,48600,48450,104400,46400,58000,215000,80000,135000,24800,
53,21,536895,303295,139945,163350,105995,43645,62350,25200,16800,8400,90900,44700,46200,81200,34800,46400,215000,80000,135000,18600,
53,22,526175,291575,137275,154300,93525,31175,62350,33600,16800,16800,65850,25500,40350,98600,63800,34800,216000,96000,120000,18600,
53,23,505020,305220,136410,168810,74820,37410,37410,33600,12600,21000,84000,37800,46200,112800,48600,64200,175000,40000,135000,24800,
53,24,531290,299490,138175,161315,87290,31175,56115,35700,14700,21000,69300,31500,37800,107200,60800,46400,207000,72000,135000,24800,
53,25,615365,329765,139530,190235,118465,49880,68585,46200,18900,27300,72300,30150,42150,92800,40600,52200,267000,72000,195000,18600,
53,26,468820,273220,148210,125010,74820,37410,37410,31500,12600,18900,97500,46200,51300,69400,52000,17400,177000,72000,105000,18600,
53,27,575140,305340,136260,169080,87290,37410,49880,37800,16800,21000,70050,29850,40200,110200,52200,58000,245000,80000,165000,24800,
53,28,502640,277040,126320,150720,87290,12470,74820,37800,16800,21000,59550,44850,14700,92400,52200,40200,207000,72000,135000,18600,
53,29,487720,286920,120775,166145,74820,31175,43645,33600,8400,25200,69300,29400,39900,109200,51800,57400,176000,56000,120000,24800,
53,30,508085,284285,122260,162025,68585,37410,31175,50400,18900,31500,78300,25350,52950,87000,40600,46400,199000,64000,135000,24800,
54,0,420455,287655,133310,154345,81055,37410,43645,42000,18900,23100,67200,42000,25200,97400,35000,62400,108000,48000,60000,24800,
54,1,532860,309060,131675,177385,99760,31175,68585,44100,21000,23100,67200,27300,39900,98000,52200,45800,199000,64000,135000,24800,
54,2,509855,308055,156845,151210,81055,43645,37410,39900,10500,29400,86100,56700,29400,101000,46000,55000,177000,72000,105000,24800,
54,3,449520,276920,130575,146345,74820,31175,43645,31500,12600,18900,67200,37800,29400,103400,49000,54400,154000,64000,90000,18600,
54,4,404190,279390,126910,152480,91590,41710,49880,37800,18900,18900,67200,31500,35700,82800,34800,48000,100000,40000,60000,24800,
54,5,485775,283175,128125,155050,93525,31175,62350,46200,18900,27300,56850,31650,25200,86600,46400,40200,184000,64000,120000,18600,
54,6,454650,276850,139540,137310,62350,24940,37410,44100,23100,21000,75600,48300,27300,94800,43200,51600,153000,48000,105000,24800,
54,7,470860,306260,150845,155415,99760,43645,56115,37800,18900,18900,69300,39900,29400,99400,48400,51000,146000,56000,90000,18600,
54,8,556095,302295,128275,174020,105995,31175,74820,39900,21000,18900,70200,47100,23100,86200,29000,57200,229000,64000,165000,24800,
54,9,586425,293625,151260,142365,93525,37410,56115,37800,21000,16800,75300,40650,34650,87000,52200,34800,268000,88000,180000,24800,
54,10,494020,279220,115440,163780,74820,24940,49880,48300,16800,31500,69300,27300,42000,86800,46400,40400,190000,40000,150000,24800,
54,11,458290,278690,108775,169915,87290,31175,56115,37800,10500,27300,73800,38100,35700,79800,29000,50800,161000,56000,105000,18600,
54,12,544630,342030,152145,189885,112230,43645,68585,33600,16800,16800,92400,48300,44100,103800,43400,60400,184000,64000,120000,18600,
54,13,520485,310885,148210,162675,68585,37410,31175,46200,16800,29400,77700,33600,44100,118400,60400,58000,191000,56000,135000,18600,
54,14,469195,289595,136610,152985,105995,37410,68585,27300,14700,12600,65100,35700,29400,91200,48800,42400,161000,56000,105000,18600,
54,15,488300,310500,134980,175520,124700,49880,74820,42000,16800,25200,71400,31500,39900,72400,36800,35600,153000,48000,105000,24800,
54,16,443130,257330,96020,161310,49880,12470,37410,37800,12600,25200,88650,36150,52500,81000,34800,46200,161000,56000,105000,24800,
54,17,482155,294555,130075,164480,81055,31175,49880,31500,10500,21000,84000,42000,42000,98000,46400,51600,169000,64000,105000,18600,
54,18,560500,326900,144075,182825,62350,31175,31175,37800,10500,27300,99150,44400,54750,127600,58000,69600,215000,80000,135000,18600,
54,19,469555,296955,131540,165415,81055,24940,56115,39900,18900,21000,75600,35700,39900,100400,52000,48400,154000,64000,90000,18600,
54,20,529535,298735,111825,186910,68585,31175,37410,39900,18900,21000,82650,38550,44100,107600,23200,84400,206000,56000,150000,24800,
54,21,490765,274965,127180,147785,118465,49880,68585,23100,14700,8400,58800,25200,33600,74600,37400,37200,191000,56000,135000,24800,
54,22,442290,255490,110440,145050,87290,24940,62350,27300,14700,12600,63300,36000,27300,77600,34800,42800,162000,72000,90000,24800,
54,23,547995,308195,148780,159415,105995,49880,56115,23100,12600,10500,69300,31500,37800,109800,54800,55000,215000,80000,135000,24800,
54,24,456860,291260,125410,165850,99760,37410,62350,35700,14700,21000,75600,35700,39900,80200,37600,42600,147000,72000,75000,18600,
54,25,460760,275960,135945,140015,99760,43645,56115,27300,8400,18900,86100,52500,33600,62800,31400,31400,160000,40000,120000,24800,
54,26,497460,294860,143310,151550,99760,37410,62350,37800,18900,18900,56700,37800,18900,100600,49200,51400,184000,64000,120000,18600,
54,27,464125,291525,125145,166380,93525,43645,49880,37800,10500,27300,79800,33600,46200,80400,37400,43000,154000,64000,90000,18600,
54,28,439955,270355,93405,176950,111155,18705,92450,33600,12600,21000,50400,18900,31500,75200,43200,32000,151000,16000,135000,18600,
54,29,454325,292325,145680,146645,97825,54180,43645,31500,14700,16800,71400,42000,29400,91600,34800,56800,131000,56000,75000,31000,
54,30,484560,313760,123440,190320,99760,24940,74820,29400,8400,21000,88200,44100,44100,96400,46000,50400,146000,56000,90000,24800,
55,0,542045,339445,147460,191985,105995,37410,68585,35700,16800,18900,96750,52650,44100,101000,40600,60400,184000,64000,120000,18600,
55,1,572415,308815,137055,171760,56115,18705,37410,27300,16800,10500,97800,49350,48450,127600,52200,75400,245000,80000,165000,18600,
55,2,431985,247185,121075,126110,68585,31175,37410,35700,18900,16800,65100,42000,23100,77800,29000,48800,160000,40000,120000,24800,
55,3,428590,296790,106210,190580,107490,40410,67080,23100,10500,12600,71400,27300,44100,94800,28000,66800,107000,32000,75000,24800,
55,4,456560,278760,136645,142115,99760,43645,56115,33600,14700,18900,71400,35700,35700,74000,42600,31400,153000,48000,105000,24800,
55,5,457450,261850,99005,162845,62350,18705,43645,29400,16800,12600,80700,34500,46200,89400,29000,60400,177000,72000,105000,18600,
55,6,416430,280830,98145,182685,112230,43645,68585,35700,14700,21000,56700,16800,39900,76200,23000,53200,117000,72000,45000,18600,
55,7,495930,295130,126280,168850,112230,49880,62350,33600,16800,16800,69300,33600,35700,80000,26000,54000,176000,56000,120000,24800,
55,8,425390,307590,125410,182180,104490,37410,67080,35700,14700,21000,63000,35700,27300,104400,37600,66800,93000,48000,45000,24800,
55,9,501660,286060,136110,149950,99760,37410,62350,21000,12600,8400,81900,39900,42000,83400,46200,37200,197000,32000,165000,18600,
55,10,503590,303790,116010,187780,87290,37410,49880,46200,18900,27300,92700,42300,50400,77600,17400,60200,175000,40000,135000,24800,
55,11,511195,317595,148510,169085,105995,37410,68585,39900,18900,21000,86100,37800,48300,85600,54400,31200,175000,40000,135000,18600,
55,12,508320,350720,164975,185745,74820,31175,43645,33600,16800,16800,111300,54600,56700,131000,62400,68600,139000,64000,75000,18600,
55,13,549925,311125,140445,170680,93525,43645,49880,33600,18900,14700,71400,31500,39900,112600,46400,66200,214000,64000,150000,24800,
55,14,525790,285190,131110,154080,87290,37410,49880,37800,16800,21000,61500,36300,25200,98600,40600,58000,222000,72000,150000,18600,
55,15,501745,291945,119290,172655,105995,24940,81055,29400,6300,23100,67350,35850,31500,89200,52200,37000,185000,80000,105000,24800,
55,16,404320,260920,138245,122675,74820,43645,31175,29400,12600,16800,73500,50400,23100,83200,31600,51600,131000,56000,75000,12400,
55,17,529460,304860,123710,181150,99760,37410,62350,31500,16800,14700,93000,40500,52500,80600,29000,51600,206000,56000,150000,18600,
55,18,587615,353215,136330,216885,118465,49880,68585,37800,14700,23100,97350,42750,54600,99600,29000,70600,222000,72000,150000,12400,
55,19,408020,254220,99210,155010,74820,37410,37410,25200,6300,18900,79800,35700,44100,74400,19800,54600,129000,24000,105000,24800,
55,20,506130,306330,118380,187950,112230,49880,62350,37800,12600,25200,73500,27300,46200,82800,28600,54200,175000,40000,135000,24800,
55,21,412085,234285,77470,156815,68585,12470,56115,29400,8400,21000,84900,45000,39900,51400,11600,39800,153000,48000,105000,24800,
55,22,468290,260490,131710,128780,87290,37410,49880,29400,16800,12600,46200,31500,14700,97600,46000,51600,183000,48000,135000,24800,
55,23,539985,300385,145010,155375,68585,37410,31175,35700,14700,21000,80100,46500,33600,116000,46400,69600,221000,56000,165000,18600,
55,24,532425,324625,163910,160715,93525,37410,56115,48300,23100,25200,79800,54600,25200,103000,48800,54200,183000,48000,135000,24800,
55,25,446390,296790,122475,174315,87290,31175,56115,31500,10500,21000,71400,37800,33600,106600,43000,63600,131000,56000,75000,18600,
55,26,559230,327430,128110,199320,112230,37410,74820,33600,12600,21000,67200,23100,44100,114400,55000,59400,207000,72000,135000,24800,
55,27,426865,291265,130780,160485,127065,49880,77185,18900,10500,8400,86100,50400,35700,59200,20000,39200,117000,72000,45000,18600,
55,28,532760,300960,135445,165515,99760,43645,56115,29400,14700,14700,73800,42300,31500,98000,34800,63200,207000,72000,135000,24800,
55,29,475690,294290,114610,179680,87290,37410,49880,29400,12600,16800,67200,12600,54600,110400,52000,58400,169000,64000,105000,12400,
55,30,491595,296995,130945,166050,105995,43645,62350,39900,18900,21000,73500,33600,39900,77600,34800,42800,176000,56000,120000,18600,
56,0,550260,317460,111405,206055,99760,18705,81055,33600,12600,21000,65700,27900,37800,118400,52200,66200,208000,88000,120000,24800,
56,1,580735,341135,138545,202590,130935,43645,87290,25200,4200,21000,71400,35700,35700,113600,55000,58600,221000,56000,165000,18600,
56,2,505860,296260,135080,161180,99760,49880,49880,42000,14700,27300,65100,27300,37800,89400,43200,46200,191000,56000,135000,18600,
56,3,438860,277060,133010,144050,99760,37410,62350,37800,16800,21000,65100,42000,23100,74400,36800,37600,137000,32000,105000,24800,
56,4,482925,281325,114575,166750,93525,31175,62350,27300,10500,16800,80100,38100,42000,80400,34800,45600,183000,48000,135000,18600,
56,5,520355,326555,129705,196850,81055,18705,62350,42000,16800,25200,77700,42000,35700,125800,52200,73600,169000,64000,105000,24800,
56,6,514270,273670,129810,143860,74820,37410,37410,39900,16800,23100,66150,23400,42750,92800,52200,40600,222000,72000,150000,18600,
56,7,493225,299425,132845,166580,93525,43645,49880,33600,14700,18900,77700,39900,37800,94600,34600,60000,169000,64000,105000,24800,
56,8,473535,263935,127690,136245,68585,24940,43645,42000,18900,23100,54750,31650,23100,98600,52200,46400,191000,56000,135000,18600,
56,9,470605,261805,135845,125960,81055,43645,37410,29400,14700,14700,58950,31500,27450,92400,46000,46400,184000,64000,120000,24800,
56,10,448690,263890,107510,156380,87290,37410,49880,31500,14700,16800,65100,29400,35700,80000,26000,54000,160000,40000,120000,24800,
56,11,541830,317030,109010,208020,112230,37410,74820,37800,16800,21000,76200,25800,50400,90800,29000,61800,200000,80000,120000,24800,
56,12,425720,254120,129675,124445,74820,31175,43645,35700,14700,21000,46200,29400,16800,97400,54400,43000,153000,48000,105000,18600,
56,13,471895,295095,126115,168980,105995,56115,49880,39900,10500,29400,63000,39900,23100,86200,19600,66600,152000,32000,120000,24800,
56,14,508640,277840,140575,137265,87290,31175,56115,25200,14700,10500,101550,65700,35850,63800,29000,34800,206000,56000,150000,24800,
56,15,441300,263500,110790,152710,62350,24940,37410,35700,16800,18900,82050,40050,42000,83400,29000,54400,153000,48000,105000,24800,
56,16,547595,322995,136245,186750,105995,43645,62350,37800,18900,18900,75600,27300,48300,103600,46400,57200,206000,56000,150000,18600,
56,17,466180,248580,108205,140375,49880,18705,31175,39900,16800,23100,83400,49500,33900,75400,23200,52200,199000,64000,135000,18600,
56,18,407455,275655,108110,167545,81055,37410,43645,50400,16800,33600,67200,23100,44100,77000,30800,46200,107000,32000,75000,24800,
56,19,501725,314125,134710,179415,93525,37410,56115,35700,16800,18900,86100,31500,54600,98800,49000,49800,169000,64000,105000,18600,
56,20,424020,254220,101275,152945,74820,31175,43645,35700,14700,21000,69300,21000,48300,74400,34400,40000,145000,40000,105000,24800,
56,21,540825,317025,142780,174245,93525,49880,43645,37800,18900,18900,81900,33600,48300,103800,40400,63400,199000,64000,135000,24800,
56,22,506525,304725,130510,174215,93525,37410,56115,42000,18900,23100,79800,33600,46200,89400,40600,48800,177000,72000,105000,24800,
56,23,505690,297090,131210,165880,87290,37410,49880,37800,10500,27300,79800,39900,39900,92200,43400,48800,190000,40000,150000,18600,
56,24,531160,344360,153675,190685,99760,31175,68585,33600,16800,16800,88200,48300,39900,122800,57400,65400,162000,72000,90000,24800,
56,25,500245,306445,104355,202090,105995,18705,87290,37800,21000,16800,71850,29850,42000,90800,34800,56000,169000,64000,105000,24800,
56,26,413955,250155,115475,134680,81055,31175,49880,29400,8400,21000,65100,35700,29400,74600,40200,34400,139000,64000,75000,24800,
56,27,565115,318315,120460,197855,118465,37410,81055,29400,6300,23100,59250,36150,23100,111200,40600,70600,222000,72000,150000,24800,
56,28,463825,286025,127545,158480,93525,43645,49880,14700,6300,8400,84000,37800,46200,93800,39800,54000,153000,48000,105000,24800,
56,29,465055,272255,116545,155710,81055,43645,37410,44100,16800,27300,60900,18900,42000,86200,37200,49000,168000,48000,120000,24800,
56,30,501190,285390,143110,142280,87290,37410,49880,31500,16800,14700,63000,48300,14700,103600,40600,63000,191000,56000,135000,24800,
57,0,542045,339445,147460,191985,105995,37410,68585,35700,16800,18900,96750,52650,44100,101000,40600,60400,184000,64000,120000,18600,
57,1,572415,308815,137055,171760,56115,18705,37410,27300,16800,10500,97800,49350,48450,127600,52200,75400,245000,80000,165000,18600,
57,2,448315,238515,117625,120890,56115,31175,24940,39900,18900,21000,55500,21150,34350,87000,46400,40600,185000,80000,105000,24800,
57,3,559555,313755,161445,152310,81055,43645,37410,35700,23100,12600,84000,48300,35700,113000,46400,66600,221000,56000,165000,24800,
57,4,492770,283170,125225,157945,74820,31175,43645,42000,18900,23100,73950,40350,33600,92400,34800,57600,191000,56000,135000,18600,
57,5,490120,297320,126875,170445,74820,31175,43645,37800,14700,23100,65100,29400,35700,119600,51600,68000,168000,48000,120000,24800,
57,6,415525,252725,133910,118815,93525,37410,56115,39900,18900,21000,56700,37800,18900,62600,39800,22800,138000,48000,90000,24800,
57,7,509195,301195,142210,158985,105995,37410,68585,42000,16800,25200,75600,42000,33600,77600,46000,31600,177000,72000,105000,31000,
57,8,470330,290730,131615,159115,112230,56115,56115,46200,18900,27300,60900,25200,35700,71400,31400,40000,161000,56000,105000,18600,
57,9,381285,277685,126910,150775,72885,41710,31175,37800,14700,23100,63000,27300,35700,104000,43200,60800,85000,40000,45000,18600,
57,10,358420,240620,113540,127080,77820,24940,52880,37800,18900,18900,46200,27300,18900,78800,42400,36400,93000,48000,45000,24800,
57,11,515265,306465,145380,161085,118465,49880,68585,31500,12600,18900,81900,48300,33600,74600,34600,40000,184000,64000,120000,24800,
57,12,566025,295425,126340,169085,93525,24940,68585,31500,10500,21000,57600,38700,18900,112800,52200,60600,252000,72000,180000,18600,
57,13,571095,316295,136910,179385,105995,37410,68585,42000,16800,25200,52500,18900,33600,115800,63800,52000,230000,80000,150000,24800,
57,14,533330,325330,129610,195720,112230,37410,74820,33600,10500,23100,77700,35700,42000,101800,46000,55800,177000,72000,105000,31000,
57,15,496740,256140,128210,127930,87290,37410,49880,31500,14700,16800,79350,47100,32250,58000,29000,29000,222000,72000,150000,18600,
57,16,444395,244595,120480,124115,105995,49880,56115,33600,21000,12600,50400,29400,21000,54600,20200,34400,175000,40000,135000,24800,
57,17,461540,278940,125960,152980,87290,37410,49880,42000,18900,23100,48450,23250,25200,101200,46400,54800,164000,104000,60000,18600,
57,18,557210,331410,152395,179015,99760,43645,56115,48300,25200,23100,90750,48750,42000,92600,34800,57800,201000,96000,105000,24800,
57,19,492240,302640,135225,167415,87290,31175,56115,44100,23100,21000,76050,40350,35700,95200,40600,54600,171000,96000,75000,18600,
57,20,468790,280990,111675,169315,87290,31175,56115,31500,10500,21000,76200,46800,29400,86000,23200,62800,163000,88000,75000,24800,
57,21,449425,261825,94810,167015,93525,37410,56115,35700,8400,27300,54600,8400,46200,78000,40600,37400,169000,64000,105000,18600,
57,22,459660,265060,110210,154850,99760,37410,62350,29400,8400,21000,60900,21000,39900,75000,43400,31600,176000,56000,120000,18600,
57,23,541805,286205,155810,130395,81055,37410,43645,37800,18900,18900,91950,53100,38850,75400,46400,29000,237000,72000,165000,18600,
57,24,454875,267275,96760,170515,93525,37410,56115,37800,16800,21000,61350,19350,42000,74600,23200,51400,169000,64000,105000,18600,
57,25,367020,243220,114675,128545,86420,34175,52245,37800,18900,18900,54600,33600,21000,64400,28000,36400,99000,24000,75000,24800,
57,26,561670,324670,129855,194815,74820,18705,56115,39900,14700,25200,88350,44250,44100,121600,52200,69400,206000,56000,150000,31000,
57,27,508555,289955,134505,155450,81055,18705,62350,29400,12600,16800,78300,51000,27300,101200,52200,49000,200000,80000,120000,18600,
57,28,498315,273715,132910,140805,56115,37410,18705,48300,14700,33600,76500,40200,36300,92800,40600,52200,206000,56000,150000,18600,
57,29,506790,306190,122875,183315,87290,31175,56115,35700,14700,21000,71400,33600,37800,111800,43400,68400,182000,32000,150000,18600,
57,30,561260,299460,113945,185515,99760,43645,56115,23100,4200,18900,87000,42900,44100,89600,23200,66400,237000,72000,165000,24800,
58,0,519525,327725,170115,157610,93525,56115,37410,27300,16800,10500,98700,46200,52500,108200,51000,57200,167000,32000,135000,24800,
58,1,471995,298395,136110,162285,105995,37410,68585,39900,14700,25200,69300,37800,31500,83200,46200,37000,155000,80000,75000,18600,
58,2,472790,309190,122740,186450,87290,24940,62350,29400,16800,12600,98700,46200,52500,93800,34800,59000,145000,40000,105000,18600,
58,3,465055,279255,136240,143015,81055,24940,56115,33600,18900,14700,84000,46200,37800,80600,46200,34400,161000,56000,105000,24800,
58,4,451485,257685,102040,155645,68585,24940,43645,25200,10500,14700,71700,31800,39900,92200,34800,57400,169000,64000,105000,24800,
58,5,523325,314525,138210,176315,93525,37410,56115,39900,16800,23100,77700,37800,39900,103400,46200,57200,184000,64000,120000,24800,
58,6,445175,236575,109245,127330,93525,43645,49880,27300,10500,16800,46350,14700,31650,69400,40400,29000,190000,40000,150000,18600,
58,7,554505,307705,126325,181380,81055,31175,49880,37800,16800,21000,76050,31950,44100,112800,46400,66400,222000,72000,150000,24800,
58,8,451525,271925,133110,138815,93525,37410,56115,31500,21000,10500,52500,39900,12600,94400,34800,59600,161000,56000,105000,18600,
58,9,413460,263860,124575,139285,99760,31175,68585,25200,14700,10500,90300,44100,46200,48600,34600,14000,131000,56000,75000,18600,
58,10,486960,301160,128975,172185,99760,31175,68585,27300,10500,16800,77700,44100,33600,96400,43200,53200,161000,56000,105000,24800,
58,11,457860,284460,124910,159550,99760,37410,62350,27300,16800,10500,63000,18900,44100,94400,51800,42600,161000,56000,105000,12400,
58,12,547740,293940,146245,147695,87290,43645,43645,33600,12600,21000,89250,29400,59850,83800,60600,23200,229000,64000,165000,24800,
58,13,516130,290530,108575,181955,112230,31175,81055,35700,14700,21000,68400,45300,23100,74200,17400,56800,207000,72000,135000,18600,
58,14,498920,296120,127475,168645,74820,31175,43645,37800,16800,21000,73500,27300,46200,110000,52200,57800,178000,88000,90000,24800,
58,15,444860,268060,92345,175715,99760,43645,56115,31500,8400,23100,58800,23100,35700,78000,17200,60800,152000,32000,120000,24800,
58,16,482450,258650,136740,121910,62350,24940,37410,42000,23100,18900,61500,42300,19200,92800,46400,46400,199000,64000,135000,24800,
58,17,459530,295730,144780,150950,112230,49880,62350,37800,14700,23100,77700,37800,39900,68000,42400,25600,139000,64000,75000,24800,
58,18,411855,263055,115275,147780,81055,31175,49880,31500,14700,16800,65100,29400,35700,85400,40000,45400,124000,64000,60000,24800,
58,19,540430,323830,140680,183150,112230,49880,62350,37800,14700,23100,50400,27300,23100,123400,48800,74600,198000,48000,150000,18600,
58,20,504425,303625,129610,174015,93525,37410,56115,39900,12600,27300,84000,33600,50400,86200,46000,40200,176000,56000,120000,24800,
58,21,525595,294795,130010,164785,105995,37410,68585,31500,16800,14700,56700,29400,27300,100600,46400,54200,206000,56000,150000,24800,
58,22,576905,316105,138275,177830,81055,31175,49880,35700,16800,18900,94950,38100,56850,104400,52200,52200,236000,56000,180000,24800,
58,23,468625,280225,136745,143480,93525,43645,49880,35700,16800,18900,67200,35700,31500,83800,40600,43200,176000,56000,120000,12400,
58,24,501095,293295,145710,147585,105995,37410,68585,39900,18900,21000,67200,46200,21000,80200,43200,37000,183000,48000,135000,24800,
58,25,534090,318290,142940,175350,87290,24940,62350,42000,21000,21000,88200,42000,46200,100800,55000,45800,191000,56000,135000,24800,
58,26,544530,347130,134510,212620,112230,37410,74820,42000,14700,27300,71700,36000,35700,121200,46400,74800,185000,80000,105000,12400,
58,27,515320,327720,167610,160110,74820,37410,37410,44100,16800,27300,105000,58800,46200,103800,54600,49200,169000,64000,105000,18600,
58,28,515400,290600,140010,150590,62350,37410,24940,35700,16800,18900,82350,33600,48750,110200,52200,58000,200000,80000,120000,24800,
58,29,449190,285390,126675,158715,87290,31175,56115,42000,14700,27300,69300,37800,31500,86800,43000,43800,139000,64000,75000,24800,
58,30,524630,308830,133045,175785,112230,43645,68585,35700,14700,21000,69300,31500,37800,91600,43200,48400,191000,56000,135000,24800,
59,0,484750,276950,122270,154680,62350,12470,49880,25200,10500,14700,71400,35700,35700,118000,63600,54400,183000,48000,135000,24800,
59,1,493240,276440,109725,166715,87290,31175,56115,29400,16800,12600,67950,38550,29400,91800,23200,68600,192000,72000,120000,24800,
59,2,472930,296130,110545,185585,116530,43645,72885,33600,16800,16800,67200,27300,39900,78800,22800,56000,152000,32000,120000,24800,
59,3,520425,285825,105910,179915,93525,37410,56115,44550,23550,21000,63750,21750,42000,84000,23200,60800,216000,96000,120000,18600,
59,4,512665,319865,128710,191155,118465,37410,81055,29400,8400,21000,79800,39900,39900,92200,43000,49200,168000,48000,120000,24800,
59,5,473960,312960,140245,172715,108360,52245,56115,27300,10500,16800,81900,39900,42000,95400,37600,57800,130000,40000,90000,31000,
59,6,539755,277155,104820,172335,81055,12470,68585,33600,6300,27300,81300,45450,35850,81200,40600,40600,244000,64000,180000,18600,
59,7,569925,345125,129510,215615,93525,37410,56115,35700,12600,23100,77700,18900,58800,138200,60600,77600,200000,80000,120000,24800,
59,8,359685,248885,84405,164480,85785,18705,67080,35700,10500,25200,58800,21000,37800,68600,34200,34400,86000,56000,30000,24800,
59,9,360085,262685,98775,163910,68585,31175,37410,42000,14700,27300,48300,10500,37800,103800,42400,61400,85000,40000,45000,12400,
59,10,449675,262875,113625,149250,93525,31175,62350,31500,12600,18900,71850,46650,25200,66000,23200,42800,162000,72000,90000,24800,
59,11,483255,296455,134340,162115,81055,24940,56115,33600,14700,18900,75600,39900,35700,106200,54800,51400,162000,72000,90000,24800,
59,12,568590,325990,155460,170530,87290,37410,49880,39900,12600,27300,65400,35850,29550,133400,69600,63800,224000,104000,120000,18600,
59,13,554060,328460,144575,183885,99760,31175,68585,39900,21000,18900,90600,40200,50400,98200,52200,46000,207000,72000,135000,18600,
59,14,471495,294695,131980,162715,105995,49880,56115,33600,14700,18900,111300,58800,52500,43800,8600,35200,152000,32000,120000,24800,
59,15,362400,211800,92690,119110,62350,24940,37410,33600,10500,23100,46650,34050,12600,69200,23200,46000,132000,72000,60000,18600,
59,16,540025,315225,136675,178550,93525,31175,62350,44100,16800,27300,82200,42300,39900,95400,46400,49000,200000,80000,120000,24800,
59,17,520430,310630,145145,165485,112230,43645,68585,42000,14700,27300,50400,37800,12600,106000,49000,57000,185000,80000,105000,24800,
59,18,476885,305285,125570,179715,68585,12470,56115,37800,16800,21000,60900,44100,16800,138000,52200,85800,153000,48000,105000,18600,
59,19,392690,245890,106910,138980,87290,37410,49880,42000,14700,27300,63000,21000,42000,53600,33800,19800,122000,32000,90000,24800,
59,20,509175,291375,118860,172515,93525,37410,56115,33600,16800,16800,71850,29850,42000,92400,34800,57600,193000,88000,105000,24800,
59,21,510505,300705,135295,165410,81055,43645,37410,35700,16800,18900,79950,40050,39900,104000,34800,69200,185000,80000,105000,24800,
59,22,452490,294890,144810,150080,87290,37410,49880,42000,16800,25200,71400,42000,29400,94200,48600,45600,139000,64000,75000,18600,
59,23,337150,242350,99240,143110,98850,36940,61910,25200,10500,14700,65100,29400,35700,53200,22400,30800,70000,40000,30000,24800,
59,24,504535,286935,100385,186550,68585,6235,62350,37800,16800,21000,78750,36750,42000,101800,40600,61200,199000,64000,135000,18600,
59,25,564360,300760,137710,163050,99760,37410,62350,23100,16800,6300,76500,42900,33600,101400,40600,60800,245000,80000,165000,18600,
59,26,603410,316810,143445,173365,99760,43645,56115,29400,12600,16800,83250,40800,42450,104400,46400,58000,268000,88000,180000,18600,
59,27,423620,251020,141510,109510,74820,37410,37410,46200,14700,31500,37800,37800,0,92200,51600,40600,154000,64000,90000,18600,
59,28,520125,310525,136575,173950,93525,31175,62350,35700,14700,21000,77700,35700,42000,103600,55000,48600,191000,56000,135000,18600,
59,29,455930,292130,121945,170185,112230,43645,68585,33600,16800,16800,65100,35700,29400,81200,25800,55400,139000,64000,75000,24800,
59,30,465095,295295,166415,128880,118895,69015,49880,44100,21000,23100,69300,42000,27300,63000,34400,28600,145000,40000,105000,24800,
60,0,542045,339445,147460,191985,105995,37410,68585,35700,16800,18900,96750,52650,44100,101000,40600,60400,184000,64000,120000,18600,
60,1,537595,320195,128275,191920,105995,31175,74820,29400,14700,14700,90600,36000,54600,94200,46400,47800,205000,40000,165000,12400,
60,2,468835,279435,133560,145875,68585,37410,31175,27300,12600,14700,73950,48750,25200,109600,34800,74800,177000,72000,105000,12400,
60,3,398825,286225,110610,175615,93525,37410,56115,33600,10500,23100,73500,31500,42000,85600,31200,54400,94000,64000,30000,18600,
60,4,421555,271155,128975,142180,81055,31175,49880,39900,16800,23100,84000,37800,46200,66200,43200,23000,138000,48000,90000,12400,
60,5,560855,308055,153480,154575,81055,49880,31175,31500,8400,23100,80100,37800,42300,115400,57400,58000,228000,48000,180000,24800,
60,6,469085,274285,117910,156375,68585,37410,31175,33600,12600,21000,65100,27300,37800,107000,40600,66400,170000,80000,90000,24800,
60,7,387050,285250,111440,173810,94150,30940,63210,33600,14700,18900,81900,46200,35700,75600,19600,56000,77000,32000,45000,24800,
60,8,498500,297900,143345,154555,124700,43645,81055,37800,18900,18900,75600,37800,37800,59800,43000,16800,182000,32000,150000,18600,
60,9,511935,294335,141090,153245,68585,24940,43645,37800,16800,21000,78150,52950,25200,109800,46400,63400,199000,64000,135000,18600,
60,10,543530,304730,148145,156585,112230,43645,68585,37800,14700,23100,56700,37800,18900,98000,52000,46000,214000,64000,150000,24800,
60,11,415655,275855,106040,169815,89655,24940,64715,33600,16800,16800,84000,27300,56700,68600,37000,31600,115000,40000,75000,24800,
60,12,544605,305805,163110,142695,81055,37410,43645,35700,14700,21000,107850,58800,49050,81200,52200,29000,214000,64000,150000,24800,
60,13,457955,279355,118475,160880,81055,31175,49880,39900,12600,27300,58800,31500,27300,99600,43200,56400,160000,40000,120000,18600,
60,14,427495,270895,119845,151050,105995,43645,62350,29400,10500,18900,56700,39900,16800,78800,25800,53000,138000,48000,90000,18600,
60,15,496690,315290,134210,181080,87290,37410,49880,35700,10500,25200,98700,39900,58800,93600,46400,47200,169000,64000,105000,12400,
60,16,468275,265675,115960,149715,93525,37410,56115,31500,14700,16800,48450,23250,25200,92200,40600,51600,184000,64000,120000,18600,
60,17,468020,259220,93575,165645,74820,31175,43645,50550,23250,27300,52650,4350,48300,81200,34800,46400,184000,64000,120000,24800,
60,18,578835,307235,146190,161045,68585,24940,43645,29400,14700,14700,87450,42750,44700,121800,63800,58000,253000,88000,165000,18600,
60,19,439490,281890,117075,164815,87290,31175,56115,29400,12600,16800,71400,35700,35700,93800,37600,56200,139000,64000,75000,18600,
60,20,438720,275920,127610,148310,74820,37410,37410,42000,23100,18900,56700,27300,29400,102400,39800,62600,138000,48000,90000,24800,
60,21,450940,278340,117825,160515,87290,31175,56115,18900,10500,8400,94950,52950,42000,77200,23200,54000,154000,64000,90000,18600,
60,22,440235,253435,119375,134060,68585,31175,37410,35700,18900,16800,73950,23100,50850,75200,46200,29000,162000,72000,90000,24800,
60,23,523520,327920,148210,179710,74820,37410,37410,39900,18900,21000,79800,39900,39900,133400,52000,81400,177000,72000,105000,18600,
60,24,396750,308350,112375,195975,101050,31175,69875,39900,12600,27300,71400,29400,42000,96000,39200,56800,76000,16000,60000,12400,
60,25,500485,274885,114005,160880,68585,18705,49880,23100,18900,4200,85200,47400,37800,98000,29000,69000,207000,72000,135000,18600,
60,26,433385,269585,110575,159010,68585,31175,37410,44100,21000,23100,65100,21000,44100,91800,37400,54400,139000,64000,75000,24800,
60,27,492095,306295,124415,181880,105995,56115,49880,33600,14700,18900,86100,33600,52500,80600,20000,60600,161000,56000,105000,24800,
60,28,505975,274375,125960,148415,93525,37410,56115,42000,18900,23100,63450,23250,40200,75400,46400,29000,213000,48000,165000,18600,
60,29,411890,255290,113280,142010,87290,49880,37410,35700,12600,23100,60900,33600,27300,71400,17200,54200,138000,48000,90000,18600,
60,30,341685,246085,103475,142610,71585,34175,37410,37800,14700,23100,56700,29400,27300,80000,25200,54800,77000,32000,45000,18600,
61,0,624310,338510,136125,202385,99760,31175,68585,39900,16800,23100,65850,30150,35700,133000,58000,75000,261000,96000,165000,24800,
61,1,500610,307810,103190,204620,99760,24940,74820,46200,14700,31500,76050,40350,35700,85800,23200,62600,168000,48000,120000,24800,
61,2,538365,320565,158645,161920,118465,43645,74820,16800,12600,4200,73500,33600,39900,111800,68800,43000,193000,88000,105000,24800,
61,3,464555,301955,132510,169445,81055,37410,43645,42000,18900,23100,86100,33600,52500,92800,42600,50200,144000,24000,120000,18600,
61,4,511525,285925,124440,161485,93525,24940,68585,44100,16800,27300,61500,36300,25200,86800,46400,40400,207000,72000,135000,18600,
61,5,485170,275570,123490,152080,74820,24940,49880,42000,14700,27300,63150,31650,31500,95600,52200,43400,191000,56000,135000,18600,
61,6,457765,255165,138625,116540,56115,31175,24940,23100,10500,12600,88950,50550,38400,87000,46400,40600,184000,64000,120000,18600,
61,7,575960,351360,140875,210485,99760,31175,68585,33600,14700,18900,99000,48600,50400,119000,46400,72600,206000,56000,150000,18600,
61,8,447255,299455,121205,178250,89655,18705,70950,39900,14700,25200,86100,50400,35700,83800,37400,46400,123000,48000,75000,24800,
61,9,507075,320475,113990,206485,93525,24940,68585,37800,16800,21000,84150,31650,52500,105000,40600,64400,168000,48000,120000,18600,
61,10,520260,296460,134645,161815,99760,43645,56115,44100,16800,27300,71400,33600,37800,81200,40600,40600,199000,64000,135000,24800,
61,11,445695,290895,149445,141450,105995,43645,62350,31500,21000,10500,75600,37800,37800,77800,47000,30800,130000,40000,90000,24800,
61,12,490505,287905,132325,155580,81055,31175,49880,35700,16800,18900,67350,37950,29400,103800,46400,57400,184000,64000,120000,18600,
61,13,575560,337760,153545,184215,99760,43645,56115,37800,16800,21000,88200,44100,44100,112000,49000,63000,213000,48000,165000,24800,
61,14,408355,238555,104340,134215,81055,24940,56115,25200,8400,16800,60900,33600,27300,71400,37400,34000,145000,40000,105000,24800,
61,15,521325,314525,139910,174615,93525,37410,56115,37800,12600,25200,79800,44100,35700,103400,45800,57600,182000,32000,150000,24800,
61,16,459005,243005,141010,101995,81055,37410,43645,25200,18900,6300,61350,44100,17250,75400,40600,34800,185000,80000,105000,31000,
61,17,443620,265820,124045,141775,74820,43645,31175,37800,14700,23100,67200,31500,35700,86000,34200,51800,153000,48000,105000,24800,
61,18,462105,269305,136845,132460,81055,43645,37410,42000,14700,27300,88650,44100,44550,57600,34400,23200,168000,48000,120000,24800,
61,19,452390,288790,123705,165085,87290,18705,68585,54600,21000,33600,65100,37800,27300,81800,46200,35600,145000,40000,105000,18600,
61,20,509790,329390,127975,201415,87290,31175,56115,48300,18900,29400,54600,14700,39900,139200,63200,76000,168000,48000,120000,12400,
61,21,443275,270675,102330,168345,93525,49880,43645,44100,14700,29400,67650,31950,35700,65400,5800,59600,154000,64000,90000,18600,
61,22,534400,309600,148940,160660,62350,24940,37410,39900,16800,23100,71550,29400,42150,135800,77800,58000,200000,80000,120000,24800,
61,23,544275,310675,155010,155665,93525,37410,56115,50400,25200,25200,91350,40200,51150,75400,52200,23200,215000,80000,135000,18600,
61,24,503460,280660,146780,133880,99760,49880,49880,31500,14700,16800,54600,33600,21000,94800,48600,46200,198000,48000,150000,24800,
61,25,393220,259420,128545,130875,74820,43645,31175,33600,12600,21000,79800,44100,35700,71200,28200,43000,109000,64000,45000,24800,
61,26,469290,275690,116310,159380,87290,37410,49880,33600,10500,23100,63000,25200,37800,91800,43200,48600,175000,40000,135000,18600,
61,27,464030,297430,138815,158615,112230,56115,56115,31500,12600,18900,73500,35700,37800,80200,34400,45800,148000,88000,60000,18600,
61,28,479260,306660,131510,175150,99760,37410,62350,29400,10500,18900,94500,46200,48300,83000,37400,45600,154000,64000,90000,18600,
61,29,537060,320260,171480,148780,99760,49880,49880,33600,14700,18900,77700,52500,25200,109200,54400,54800,192000,72000,120000,24800,
61,30,533795,346995,136080,210915,105995,49880,56115,44100,14700,29400,107100,48300,58800,89800,23200,66600,162000,72000,90000,24800,
62,0,471525,286725,142510,144215,93525,37410,56115,27300,10500,16800,86100,46200,39900,79800,48400,31400,160000,40000,120000,24800,
62,1,471995,298395,136110,162285,105995,37410,68585,39900,14700,25200,69300,37800,31500,83200,46200,37000,155000,80000,75000,18600,
62,2,472790,309190,122740,186450,87290,24940,62350,29400,16800,12600,98700,46200,52500,93800,34800,59000,145000,40000,105000,18600,
62,3,465055,279255,136240,143015,81055,24940,56115,33600,18900,14700,84000,46200,37800,80600,46200,34400,161000,56000,105000,24800,
62,4,451485,257685,102040,155645,68585,24940,43645,25200,10500,14700,71700,31800,39900,92200,34800,57400,169000,64000,105000,24800,
62,5,378255,266455,123445,143010,81055,43645,37410,39900,16800,23100,86100,37800,48300,59400,25200,34200,87000,72000,15000,24800,
62,6,445175,236575,109245,127330,93525,43645,49880,27300,10500,16800,46350,14700,31650,69400,40400,29000,190000,40000,150000,18600,
62,7,554505,307705,126325,181380,81055,31175,49880,37800,16800,21000,76050,31950,44100,112800,46400,66400,222000,72000,150000,24800,
62,8,451525,271925,133110,138815,93525,37410,56115,31500,21000,10500,52500,39900,12600,94400,34800,59600,161000,56000,105000,18600,
62,9,413460,263860,124575,139285,99760,31175,68585,25200,14700,10500,90300,44100,46200,48600,34600,14000,131000,56000,75000,18600,
62,10,486960,301160,128975,172185,99760,31175,68585,27300,10500,16800,77700,44100,33600,96400,43200,53200,161000,56000,105000,24800,
62,11,457860,284460,124910,159550,99760,37410,62350,27300,16800,10500,63000,18900,44100,94400,51800,42600,161000,56000,105000,12400,
62,12,547740,293940,146245,147695,87290,43645,43645,33600,12600,21000,89250,29400,59850,83800,60600,23200,229000,64000,165000,24800,
62,13,516130,290530,108575,181955,112230,31175,81055,35700,14700,21000,68400,45300,23100,74200,17400,56800,207000,72000,135000,18600,
62,14,498920,296120,127475,168645,74820,31175,43645,37800,16800,21000,73500,27300,46200,110000,52200,57800,178000,88000,90000,24800,
62,15,444860,268060,92345,175715,99760,43645,56115,31500,8400,23100,58800,23100,35700,78000,17200,60800,152000,32000,120000,24800,
62,16,482450,258650,136740,121910,62350,24940,37410,42000,23100,18900,61500,42300,19200,92800,46400,46400,199000,64000,135000,24800,
62,17,459530,295730,144780,150950,112230,49880,62350,37800,14700,23100,77700,37800,39900,68000,42400,25600,139000,64000,75000,24800,
62,18,411855,263055,115275,147780,81055,31175,49880,31500,14700,16800,65100,29400,35700,85400,40000,45400,124000,64000,60000,24800,
62,19,540430,323830,140680,183150,112230,49880,62350,37800,14700,23100,50400,27300,23100,123400,48800,74600,198000,48000,150000,18600,
62,20,504425,303625,129610,174015,93525,37410,56115,39900,12600,27300,84000,33600,50400,86200,46000,40200,176000,56000,120000,24800,
62,21,525595,294795,130010,164785,105995,37410,68585,31500,16800,14700,56700,29400,27300,100600,46400,54200,206000,56000,150000,24800,
62,22,576905,316105,138275,177830,81055,31175,49880,35700,16800,18900,94950,38100,56850,104400,52200,52200,236000,56000,180000,24800,
62,23,468625,280225,136745,143480,93525,43645,49880,35700,16800,18900,67200,35700,31500,83800,40600,43200,176000,56000,120000,12400,
62,24,501095,293295,145710,147585,105995,37410,68585,39900,18900,21000,67200,46200,21000,80200,43200,37000,183000,48000,135000,24800,
62,25,534090,318290,142940,175350,87290,24940,62350,42000,21000,21000,88200,42000,46200,100800,55000,45800,191000,56000,135000,24800,
62,26,544530,347130,134510,212620,112230,37410,74820,42000,14700,27300,71700,36000,35700,121200,46400,74800,185000,80000,105000,12400,
62,27,515320,327720,167610,160110,74820,37410,37410,44100,16800,27300,105000,58800,46200,103800,54600,49200,169000,64000,105000,18600,
62,28,515400,290600,140010,150590,62350,37410,24940,35700,16800,18900,82350,33600,48750,110200,52200,58000,200000,80000,120000,24800,
62,29,449190,285390,126675,158715,87290,31175,56115,42000,14700,27300,69300,37800,31500,86800,43000,43800,139000,64000,75000,24800,
62,30,524630,308830,133045,175785,112230,43645,68585,35700,14700,21000,69300,31500,37800,91600,43200,48400,191000,56000,135000,24800,
63,0,465055,278255,128740,149515,81055,24940,56115,37800,12600,25200,75600,42000,33600,83800,49200,34600,162000,72000,90000,24800,
63,1,451585,257785,111240,146545,68585,24940,43645,25200,16800,8400,54600,23100,31500,109400,46400,63000,169000,64000,105000,24800,
63,2,474890,287290,129110,158180,87290,37410,49880,48300,23100,25200,56700,25200,31500,95000,43400,51600,169000,64000,105000,18600,
63,3,508225,293425,115875,177550,93525,31175,62350,29400,10500,18900,65100,25200,39900,105400,49000,56400,190000,40000,150000,24800,
63,4,424455,253655,101740,151915,81055,24940,56115,31500,16800,14700,60900,25200,35700,80200,34800,45400,146000,56000,90000,24800,
63,5,465255,278655,117175,161480,81055,31175,49880,42000,21000,21000,86400,36000,50400,69200,29000,40200,168000,48000,120000,18600,
63,6,473380,290980,132695,158285,112230,43645,68585,42000,18900,23100,42150,29550,12600,94600,40600,54000,170000,80000,90000,12400,
63,7,351220,218420,99210,119210,74820,37410,37410,27300,12600,14700,65100,37800,27300,51200,11400,39800,108000,48000,60000,24800,
63,8,477100,304500,133980,170520,124700,49880,74820,44100,18900,25200,65100,33600,31500,70600,31600,39000,154000,64000,90000,18600,
63,9,360085,262685,98775,163910,68585,31175,37410,42000,14700,27300,48300,10500,37800,103800,42400,61400,85000,40000,45000,12400,
63,10,449675,262875,113625,149250,93525,31175,62350,31500,12600,18900,71850,46650,25200,66000,23200,42800,162000,72000,90000,24800,
63,11,483255,296455,134340,162115,81055,24940,56115,33600,14700,18900,75600,39900,35700,106200,54800,51400,162000,72000,90000,24800,
63,12,568590,325990,155460,170530,87290,37410,49880,39900,12600,27300,65400,35850,29550,133400,69600,63800,224000,104000,120000,18600,
63,13,554060,328460,144575,183885,99760,31175,68585,39900,21000,18900,90600,40200,50400,98200,52200,46000,207000,72000,135000,18600,
63,14,471495,294695,131980,162715,105995,49880,56115,33600,14700,18900,111300,58800,52500,43800,8600,35200,152000,32000,120000,24800,
63,15,362400,211800,92690,119110,62350,24940,37410,33600,10500,23100,46650,34050,12600,69200,23200,46000,132000,72000,60000,18600,
63,16,540025,315225,136675,178550,93525,31175,62350,44100,16800,27300,82200,42300,39900,95400,46400,49000,200000,80000,120000,24800,
63,17,520430,310630,145145,165485,112230,43645,68585,42000,14700,27300,50400,37800,12600,106000,49000,57000,185000,80000,105000,24800,
63,18,476885,305285,125570,179715,68585,12470,56115,37800,16800,21000,60900,44100,16800,138000,52200,85800,153000,48000,105000,18600,
63,19,392690,245890,106910,138980,87290,37410,49880,42000,14700,27300,63000,21000,42000,53600,33800,19800,122000,32000,90000,24800,
63,20,509175,291375,118860,172515,93525,37410,56115,33600,16800,16800,71850,29850,42000,92400,34800,57600,193000,88000,105000,24800,
63,21,510505,300705,135295,165410,81055,43645,37410,35700,16800,18900,79950,40050,39900,104000,34800,69200,185000,80000,105000,24800,
63,22,452490,294890,144810,150080,87290,37410,49880,42000,16800,25200,71400,42000,29400,94200,48600,45600,139000,64000,75000,18600,
63,23,337150,242350,99240,143110,98850,36940,61910,25200,10500,14700,65100,29400,35700,53200,22400,30800,70000,40000,30000,24800,
63,24,504535,286935,100385,186550,68585,6235,62350,37800,16800,21000,78750,36750,42000,101800,40600,61200,199000,64000,135000,18600,
63,25,564360,300760,137710,163050,99760,37410,62350,23100,16800,6300,76500,42900,33600,101400,40600,60800,245000,80000,165000,18600,
63,26,603410,316810,143445,173365,99760,43645,56115,29400,12600,16800,83250,40800,42450,104400,46400,58000,268000,88000,180000,18600,
63,27,423620,251020,141510,109510,74820,37410,37410,46200,14700,31500,37800,37800,0,92200,51600,40600,154000,64000,90000,18600,
63,28,520125,310525,136575,173950,93525,31175,62350,35700,14700,21000,77700,35700,42000,103600,55000,48600,191000,56000,135000,18600,
63,29,455930,292130,121945,170185,112230,43645,68585,33600,16800,16800,65100,35700,29400,81200,25800,55400,139000,64000,75000,24800,
63,30,465095,295295,166415,128880,118895,69015,49880,44100,21000,23100,69300,42000,27300,63000,34400,28600,145000,40000,105000,24800,
64,0,469990,275390,113540,161850,87290,24940,62350,35700,14700,21000,29400,10500,18900,123000,63400,59600,176000,56000,120000,18600,
64,1,502185,290585,130310,160275,68585,37410,31175,39900,16800,23100,54900,29700,25200,127200,46400,80800,193000,88000,105000,18600,
64,2,474890,287290,129110,158180,87290,37410,49880,48300,23100,25200,56700,25200,31500,95000,43400,51600,169000,64000,105000,18600,
64,3,508225,293425,115875,177550,93525,31175,62350,29400,10500,18900,65100,25200,39900,105400,49000,56400,190000,40000,150000,24800,
64,4,463995,264195,122675,141520,105995,31175,74820,44100,16800,27300,31500,23100,8400,82600,51600,31000,175000,40000,135000,24800,
64,5,422785,258985,113540,145445,68585,24940,43645,46200,18900,27300,69600,46500,23100,74600,23200,51400,139000,64000,75000,24800,
64,6,419155,253555,113245,140310,81055,43645,37410,37800,12600,25200,48300,25200,23100,86400,31800,54600,147000,72000,75000,18600,
64,7,517025,300225,143480,156745,93525,49880,43645,29400,14700,14700,81900,44100,37800,95400,34800,60600,192000,72000,120000,24800,
64,8,522325,293325,156910,136415,93525,37410,56115,35700,25200,10500,69300,48300,21000,94800,46000,48800,198000,48000,150000,31000,
64,9,500100,305500,113490,192010,62350,24940,37410,37800,16800,21000,75750,25350,50400,129600,46400,83200,176000,56000,120000,18600,
64,10,466870,218270,95840,122430,74820,24940,49880,40500,21600,18900,56550,26100,30450,46400,23200,23200,230000,80000,150000,18600,
64,11,427615,255815,126875,128940,56115,31175,24940,35700,14700,21000,63000,37800,25200,101000,43200,57800,147000,72000,75000,24800,
64,12,547125,315325,156980,158345,93525,49880,43645,48300,25200,23100,60900,35700,25200,112600,46200,66400,207000,72000,135000,24800,
64,13,488560,320560,125545,195015,99760,43645,56115,35700,14700,21000,102900,42000,60900,82200,25200,57000,137000,32000,105000,31000,
64,14,403325,260725,84575,176150,93525,31175,62350,33600,14700,18900,61200,21300,39900,72400,17400,55000,124000,64000,60000,18600,
64,15,482725,295925,129080,166845,93525,49880,43645,33600,12600,21000,63000,21000,42000,105800,45600,60200,162000,72000,90000,24800,
64,16,503120,302320,132675,169645,74820,31175,43645,44100,18900,25200,71400,33600,37800,112000,49000,63000,176000,56000,120000,24800,
64,17,437755,296155,125245,170910,81055,43645,37410,29400,12600,16800,94500,46200,48300,91200,22800,68400,123000,48000,75000,18600,
64,18,512245,272445,113295,159150,105995,43645,62350,37800,8400,29400,19050,14850,4200,109600,46400,63200,215000,80000,135000,24800,
64,19,548475,302675,116690,185985,93525,24940,68585,37800,12600,25200,67350,21150,46200,104000,58000,46000,221000,56000,165000,24800,
64,20,469565,326965,137780,189185,127065,49880,77185,39900,21000,18900,84000,44100,39900,76000,22800,53200,124000,64000,60000,18600,
64,21,525160,301360,141645,159715,99760,43645,56115,31500,14700,16800,60900,31500,29400,109200,51800,57400,199000,64000,135000,24800,
64,22,570740,306940,130975,175965,87290,31175,56115,37800,12600,25200,83250,40800,42450,98600,46400,52200,239000,104000,135000,24800,
64,23,491685,319885,124340,195545,68585,24940,43645,39900,14700,25200,92400,35700,56700,119000,49000,70000,147000,72000,75000,24800,
64,24,438225,288625,152745,135880,93525,43645,49880,23100,8400,14700,84000,52500,31500,88000,48200,39800,131000,56000,75000,18600,
64,25,573125,363525,155210,208315,93525,37410,56115,44100,14700,29400,90300,48300,42000,135600,54800,80800,191000,56000,135000,18600,
64,26,552475,305675,125960,179715,93525,37410,56115,44100,10500,33600,86850,49050,37800,81200,29000,52200,222000,72000,150000,24800,
64,27,513165,304365,135845,168520,118465,43645,74820,33600,14700,18900,69300,31500,37800,83000,46000,37000,184000,64000,120000,24800,
64,28,519860,319060,143610,175450,99760,37410,62350,31500,21000,10500,63000,33600,29400,124800,51600,73200,176000,56000,120000,24800,
64,29,491470,294870,153260,141610,74820,37410,37410,33600,14700,18900,82050,54750,27300,104400,46400,58000,178000,88000,90000,18600,
64,30,531160,308160,136110,172050,99760,37410,62350,29400,21000,8400,67200,31500,35700,111800,46200,65600,192000,72000,120000,31000,
65,0,374255,256655,115810,140845,101255,37410,63845,33600,12600,21000,54600,29400,25200,67200,36400,30800,99000,24000,75000,18600,
65,1,467425,279825,109575,170250,93525,31175,62350,42000,14700,27300,86700,40500,46200,57600,23200,34400,169000,64000,105000,18600,
65,2,502280,291680,125740,165940,49880,24940,24940,29400,14700,14700,73800,33900,39900,138600,52200,86400,192000,72000,120000,18600,
65,3,484685,281085,128275,152810,68585,31175,37410,33600,12600,21000,63300,38100,25200,115600,46400,69200,185000,80000,105000,18600,
65,4,498600,297000,111080,185920,124700,49880,74820,37800,16800,21000,56700,12600,44100,77800,31800,46000,183000,48000,135000,18600,
65,5,473355,288555,115475,173080,81055,31175,49880,31500,14700,16800,63000,29400,33600,113000,40200,72800,160000,40000,120000,24800,
65,6,517555,300755,139810,160945,81055,37410,43645,33600,21000,12600,81900,29400,52500,104200,52000,52200,192000,72000,120000,24800,
65,7,503570,269970,128425,141545,74820,31175,43645,27300,14700,12600,98250,53550,44700,69600,29000,40600,215000,80000,135000,18600,
65,8,428855,250255,96240,154015,81055,24940,56115,29400,10500,18900,65400,31800,33600,74400,29000,45400,160000,40000,120000,18600,
65,9,442730,248130,135940,112190,49880,24940,24940,33600,21000,12600,71850,37800,34050,92800,52200,40600,176000,56000,120000,18600,
65,10,448990,275390,127010,148380,87290,37410,49880,33600,18900,14700,65100,27300,37800,89400,43400,46000,155000,80000,75000,18600,
65,11,516605,328005,110525,217480,81055,31175,49880,31500,12600,18900,84450,31950,52500,131000,34800,96200,170000,80000,90000,18600,
65,12,575530,336930,136675,200255,112230,31175,81055,31500,16800,14700,99000,42300,56700,94200,46400,47800,220000,40000,180000,18600,
65,13,503385,279585,147075,132510,68585,31175,37410,29400,16800,12600,54600,44100,10500,127000,55000,72000,199000,64000,135000,24800,
65,14,461840,245240,124215,121025,87290,56115,31175,37800,16800,21000,85350,33900,51450,34800,17400,17400,198000,48000,150000,18600,
65,15,451555,289755,108945,180810,81055,43645,37410,44100,16800,27300,58800,14700,44100,105800,33800,72000,137000,32000,105000,24800,
65,16,469260,283460,104210,179250,99760,37410,62350,31500,10500,21000,71400,27300,44100,80800,29000,51800,161000,56000,105000,24800,
65,17,498495,295895,136380,159515,105995,49880,56115,35700,14700,21000,82200,48600,33600,72000,23200,48800,184000,64000,120000,18600,
65,18,540470,314870,144360,170510,74820,37410,37410,29400,12600,16800,94650,42150,52500,116000,52200,63800,207000,72000,135000,18600,
65,19,464790,271990,125910,146080,87290,37410,49880,35700,12600,23100,71400,35700,35700,77600,40200,37400,168000,48000,120000,24800,
65,20,502920,264120,109010,155110,74820,37410,37410,27300,10500,16800,63600,32100,31500,98400,29000,69400,214000,64000,150000,24800,
65,21,469965,297365,120510,176855,118465,37410,81055,35700,12600,23100,50400,27300,23100,92800,43200,49600,154000,64000,90000,18600,
65,22,456035,268435,120660,147775,68585,37410,31175,35700,12600,23100,63150,35850,27300,101000,34800,66200,169000,64000,105000,18600,
65,23,478060,300260,137345,162915,99760,43645,56115,33600,10500,23100,86100,46200,39900,80800,37000,43800,153000,48000,105000,24800,
65,24,454155,267555,131445,136110,81055,43645,37410,29400,14700,14700,73500,44100,29400,83600,29000,54600,168000,48000,120000,18600,
65,25,521155,310555,157510,153045,81055,37410,43645,50400,21000,29400,95100,44100,51000,84000,55000,29000,192000,72000,120000,18600,
65,26,456470,262870,122825,140045,74820,31175,43645,31500,14700,16800,67350,42150,25200,89200,34800,54400,175000,40000,135000,18600,
65,27,519020,288220,154945,133275,74820,43645,31175,35700,12600,23100,90900,52500,38400,86800,46200,40600,206000,56000,150000,24800,
65,28,552360,306560,122410,184150,99760,37410,62350,33600,10500,23100,78000,33900,44100,95200,40600,54600,221000,56000,165000,24800,
65,29,465730,337330,126580,210750,125130,49880,75250,35700,16800,18900,69300,23100,46200,107200,36800,70400,116000,56000,60000,12400,
65,30,512225,318625,162915,155710,93525,56115,37410,33600,14700,18900,81900,39900,42000,109600,52200,57400,175000,40000,135000,18600,
66,0,444320,259520,131140,128380,74820,24940,49880,33600,21000,12600,81900,42000,39900,69200,43200,26000,160000,40000,120000,24800,
66,1,434460,284660,120545,164115,99760,43645,56115,37800,16800,21000,73500,39900,33600,73600,20200,53400,125000,80000,45000,24800,
66,2,479925,285125,141710,143415,93525,37410,56115,39900,23100,16800,56700,37800,18900,95000,43400,51600,170000,80000,90000,24800,
66,3,520745,288145,115460,172685,105995,37410,68585,42000,18900,23100,67950,30150,37800,72200,29000,43200,214000,64000,150000,18600,
66,4,463995,264195,122675,141520,105995,31175,74820,44100,16800,27300,31500,23100,8400,82600,51600,31000,175000,40000,135000,24800,
66,5,512925,305125,129345,175780,93525,43645,49880,50400,16800,33600,63000,39900,23100,98200,29000,69200,183000,48000,135000,24800,
66,6,405480,249680,113175,136505,49880,31175,18705,35700,16800,18900,77700,33600,44100,86400,31600,54800,131000,56000,75000,24800,
66,7,517255,302255,132675,169580,81055,31175,49880,37800,12600,25200,79800,48300,31500,103600,40600,63000,184000,64000,120000,31000,
66,8,439025,290425,147915,142510,93525,56115,37410,42000,16800,25200,60900,29400,31500,94000,45600,48400,130000,40000,90000,18600,
66,9,466210,294610,97330,197280,99760,49880,49880,37800,12600,25200,69450,23250,46200,87600,11600,76000,153000,48000,105000,18600,
66,10,418795,217995,103055,114940,43645,18705,24940,27300,10500,16800,65850,27450,38400,81200,46400,34800,176000,56000,120000,24800,
66,11,377195,213395,97180,116215,105995,49880,56115,31500,18900,12600,35700,16800,18900,40200,11600,28600,139000,64000,75000,24800,
66,12,403055,261455,118340,143115,81055,24940,56115,33600,12600,21000,75600,37800,37800,71200,43000,28200,123000,48000,75000,18600,
66,13,509190,276590,115180,161410,87290,49880,37410,16800,6300,10500,56700,12600,44100,115800,46400,69400,214000,64000,150000,18600,
66,14,458740,257140,113925,143215,87290,31175,56115,35700,18900,16800,50550,23250,27300,83600,40600,43000,183000,48000,135000,18600,
66,15,509255,292455,102775,189680,81055,31175,49880,27300,10500,16800,69900,32100,37800,114200,29000,85200,192000,72000,120000,24800,
66,16,469425,261625,121910,139715,93525,37410,56115,44100,21000,23100,46200,23100,23100,77800,40400,37400,183000,48000,135000,24800,
66,17,452830,290030,132245,157785,112230,43645,68585,42000,18900,23100,63000,35700,27300,72800,34000,38800,138000,48000,90000,24800,
66,18,388585,265585,118940,146645,103385,46840,56545,25200,4200,21000,71400,31500,39900,65600,36400,29200,92000,32000,60000,31000,
66,19,506990,295390,136395,158995,87290,43645,43645,37800,14700,23100,71700,31650,40050,98600,46400,52200,193000,88000,105000,18600,
66,20,508890,280090,122610,157480,87290,37410,49880,35700,16800,18900,65100,33600,31500,92000,34800,57200,204000,24000,180000,24800,
66,21,542095,347495,179515,167980,105995,56115,49880,42000,27300,14700,90300,44100,46200,109200,52000,57200,176000,56000,120000,18600,
66,22,463260,298660,129845,168815,99760,43645,56115,37800,12600,25200,77700,42000,35700,83400,31600,51800,146000,56000,90000,18600,
66,23,529745,304945,138995,165950,105995,43645,62350,29400,14700,14700,88350,40050,48300,81200,40600,40600,200000,80000,120000,24800,
66,24,428435,250635,108910,141725,68585,37410,31175,31500,12600,18900,84150,27300,56850,66400,31600,34800,153000,48000,105000,24800,
66,25,522285,306485,137510,168975,68585,37410,31175,42000,14700,27300,77700,33600,44100,118200,51800,66400,191000,56000,135000,24800,
66,26,516530,305930,129075,176855,112230,31175,81055,31500,10500,21000,58800,29400,29400,103400,58000,45400,192000,72000,120000,18600,
66,27,478765,329165,149015,180150,118465,56115,62350,33600,16800,16800,56700,23100,33600,120400,53000,67400,131000,56000,75000,18600,
66,28,531935,292135,142690,149445,68585,24940,43645,29400,21000,8400,78150,44550,33600,116000,52200,63800,215000,80000,135000,24800,
66,29,464760,309160,124110,185050,121260,37410,83850,39900,16800,23100,71400,44100,27300,76600,25800,50800,137000,32000,105000,18600,
66,30,496165,311365,146445,164920,118465,43645,74820,39900,18900,21000,84000,44100,39900,69000,39800,29200,160000,40000,120000,24800,
67,0,445660,280060,132315,147745,99760,56115,43645,27300,12600,14700,75600,37800,37800,77400,25800,51600,147000,72000,75000,18600,
67,1,501720,291920,132810,159110,74820,37410,37410,33600,14700,18900,56700,31500,25200,126800,49200,77600,185000,80000,105000,24800,
67,2,587675,332875,139660,193215,93525,37410,56115,35700,10500,25200,73650,33750,39900,130000,58000,72000,230000,80000,150000,24800,
67,3,538220,304620,126475,178145,74820,31175,43645,39900,14700,25200,74100,34200,39900,115800,46400,69400,215000,80000,135000,18600,
67,4,449030,277230,108845,168385,112230,43645,68585,42000,23100,18900,71400,18900,52500,51600,23200,28400,147000,72000,75000,24800,
67,5,398985,265385,124270,141115,68585,12470,56115,42000,16800,25200,67200,46200,21000,87600,48800,38800,115000,40000,75000,18600,
67,6,515825,284225,135445,148780,93525,43645,49880,25200,6300,18900,67500,50700,16800,98000,34800,63200,213000,48000,165000,18600,
67,7,524950,314350,154105,160245,62350,18705,43645,37800,18900,18900,75600,44100,31500,138600,72400,66200,192000,72000,120000,18600,
67,8,436255,287455,113610,173845,81055,37410,43645,27300,8400,18900,86100,33600,52500,93000,34200,58800,124000,64000,60000,24800,
67,9,478060,306260,137110,169150,99760,37410,62350,35700,12600,23100,84000,44100,39900,86800,43000,43800,147000,72000,75000,24800,
67,10,439430,289030,128180,160850,112230,49880,62350,33600,14700,18900,75600,37800,37800,67600,25800,41800,138000,48000,90000,12400,
67,11,471185,269385,141710,127675,68585,37410,31175,18900,12600,6300,69300,39900,29400,112600,51800,60800,177000,72000,105000,24800,
67,12,460420,267620,116110,151510,74820,37410,37410,33600,14700,18900,67200,21000,46200,92000,43000,49000,168000,48000,120000,24800,
67,13,527290,301690,134510,167180,87290,37410,49880,31500,10500,21000,75900,40200,35700,107000,46400,60600,207000,72000,135000,18600,
67,14,511490,286690,123710,162980,87290,37410,49880,39900,18900,21000,69900,38400,31500,89600,29000,60600,200000,80000,120000,24800,
67,15,479390,286590,105610,180980,87290,37410,49880,39900,14700,25200,63000,18900,44100,96400,34600,61800,168000,48000,120000,24800,
67,16,498955,281355,145345,136010,81055,43645,37410,31500,10500,21000,42000,25200,16800,126800,66000,60800,199000,64000,135000,18600,
67,17,425420,262620,130145,132475,74820,43645,31175,37800,18900,18900,58800,33600,25200,91200,34000,57200,138000,48000,90000,24800,
67,18,450225,292625,125210,167415,93525,37410,56115,33600,10500,23100,73500,39900,33600,92000,37400,54600,139000,64000,75000,18600,
67,19,493995,321395,146145,175250,105995,43645,62350,35700,16800,18900,77700,31500,46200,102000,54200,47800,154000,64000,90000,18600,
67,20,383285,234685,117375,117310,68585,31175,37410,33600,10500,23100,52500,35700,16800,80000,40000,40000,130000,40000,90000,18600,
67,21,458395,317595,136680,180915,105995,49880,56115,33600,8400,25200,105000,50400,54600,73000,28000,45000,116000,56000,60000,24800,
67,22,456120,248320,111310,137010,74820,37410,37410,31500,16800,14700,69600,33900,35700,72400,23200,49200,183000,48000,135000,24800,
67,23,483070,287470,123925,163545,74820,31175,43645,27300,10500,16800,67350,35850,31500,118000,46400,71600,177000,72000,105000,18600,
67,24,552675,297075,119090,177985,93525,24940,68585,42000,16800,25200,74550,36750,37800,87000,40600,46400,237000,72000,165000,18600,
67,25,465750,250950,111310,139640,62350,37410,24940,23100,12600,10500,84300,38100,46200,81200,23200,58000,190000,40000,150000,24800,
67,26,468155,289555,135710,153845,81055,37410,43645,31500,10500,21000,79800,42000,37800,97200,45800,51400,160000,40000,120000,18600,
67,27,501190,301390,142180,159210,87290,49880,37410,46200,18900,27300,90300,42000,48300,77600,31400,46200,175000,40000,135000,24800,
67,28,529185,287585,118655,168930,68585,18705,49880,37800,14700,23100,76800,38850,37950,104400,46400,58000,223000,88000,135000,18600,
67,29,510300,277500,123205,154295,62350,18705,43645,37800,21000,16800,78750,42900,35850,98600,40600,58000,208000,88000,120000,24800,
67,30,409950,260350,103840,156510,62350,24940,37410,35700,16800,18900,69300,27300,42000,93000,34800,58200,131000,56000,75000,18600,
68,0,480970,279370,133260,146110,74820,37410,37410,23100,18900,4200,77850,42150,35700,103600,34800,68800,183000,48000,135000,18600,
68,1,461600,259800,122110,137690,62350,37410,24940,33600,14700,18900,56850,21000,35850,107000,49000,58000,177000,72000,105000,24800,
68,2,431985,247185,121075,126110,68585,31175,37410,35700,18900,16800,65100,42000,23100,77800,29000,48800,160000,40000,120000,24800,
68,3,428590,296790,106210,190580,107490,40410,67080,23100,10500,12600,71400,27300,44100,94800,28000,66800,107000,32000,75000,24800,
68,4,456560,278760,136645,142115,99760,43645,56115,33600,14700,18900,71400,35700,35700,74000,42600,31400,153000,48000,105000,24800,
68,5,457450,261850,99005,162845,62350,18705,43645,29400,16800,12600,80700,34500,46200,89400,29000,60400,177000,72000,105000,18600,
68,6,416430,280830,98145,182685,112230,43645,68585,35700,14700,21000,56700,16800,39900,76200,23000,53200,117000,72000,45000,18600,
68,7,534985,301385,126040,175345,68585,24940,43645,25200,12600,12600,63600,36300,27300,144000,52200,91800,215000,80000,135000,18600,
68,8,544060,311260,143180,168080,99760,49880,49880,35700,16800,18900,63000,27300,35700,112800,49200,63600,208000,88000,120000,24800,
68,9,538210,291410,135960,155450,99760,37410,62350,44100,14700,29400,72150,31650,40500,75400,52200,23200,222000,72000,150000,24800,
68,10,550725,302125,144875,157250,93525,31175,62350,42000,18900,23100,59400,42600,16800,107200,52200,55000,230000,80000,150000,18600,
68,11,438125,251525,114645,136880,93525,43645,49880,50400,25200,25200,61200,16800,44400,46400,29000,17400,168000,48000,120000,18600,
68,12,508320,350720,164975,185745,74820,31175,43645,33600,16800,16800,111300,54600,56700,131000,62400,68600,139000,64000,75000,18600,
68,13,549925,311125,140445,170680,93525,43645,49880,33600,18900,14700,71400,31500,39900,112600,46400,66200,214000,64000,150000,24800,
68,14,525790,285190,131110,154080,87290,37410,49880,37800,16800,21000,61500,36300,25200,98600,40600,58000,222000,72000,150000,18600,
68,15,501745,291945,119290,172655,105995,24940,81055,29400,6300,23100,67350,35850,31500,89200,52200,37000,185000,80000,105000,24800,
68,16,404320,260920,138245,122675,74820,43645,31175,29400,12600,16800,73500,50400,23100,83200,31600,51600,131000,56000,75000,12400,
68,17,529460,304860,123710,181150,99760,37410,62350,31500,16800,14700,93000,40500,52500,80600,29000,51600,206000,56000,150000,18600,
68,18,587615,353215,136330,216885,118465,49880,68585,37800,14700,23100,97350,42750,54600,99600,29000,70600,222000,72000,150000,12400,
68,19,408020,254220,99210,155010,74820,37410,37410,25200,6300,18900,79800,35700,44100,74400,19800,54600,129000,24000,105000,24800,
68,20,506130,306330,118380,187950,112230,49880,62350,37800,12600,25200,73500,27300,46200,82800,28600,54200,175000,40000,135000,24800,
68,21,412085,234285,77470,156815,68585,12470,56115,29400,8400,21000,84900,45000,39900,51400,11600,39800,153000,48000,105000,24800,
68,22,468290,260490,131710,128780,87290,37410,49880,29400,16800,12600,46200,31500,14700,97600,46000,51600,183000,48000,135000,24800,
68,23,539985,300385,145010,155375,68585,37410,31175,35700,14700,21000,80100,46500,33600,116000,46400,69600,221000,56000,165000,18600,
68,24,532425,324625,163910,160715,93525,37410,56115,48300,23100,25200,79800,54600,25200,103000,48800,54200,183000,48000,135000,24800,
68,25,446390,296790,122475,174315,87290,31175,56115,31500,10500,21000,71400,37800,33600,106600,43000,63600,131000,56000,75000,18600,
68,26,559230,327430,128110,199320,112230,37410,74820,33600,12600,21000,67200,23100,44100,114400,55000,59400,207000,72000,135000,24800,
68,27,426865,291265,130780,160485,127065,49880,77185,18900,10500,8400,86100,50400,35700,59200,20000,39200,117000,72000,45000,18600,
68,28,532760,300960,135445,165515,99760,43645,56115,29400,14700,14700,73800,42300,31500,98000,34800,63200,207000,72000,135000,24800,
68,29,475690,294290,114610,179680,87290,37410,49880,29400,12600,16800,67200,12600,54600,110400,52000,58400,169000,64000,105000,12400,
68,30,491595,296995,130945,166050,105995,43645,62350,39900,18900,21000,73500,33600,39900,77600,34800,42800,176000,56000,120000,18600,
69,0,465055,278255,128740,149515,81055,24940,56115,37800,12600,25200,75600,42000,33600,83800,49200,34600,162000,72000,90000,24800,
69,1,451585,257785,111240,146545,68585,24940,43645,25200,16800,8400,54600,23100,31500,109400,46400,63000,169000,64000,105000,24800,
69,2,474890,287290,129110,158180,87290,37410,49880,48300,23100,25200,56700,25200,31500,95000,43400,51600,169000,64000,105000,18600,
69,3,465055,279255,136240,143015,81055,24940,56115,33600,18900,14700,84000,46200,37800,80600,46200,34400,161000,56000,105000,24800,
69,4,451485,257685,102040,155645,68585,24940,43645,25200,10500,14700,71700,31800,39900,92200,34800,57400,169000,64000,105000,24800,
69,5,378255,266455,123445,143010,81055,43645,37410,39900,16800,23100,86100,37800,48300,59400,25200,34200,87000,72000,15000,24800,
69,6,473380,290980,132695,158285,112230,43645,68585,42000,18900,23100,42150,29550,12600,94600,40600,54000,170000,80000,90000,12400,
69,7,351220,218420,99210,119210,74820,37410,37410,27300,12600,14700,65100,37800,27300,51200,11400,39800,108000,48000,60000,24800,
69,8,477100,304500,133980,170520,124700,49880,74820,44100,18900,25200,65100,33600,31500,70600,31600,39000,154000,64000,90000,18600,
69,9,494860,303060,144345,158715,99760,43645,56115,50400,21000,29400,69300,39900,29400,83600,39800,43800,167000,32000,135000,24800,
69,10,473230,302430,124915,177515,112230,56115,56115,37800,14700,23100,58800,23100,35700,93600,31000,62600,146000,56000,90000,24800,
69,11,419790,255990,104275,151715,87290,31175,56115,46200,23100,23100,35700,21000,14700,86800,29000,57800,139000,64000,75000,24800,
69,12,436920,279320,123110,156210,74820,37410,37410,46200,18900,27300,69300,29400,39900,89000,37400,51600,139000,64000,75000,18600,
69,13,451945,245145,105005,140140,43645,18705,24940,31500,18900,12600,63000,21000,42000,107000,46400,60600,182000,32000,150000,24800,
69,14,492820,268220,123645,144575,74820,43645,31175,33600,12600,21000,61200,21000,40200,98600,46400,52200,206000,56000,150000,18600,
69,15,467420,274620,142275,132345,74820,31175,43645,35700,21000,14700,69300,44100,25200,94800,46000,48800,168000,48000,120000,24800,
69,16,507135,326735,141880,184855,130935,49880,81055,31500,12600,18900,60900,33600,27300,103400,45800,57600,168000,48000,120000,12400,
69,17,489060,310460,119875,190585,99760,31175,68585,42000,23100,18900,69300,25200,44100,99400,40400,59000,160000,40000,120000,18600,
69,18,506125,303525,120375,183150,93525,31175,62350,42000,14700,27300,61200,33900,27300,106800,40600,66200,184000,64000,120000,18600,
69,19,473600,262000,114375,147625,62350,31175,31175,21000,8400,12600,74250,34200,40050,104400,40600,63800,193000,88000,105000,18600,
69,20,471320,309520,154110,155410,74820,37410,37410,37800,14700,23100,102900,58800,44100,94000,43200,50800,137000,32000,105000,24800,
69,21,490630,304830,134745,170085,112230,43645,68585,35700,14700,21000,77700,42000,35700,79200,34400,44800,161000,56000,105000,24800,
69,22,521370,295770,123425,172345,74820,31175,43645,25200,10500,14700,80550,46950,33600,115200,34800,80400,207000,72000,135000,18600,
69,23,431955,276355,106610,169745,81055,37410,43645,44100,16800,27300,58800,21000,37800,92400,31400,61000,137000,32000,105000,18600,
69,24,456690,284090,138710,145380,87290,37410,49880,35700,18900,16800,69300,42000,27300,91800,40400,51400,154000,64000,90000,18600,
69,25,557030,308230,160230,148000,112230,49880,62350,37800,16800,21000,100200,52950,47250,58000,40600,17400,224000,104000,120000,24800,
69,26,551530,341930,162380,179550,112230,49880,62350,42000,21000,21000,90300,39900,50400,97400,51600,45800,191000,56000,135000,18600,
69,27,458620,279020,114040,164980,74820,24940,49880,39900,18900,21000,60900,21000,39900,103400,49200,54200,161000,56000,105000,18600,
69,28,495125,270325,118640,151685,93525,24940,68585,27300,16800,10500,74100,36300,37800,75400,40600,34800,200000,80000,120000,24800,
69,29,478525,267925,139210,128715,93525,37410,56115,31500,16800,14700,84900,44400,40500,58000,40600,17400,192000,72000,120000,18600,
69,30,508515,284715,108855,175860,56115,18705,37410,33600,16800,16800,108000,38550,69450,87000,34800,52200,199000,64000,135000,24800,
70,0,584490,336690,149510,187180,87290,37410,49880,46200,16800,29400,75600,31500,44100,127600,63800,63800,223000,88000,135000,24800,
70,1,372450,253850,68770,185080,70950,12470,58480,46200,14700,31500,35700,4200,31500,101000,37400,63600,100000,40000,60000,18600,
70,2,514255,288655,109310,179345,81055,37410,43645,44100,12600,31500,50700,12900,37800,112800,46400,66400,207000,72000,135000,18600,
70,3,466925,334125,148345,185780,93525,43645,49880,50400,25200,25200,84000,39900,44100,106200,39600,66600,108000,48000,60000,24800,
70,4,490260,318660,155310,163350,99760,37410,62350,33600,21000,12600,90300,48300,42000,95000,48600,46400,153000,48000,105000,18600,
70,5,498390,297590,121475,176115,87290,31175,56115,31500,14700,16800,84000,29400,54600,94800,46200,48600,176000,56000,120000,24800,
70,6,317915,244315,100540,143775,77615,24940,52675,42000,18900,23100,56700,31500,25200,68000,25200,42800,55000,40000,15000,18600,
70,7,458135,286335,98990,187345,68585,24940,43645,33600,10500,23100,86550,40350,46200,97600,23200,74400,147000,72000,75000,24800,
70,8,475120,288320,128910,159410,74820,37410,37410,39900,14700,25200,84000,42000,42000,89600,34800,54800,162000,72000,90000,24800,
70,9,525480,299880,138925,160955,112230,31175,81055,27300,12600,14700,82350,48750,33600,78000,46400,31600,207000,72000,135000,18600,
70,10,480490,300890,123040,177850,87290,24940,62350,39900,16800,23100,84300,46500,37800,89400,34800,54600,161000,56000,105000,18600,
70,11,522095,297295,140180,157115,105995,49880,56115,52500,21000,31500,46200,23100,23100,92600,46200,46400,200000,80000,120000,24800,
70,12,477690,298090,138445,159645,87290,43645,43645,27300,12600,14700,86100,42000,44100,97400,40200,57200,161000,56000,105000,18600,
70,13,501795,292995,134180,158815,105995,49880,56115,18900,10500,8400,73500,42000,31500,94600,31800,62800,184000,64000,120000,24800,
70,14,490255,288455,111610,176845,81055,37410,43645,27300,8400,18900,73500,25200,48300,106600,40600,66000,177000,72000,105000,24800,
70,15,514020,274220,125305,148915,74820,18705,56115,31500,16800,14700,63900,49200,14700,104000,40600,63400,215000,80000,135000,24800,
70,16,446100,243300,92855,150445,62350,18705,43645,23100,8400,14700,59250,19350,39900,98600,46400,52200,178000,88000,90000,24800,
70,17,420520,256720,113545,143175,74820,43645,31175,27300,4200,23100,63000,31500,31500,91600,34200,57400,139000,64000,75000,24800,
70,18,464525,271725,132910,138815,93525,37410,56115,33600,12600,21000,58800,39900,18900,85800,43000,42800,168000,48000,120000,24800,
70,19,487965,286365,116020,170345,56115,12470,43645,39900,18900,21000,78150,38250,39900,112200,46400,65800,183000,48000,135000,18600,
70,20,548030,323430,149810,173620,112230,37410,74820,31500,18900,12600,65100,27300,37800,114600,66200,48400,206000,56000,150000,18600,
70,21,485890,298290,120710,177580,87290,37410,49880,37800,14700,23100,71400,25200,46200,101800,43400,58400,169000,64000,105000,18600,
70,22,466560,303760,127610,176150,99760,37410,62350,44100,21000,23100,56700,21000,35700,103200,48200,55000,138000,48000,90000,24800,
70,23,540410,300610,129655,170955,99760,18705,81055,29400,12600,16800,76050,40350,35700,95400,58000,37400,215000,80000,135000,24800,
70,24,351750,256150,114040,142110,106150,24940,81210,31500,10500,21000,65100,42000,23100,53400,36600,16800,77000,32000,45000,18600,
70,25,445850,281250,96605,184645,62350,18705,43645,37800,10500,27300,60900,21000,39900,120200,46400,73800,146000,56000,90000,18600,
70,26,505365,286765,132840,153925,56115,24940,31175,46200,25200,21000,74250,36300,37950,110200,46400,63800,200000,80000,120000,18600,
70,27,460760,260960,124075,136885,99760,31175,68585,44100,21000,23100,48300,31500,16800,68800,40400,28400,175000,40000,135000,24800,
70,28,488855,295055,127510,167545,81055,37410,43645,31500,16800,14700,65100,27300,37800,117400,46000,71400,169000,64000,105000,24800,
70,29,507790,306190,151340,154850,87290,24940,62350,31500,16800,14700,84000,46200,37800,103400,63400,40000,183000,48000,135000,18600,
70,30,476625,329025,120410,208615,110725,37410,73315,35700,10500,25200,71400,35700,35700,111200,36800,74400,129000,24000,105000,18600,
71,0,386755,245155,93310,151845,81055,37410,43645,37800,14700,23100,65100,21000,44100,61200,20200,41000,123000,48000,75000,18600,
71,1,487420,253820,128145,125675,74820,43645,31175,37800,10500,27300,77400,27600,49800,63800,46400,17400,215000,80000,135000,18600,
71,2,448315,238515,117625,120890,56115,31175,24940,39900,18900,21000,55500,21150,34350,87000,46400,40600,185000,80000,105000,24800,
71,3,559555,313755,161445,152310,81055,43645,37410,35700,23100,12600,84000,48300,35700,113000,46400,66600,221000,56000,165000,24800,
71,4,492770,283170,125225,157945,74820,31175,43645,42000,18900,23100,73950,40350,33600,92400,34800,57600,191000,56000,135000,18600,
71,5,490120,297320,126875,170445,74820,31175,43645,37800,14700,23100,65100,29400,35700,119600,51600,68000,168000,48000,120000,24800,
71,6,415525,252725,133910,118815,93525,37410,56115,39900,18900,21000,56700,37800,18900,62600,39800,22800,138000,48000,90000,24800,
71,7,509195,301195,142210,158985,105995,37410,68585,42000,16800,25200,75600,42000,33600,77600,46000,31600,177000,72000,105000,31000,
71,8,470330,290730,131615,159115,112230,56115,56115,46200,18900,27300,60900,25200,35700,71400,31400,40000,161000,56000,105000,18600,
71,9,381285,277685,126910,150775,72885,41710,31175,37800,14700,23100,63000,27300,35700,104000,43200,60800,85000,40000,45000,18600,
71,10,358420,240620,113540,127080,77820,24940,52880,37800,18900,18900,46200,27300,18900,78800,42400,36400,93000,48000,45000,24800,
71,11,515265,306465,145380,161085,118465,49880,68585,31500,12600,18900,81900,48300,33600,74600,34600,40000,184000,64000,120000,24800,
71,12,566025,295425,126340,169085,93525,24940,68585,31500,10500,21000,57600,38700,18900,112800,52200,60600,252000,72000,180000,18600,
71,13,571095,316295,136910,179385,105995,37410,68585,42000,16800,25200,52500,18900,33600,115800,63800,52000,230000,80000,150000,24800,
71,14,533330,325330,129610,195720,112230,37410,74820,33600,10500,23100,77700,35700,42000,101800,46000,55800,177000,72000,105000,31000,
71,15,496740,256140,128210,127930,87290,37410,49880,31500,14700,16800,79350,47100,32250,58000,29000,29000,222000,72000,150000,18600,
71,16,444395,244595,120480,124115,105995,49880,56115,33600,21000,12600,50400,29400,21000,54600,20200,34400,175000,40000,135000,24800,
71,17,461540,278940,125960,152980,87290,37410,49880,42000,18900,23100,48450,23250,25200,101200,46400,54800,164000,104000,60000,18600,
71,18,557210,331410,152395,179015,99760,43645,56115,48300,25200,23100,90750,48750,42000,92600,34800,57800,201000,96000,105000,24800,
71,19,492240,302640,135225,167415,87290,31175,56115,44100,23100,21000,76050,40350,35700,95200,40600,54600,171000,96000,75000,18600,
71,20,468790,280990,111675,169315,87290,31175,56115,31500,10500,21000,76200,46800,29400,86000,23200,62800,163000,88000,75000,24800,
71,21,449425,261825,94810,167015,93525,37410,56115,35700,8400,27300,54600,8400,46200,78000,40600,37400,169000,64000,105000,18600,
71,22,459660,265060,110210,154850,99760,37410,62350,29400,8400,21000,60900,21000,39900,75000,43400,31600,176000,56000,120000,18600,
71,23,541805,286205,155810,130395,81055,37410,43645,37800,18900,18900,91950,53100,38850,75400,46400,29000,237000,72000,165000,18600,
71,24,454875,267275,96760,170515,93525,37410,56115,37800,16800,21000,61350,19350,42000,74600,23200,51400,169000,64000,105000,18600,
71,25,367020,243220,114675,128545,86420,34175,52245,37800,18900,18900,54600,33600,21000,64400,28000,36400,99000,24000,75000,24800,
71,26,561670,324670,129855,194815,74820,18705,56115,39900,14700,25200,88350,44250,44100,121600,52200,69400,206000,56000,150000,31000,
71,27,508555,289955,134505,155450,81055,18705,62350,29400,12600,16800,78300,51000,27300,101200,52200,49000,200000,80000,120000,18600,
71,28,498315,273715,132910,140805,56115,37410,18705,48300,14700,33600,76500,40200,36300,92800,40600,52200,206000,56000,150000,18600,
71,29,506790,306190,122875,183315,87290,31175,56115,35700,14700,21000,71400,33600,37800,111800,43400,68400,182000,32000,150000,18600,
71,30,561260,299460,113945,185515,99760,43645,56115,23100,4200,18900,87000,42900,44100,89600,23200,66400,237000,72000,165000,24800,
72,0,457955,264155,114640,149515,81055,24940,56115,37800,18900,18900,67500,36000,31500,77800,34800,43000,169000,64000,105000,24800,
72,1,562725,329125,149580,179545,93525,49880,43645,29400,12600,16800,99000,46500,52500,107200,40600,66600,215000,80000,135000,18600,
72,2,491765,305165,159350,145815,118465,62350,56115,44100,18900,25200,63000,44100,18900,79600,34000,45600,168000,48000,120000,18600,
72,3,396525,261925,112475,149450,93525,31175,62350,37800,16800,21000,63000,35700,27300,67600,28800,38800,116000,56000,60000,18600,
72,4,564400,302600,159310,143290,62350,37410,24940,35700,14700,21000,65550,37800,27750,139000,69400,69600,237000,72000,165000,24800,
72,5,368000,218400,118975,99425,62350,31175,31175,31500,14700,16800,69750,35700,34050,54800,37400,17400,131000,56000,75000,18600,
72,6,473380,290980,132695,158285,112230,43645,68585,42000,18900,23100,42150,29550,12600,94600,40600,54000,170000,80000,90000,12400,
72,7,351220,218420,99210,119210,74820,37410,37410,27300,12600,14700,65100,37800,27300,51200,11400,39800,108000,48000,60000,24800,
72,8,477100,304500,133980,170520,124700,49880,74820,44100,18900,25200,65100,33600,31500,70600,31600,39000,154000,64000,90000,18600,
72,9,494860,303060,144345,158715,99760,43645,56115,50400,21000,29400,69300,39900,29400,83600,39800,43800,167000,32000,135000,24800,
72,10,473230,302430,124915,177515,112230,56115,56115,37800,14700,23100,58800,23100,35700,93600,31000,62600,146000,56000,90000,24800,
72,11,419790,255990,104275,151715,87290,31175,56115,46200,23100,23100,35700,21000,14700,86800,29000,57800,139000,64000,75000,24800,
72,12,436920,279320,123110,156210,74820,37410,37410,46200,18900,27300,69300,29400,39900,89000,37400,51600,139000,64000,75000,18600,
72,13,451945,245145,105005,140140,43645,18705,24940,31500,18900,12600,63000,21000,42000,107000,46400,60600,182000,32000,150000,24800,
72,14,492820,268220,123645,144575,74820,43645,31175,33600,12600,21000,61200,21000,40200,98600,46400,52200,206000,56000,150000,18600,
72,15,467420,274620,142275,132345,74820,31175,43645,35700,21000,14700,69300,44100,25200,94800,46000,48800,168000,48000,120000,24800,
72,16,507135,326735,141880,184855,130935,49880,81055,31500,12600,18900,60900,33600,27300,103400,45800,57600,168000,48000,120000,12400,
72,17,489060,310460,119875,190585,99760,31175,68585,42000,23100,18900,69300,25200,44100,99400,40400,59000,160000,40000,120000,18600,
72,18,506125,303525,120375,183150,93525,31175,62350,42000,14700,27300,61200,33900,27300,106800,40600,66200,184000,64000,120000,18600,
72,19,473600,262000,114375,147625,62350,31175,31175,21000,8400,12600,74250,34200,40050,104400,40600,63800,193000,88000,105000,18600,
72,20,471320,309520,154110,155410,74820,37410,37410,37800,14700,23100,102900,58800,44100,94000,43200,50800,137000,32000,105000,24800,
72,21,490630,304830,134745,170085,112230,43645,68585,35700,14700,21000,77700,42000,35700,79200,34400,44800,161000,56000,105000,24800,
72,22,521370,295770,123425,172345,74820,31175,43645,25200,10500,14700,80550,46950,33600,115200,34800,80400,207000,72000,135000,18600,
72,23,431955,276355,106610,169745,81055,37410,43645,44100,16800,27300,58800,21000,37800,92400,31400,61000,137000,32000,105000,18600,
72,24,456690,284090,138710,145380,87290,37410,49880,35700,18900,16800,69300,42000,27300,91800,40400,51400,154000,64000,90000,18600,
72,25,557030,308230,160230,148000,112230,49880,62350,37800,16800,21000,100200,52950,47250,58000,40600,17400,224000,104000,120000,24800,
72,26,551530,341930,162380,179550,112230,49880,62350,42000,21000,21000,90300,39900,50400,97400,51600,45800,191000,56000,135000,18600,
72,27,458620,279020,114040,164980,74820,24940,49880,39900,18900,21000,60900,21000,39900,103400,49200,54200,161000,56000,105000,18600,
72,28,495125,270325,118640,151685,93525,24940,68585,27300,16800,10500,74100,36300,37800,75400,40600,34800,200000,80000,120000,24800,
72,29,478525,267925,139210,128715,93525,37410,56115,31500,16800,14700,84900,44400,40500,58000,40600,17400,192000,72000,120000,18600,
72,30,508515,284715,108855,175860,56115,18705,37410,33600,16800,16800,108000,38550,69450,87000,34800,52200,199000,64000,135000,24800,
73,0,431725,297125,114575,182550,93525,31175,62350,31500,14700,16800,77700,31500,46200,94400,37200,57200,116000,56000,60000,18600,
73,1,517510,290910,125895,165015,99760,43645,56115,35700,16800,18900,65850,36450,29400,89600,29000,60600,208000,88000,120000,18600,
73,2,468420,265820,128875,136945,74820,31175,43645,14700,8400,6300,60900,31500,29400,115400,57800,57600,184000,64000,120000,18600,
73,3,458590,280790,109440,171350,87290,24940,62350,33600,10500,23100,73500,33600,39900,86400,40400,46000,153000,48000,105000,24800,
73,4,487720,294120,94000,200120,74820,0,74820,37800,14700,23100,63300,21300,42000,118200,58000,60200,175000,40000,135000,18600,
73,5,451660,273860,119845,154015,99760,43645,56115,44100,16800,27300,67200,33600,33600,62800,25800,37000,153000,48000,105000,24800,
73,6,519085,301485,154710,146775,68585,37410,31175,44100,27300,16800,58800,29400,29400,130000,60600,69400,199000,64000,135000,18600,
73,7,421225,280425,126975,153450,97825,31175,66650,46200,23100,23100,71400,27300,44100,65000,45400,19600,116000,56000,60000,24800,
73,8,477530,307730,145715,162015,112230,56115,56115,23100,8400,14700,100800,50400,50400,71600,30800,40800,145000,40000,105000,24800,
73,9,479225,279425,128445,150980,93525,43645,49880,31500,12600,18900,63000,29400,33600,91400,42800,48600,175000,40000,135000,24800,
73,10,479725,300925,132740,168185,93525,24940,68585,21000,16800,4200,88200,50400,37800,98200,40600,57600,154000,64000,90000,24800,
73,11,378490,244690,90840,153850,87290,24940,62350,29400,16800,12600,50400,6300,44100,77600,42800,34800,109000,64000,45000,24800,
73,12,504260,327460,127175,200285,99760,31175,68585,37800,14700,23100,98700,44100,54600,91200,37200,54000,152000,32000,120000,24800,
73,13,478960,300160,145415,154745,99760,56115,43645,35700,14700,21000,73500,37800,35700,91200,36800,54400,154000,64000,90000,24800,
73,14,571950,317150,126470,190680,62350,12470,49880,25200,12600,12600,99600,49200,50400,130000,52200,77800,230000,80000,150000,24800,
73,15,450220,271620,142010,129610,74820,37410,37410,37800,21000,16800,75600,37800,37800,83400,45800,37600,160000,40000,120000,18600,
73,16,464135,240335,113210,127125,68585,37410,31175,14700,4200,10500,52650,25200,27450,104400,46400,58000,199000,64000,135000,24800,
73,17,520695,296895,131845,165050,105995,43645,62350,35700,6300,29400,71400,35700,35700,83800,46200,37600,199000,64000,135000,24800,
73,18,522555,329755,115940,213815,81055,24940,56115,29400,12600,16800,98700,37800,60900,120600,40600,80000,168000,48000,120000,24800,
73,19,521155,309555,131610,177945,81055,37410,43645,42000,14700,27300,82500,44700,37800,104000,34800,69200,193000,88000,105000,18600,
73,20,543875,318275,146025,172250,93525,31175,62350,46200,18900,27300,71550,37950,33600,107000,58000,49000,207000,72000,135000,18600,
73,21,457255,322655,103905,218750,111155,18705,92450,33600,10500,23100,90300,39900,50400,87600,34800,52800,116000,56000,60000,18600,
73,22,484805,273205,113725,159480,81055,31175,49880,37800,12600,25200,52950,23550,29400,101400,46400,55000,193000,88000,105000,18600,
73,23,456625,321225,144175,177050,102125,31175,70950,35700,12600,23100,84000,46200,37800,99400,54200,45200,123000,48000,75000,12400,
73,24,514865,330065,137080,192985,118465,49880,68585,37800,14700,23100,75600,44100,31500,98200,28400,69800,160000,40000,120000,24800,
73,25,538560,298960,119010,179950,99760,37410,62350,39900,16800,23100,69900,30000,39900,89400,34800,54600,221000,56000,165000,18600,
73,26,493355,298755,138910,159845,81055,37410,43645,33600,10500,23100,77700,42000,35700,106400,49000,57400,176000,56000,120000,18600,
73,27,512430,309830,124845,184985,112230,43645,68585,44100,16800,27300,52500,21000,31500,101000,43400,57600,184000,64000,120000,18600,
73,28,520085,288285,144210,144075,68585,37410,31175,33600,16800,16800,75900,37800,38100,110200,52200,58000,207000,72000,135000,24800,
73,29,505655,287055,112705,174350,81055,18705,62350,33600,18900,14700,74400,34500,39900,98000,40600,57400,200000,80000,120000,18600,
73,30,452860,282060,114510,167550,99760,37410,62350,29400,18900,10500,69300,21000,48300,83600,37200,46400,146000,56000,90000,24800,
74,0,485560,284960,137480,147480,99760,49880,49880,44100,21000,23100,52500,29400,23100,88600,37200,51400,182000,32000,150000,18600,
74,1,400390,236590,100510,136080,87290,37410,49880,29400,12600,16800,56700,18900,37800,63200,31600,31600,139000,64000,75000,24800,
74,2,432185,250585,125280,125305,68585,49880,18705,33600,14700,18900,52800,23100,29700,95600,37600,58000,163000,88000,75000,18600,
74,3,392590,272190,130845,141345,87290,43645,43645,29400,14700,14700,73500,35700,37800,82000,36800,45200,108000,48000,60000,12400,
74,4,528660,327860,132240,195620,99760,24940,74820,48300,21000,27300,71400,39900,31500,108400,46400,62000,176000,56000,120000,24800,
74,5,440770,246970,122610,124360,74820,37410,37410,31500,12600,18900,56850,29400,27450,83800,43200,40600,169000,64000,105000,24800,
74,6,434085,278285,122805,155480,68585,18705,49880,29400,16800,12600,94500,44100,50400,85800,43200,42600,131000,56000,75000,24800,
74,7,459440,265840,95085,170755,87290,6235,81055,31500,10500,21000,55050,31950,23100,92000,46400,45600,175000,40000,135000,18600,
74,8,509290,275490,136545,138945,87290,43645,43645,37800,14700,23100,57600,31800,25800,92800,46400,46400,209000,104000,105000,24800,
74,9,511155,293355,119440,173915,81055,24940,56115,44100,18900,25200,61200,23400,37800,107000,52200,54800,193000,88000,105000,24800,
74,10,554415,315615,152780,162835,118465,49880,68585,39900,21000,18900,82050,35700,46350,75200,46200,29000,214000,64000,150000,24800,
74,11,517990,286190,121110,165080,87290,37410,49880,39900,14700,25200,54600,16800,37800,104400,52200,52200,207000,72000,135000,24800,
74,12,541810,295010,143995,151015,99760,43645,56115,33600,21000,12600,71850,44550,27300,89800,34800,55000,222000,72000,150000,24800,
74,13,534875,288075,123210,164865,93525,37410,56115,42000,12600,29400,82950,38400,44550,69600,34800,34800,222000,72000,150000,24800,
74,14,524100,315300,154045,161255,124700,43645,81055,39900,16800,23100,81900,58800,23100,68800,34800,34000,184000,64000,120000,24800,
74,15,574860,322060,138345,183715,99760,43645,56115,18900,10500,8400,79800,37800,42000,123600,46400,77200,228000,48000,180000,24800,
74,16,505690,304090,140480,163610,87290,49880,37410,33600,16800,16800,71400,33600,37800,111800,40200,71600,183000,48000,135000,18600,
74,17,473395,301795,96675,205120,118895,31175,87720,37800,14700,23100,67500,27600,39900,77600,23200,54400,153000,48000,105000,18600,
74,18,584380,342780,155165,187615,112230,56115,56115,29400,14700,14700,88350,37950,50400,112800,46400,66400,223000,88000,135000,18600,
74,19,482360,320560,129510,191050,99760,37410,62350,48300,21000,27300,69300,31500,37800,103200,39600,63600,137000,32000,105000,24800,
74,20,410195,297595,116380,181215,114595,49880,64715,33600,21000,12600,54600,23100,31500,94800,22400,72400,94000,64000,30000,18600,
74,21,494655,269855,90605,179250,81055,18705,62350,35700,14700,21000,81300,45600,35700,71800,11600,60200,200000,80000,120000,24800,
74,22,445925,281325,131510,149815,93525,37410,56115,33600,12600,21000,79800,35700,44100,74400,45800,28600,146000,56000,90000,18600,
74,23,440485,259885,106605,153280,68585,18705,49880,29400,16800,12600,61500,36300,25200,100400,34800,65600,162000,72000,90000,18600,
74,24,415255,278855,137810,141045,81055,37410,43645,33600,16800,16800,67200,29400,37800,97000,54200,42800,124000,64000,60000,12400,
74,25,526265,262465,119460,143005,56115,37410,18705,31500,16800,14700,82050,30450,51600,92800,34800,58000,239000,104000,135000,24800,
74,26,575745,305945,106060,199885,105995,37410,68585,40200,15000,25200,61350,13050,48300,98400,40600,57800,245000,80000,165000,24800,
74,27,504605,279805,97925,181880,81055,31175,49880,39900,12600,27300,80850,36750,44100,78000,17400,60600,200000,80000,120000,24800,
74,28,561025,313225,142410,170815,93525,37410,56115,33600,16800,16800,67500,36000,31500,118600,52200,66400,223000,88000,135000,24800,
74,29,392520,275720,94875,180845,92020,31175,60845,37800,16800,21000,65100,27300,37800,80800,19600,61200,92000,32000,60000,24800,
74,30,347490,235890,116010,119880,87290,37410,49880,18900,8400,10500,81900,50400,31500,47800,19800,28000,93000,48000,45000,18600,
75,0,445660,280060,132315,147745,99760,56115,43645,27300,12600,14700,75600,37800,37800,77400,25800,51600,147000,72000,75000,18600,
75,1,501720,291920,132810,159110,74820,37410,37410,33600,14700,18900,56700,31500,25200,126800,49200,77600,185000,80000,105000,24800,
75,2,423490,265690,110510,155180,87290,37410,49880,18900,12600,6300,39900,6300,33600,119600,54200,65400,133000,88000,45000,24800,
75,3,503675,263075,125890,137185,93525,24940,68585,29400,21000,8400,61950,45150,16800,78200,34800,43400,222000,72000,150000,18600,
75,4,474985,280385,131210,149175,68585,37410,31175,31500,12600,18900,73500,29400,44100,106800,51800,55000,176000,56000,120000,18600,
75,5,500765,321965,144810,177155,122765,37410,85355,37800,14700,23100,58800,35700,23100,102600,57000,45600,154000,64000,90000,24800,
75,6,472475,283875,120160,163715,93525,37410,56115,35700,16800,18900,48450,25350,23100,106200,40600,65600,170000,80000,90000,18600,
75,7,396655,293055,113810,179245,114555,49410,65145,33600,16800,16800,77700,33600,44100,67200,14000,53200,85000,40000,45000,18600,
75,8,499290,244490,127055,117435,24940,18705,6235,29400,16800,12600,45150,27750,17400,145000,63800,81200,230000,80000,150000,24800,
75,9,507040,289440,135015,154425,87290,56115,31175,29400,10500,18900,79950,33600,46350,92800,34800,58000,199000,64000,135000,18600,
75,10,486375,285375,103055,182320,93525,18705,74820,39900,14700,25200,67350,23250,44100,84600,46400,38200,170000,80000,90000,31000,
75,11,473190,287390,133610,153780,87290,37410,49880,27300,14700,12600,75600,35700,39900,97200,45800,51400,161000,56000,105000,24800,
75,12,404985,248385,115210,133175,68585,37410,31175,44100,16800,27300,35700,12600,23100,100000,48400,51600,138000,48000,90000,18600,
75,13,502295,306695,115740,190955,105995,24940,81055,25200,8400,16800,84300,36000,48300,91200,46400,44800,177000,72000,105000,18600,
75,14,476895,311295,148850,162445,105995,62350,43645,37800,16800,21000,81900,35700,46200,85600,34000,51600,147000,72000,75000,18600,
75,15,479430,285830,131445,154385,112230,43645,68585,37800,14700,23100,58800,27300,31500,77000,45800,31200,175000,40000,135000,18600,
75,16,520000,304200,112320,191880,62350,12470,49880,44100,18900,25200,95550,57750,37800,102200,23200,79000,191000,56000,135000,24800,
75,17,530640,310040,147845,162195,87290,43645,43645,27300,6300,21000,91050,57300,33750,104400,40600,63800,202000,112000,90000,18600,
75,18,552440,326840,140155,186685,87290,18705,68585,35700,10500,25200,97050,52950,44100,106800,58000,48800,207000,72000,135000,18600,
75,19,446825,290025,128510,161515,93525,37410,56115,39900,14700,25200,50400,16800,33600,106200,59600,46600,132000,72000,60000,24800,
75,20,443055,266055,124280,141775,81055,49880,31175,42000,14700,27300,63000,23100,39900,80000,36600,43400,146000,56000,90000,31000,
75,21,485930,316130,134345,181785,129430,43645,85785,37800,16800,21000,60900,23100,37800,88000,50800,37200,145000,40000,105000,24800,
75,22,498760,326360,114740,211620,108360,24940,83420,35700,18900,16800,65100,18900,46200,117200,52000,65200,160000,40000,120000,12400,
75,23,548150,308350,127840,180510,62350,24940,37410,42000,18900,23100,91200,49200,42000,112800,34800,78000,215000,80000,135000,24800,
75,24,519075,310275,133260,177015,93525,37410,56115,27300,18900,8400,94650,42150,52500,94800,34800,60000,184000,64000,120000,24800,
75,25,440760,300960,128345,172615,104060,43645,60415,37800,12600,25200,90300,44100,46200,68800,28000,40800,115000,40000,75000,24800,
75,26,499355,283555,133575,149980,81055,31175,49880,29400,10500,18900,60900,31500,29400,112200,60400,51800,191000,56000,135000,24800,
75,27,441550,264550,91305,173245,62350,18705,43645,42000,18900,23100,84000,18900,65100,76200,34800,41400,146000,56000,90000,31000,
75,28,459655,295055,119875,175180,81055,31175,49880,48300,16800,31500,69300,31500,37800,96400,40400,56000,146000,56000,90000,18600,
75,29,519710,295110,120960,174150,99760,37410,62350,35700,16800,18900,67650,31950,35700,92000,34800,57200,206000,56000,150000,18600,
75,30,509135,252535,99175,153360,68585,31175,37410,38400,21600,16800,81750,34800,46950,63800,11600,52200,238000,88000,150000,18600,
76,0,530955,338155,133175,204980,81055,31175,49880,52500,23100,29400,75600,35700,39900,129000,43200,85800,168000,48000,120000,24800,
76,1,434460,284660,120545,164115,99760,43645,56115,37800,16800,21000,73500,39900,33600,73600,20200,53400,125000,80000,45000,24800,
76,2,504760,317160,134880,182280,99760,49880,49880,42000,16800,25200,84000,33600,50400,91400,34600,56800,169000,64000,105000,18600,
76,3,463255,291655,131245,160410,81055,43645,37410,35700,16800,18900,86100,42000,44100,88800,28800,60000,153000,48000,105000,18600,
76,4,409055,247255,113675,133580,81055,31175,49880,42000,14700,27300,50400,33600,16800,73800,34200,39600,137000,32000,105000,24800,
76,5,463085,290485,130045,160440,68585,43645,24940,35700,16800,18900,71400,21000,50400,114800,48600,66200,154000,64000,90000,18600,
76,6,366090,226290,106910,119380,87290,37410,49880,31500,14700,16800,48300,21000,27300,59200,33800,25400,115000,40000,75000,24800,
76,7,504140,286540,122410,164130,87290,37410,49880,33600,14700,18900,84450,29700,54750,81200,40600,40600,199000,64000,135000,18600,
76,8,499525,305725,135910,169815,93525,37410,56115,35700,16800,18900,90300,44100,46200,86200,37600,48600,169000,64000,105000,24800,
76,9,445225,265625,108080,157545,93525,49880,43645,18900,4200,14700,67200,25200,42000,86000,28800,57200,161000,56000,105000,18600,
76,10,515720,291920,146545,145375,74820,43645,31175,31500,16800,14700,75600,39900,35700,110000,46200,63800,199000,64000,135000,24800,
76,11,529405,282605,147210,135395,81055,37410,43645,31500,14700,16800,48450,31500,16950,121600,63600,58000,222000,72000,150000,24800,
76,12,553660,329860,144275,185585,99760,31175,68585,42000,18900,23100,77700,42000,35700,110400,52200,58200,199000,64000,135000,24800,
76,13,387525,253725,119975,133750,93525,31175,62350,25200,10500,14700,75600,35700,39900,59400,42600,16800,109000,64000,45000,24800,
76,14,479605,307005,121590,185415,81055,24940,56115,50400,18900,31500,86550,48750,37800,89000,29000,60000,154000,64000,90000,18600,
76,15,475625,251825,118710,133115,93525,37410,56115,31500,16800,14700,48600,29700,18900,78200,34800,43400,199000,64000,135000,24800,
76,16,465460,317660,140245,177415,99760,43645,56115,29400,16800,12600,86100,42000,44100,102400,37800,64600,123000,48000,75000,24800,
76,17,526660,333860,125210,208650,99760,37410,62350,48300,18900,29400,79800,31500,48300,106000,37400,68600,168000,48000,120000,24800,
76,18,484490,312890,121710,191180,87290,37410,49880,35700,10500,25200,77700,33600,44100,112200,40200,72000,153000,48000,105000,18600,
76,19,523615,306815,123130,183685,118465,49880,68585,44100,18900,25200,69450,25350,44100,74800,29000,45800,192000,72000,120000,24800,
76,20,393315,275715,118970,156745,77615,12470,65145,44100,14700,29400,75600,54600,21000,78400,37200,41200,99000,24000,75000,18600,
76,21,454560,288960,122610,166350,99760,37410,62350,33600,14700,18900,63000,27300,35700,92600,43200,49400,147000,72000,75000,18600,
76,22,536270,282470,102490,179980,74820,24940,49880,39900,14700,25200,81150,45450,35700,86600,17400,69200,229000,64000,165000,24800,
76,23,544140,319540,144860,174680,87290,37410,49880,42000,18900,23100,86250,42150,44100,104000,46400,57600,206000,56000,150000,18600,
76,24,469900,236300,100110,136190,62350,37410,24940,33750,14850,18900,47400,13050,34350,92800,34800,58000,215000,80000,135000,18600,
76,25,500925,286125,132580,153545,93525,49880,43645,39900,14700,25200,69300,25200,44100,83400,42800,40600,190000,40000,150000,24800,
76,26,420385,255785,123810,131975,68585,37410,31175,25200,14700,10500,75600,39900,35700,86400,31800,54600,146000,56000,90000,18600,
76,27,531555,307755,147245,160510,81055,43645,37410,44100,14700,29400,84000,48300,35700,98600,40600,58000,199000,64000,135000,24800,
76,28,505370,288770,124790,163980,74820,24940,49880,33600,16800,16800,90750,42450,48300,89600,40600,49000,198000,48000,150000,18600,
76,29,469425,276625,130280,146345,93525,49880,43645,44100,18900,25200,58800,35700,23100,80200,25800,54400,168000,48000,120000,24800,
76,30,382260,233460,116675,116785,108760,31175,77585,35700,10500,25200,37800,37800,0,51200,37200,14000,124000,64000,60000,24800,
77,0,624310,338510,136125,202385,99760,31175,68585,39900,16800,23100,65850,30150,35700,133000,58000,75000,261000,96000,165000,24800,
77,1,500740,276740,123125,153615,87290,31175,56115,44100,18900,25200,61350,38250,23100,84000,34800,49200,193000,88000,105000,31000,
77,2,510695,323095,131645,191450,105995,43645,62350,39900,10500,29400,75600,39900,35700,101600,37600,64000,169000,64000,105000,18600,
77,3,472610,278810,115295,163515,99760,43645,56115,39900,16800,23100,67350,31650,35700,71800,23200,48600,169000,64000,105000,24800,
77,4,511525,285925,124440,161485,93525,24940,68585,44100,16800,27300,61500,36300,25200,86800,46400,40400,207000,72000,135000,18600,
77,5,485170,275570,123490,152080,74820,24940,49880,42000,14700,27300,63150,31650,31500,95600,52200,43400,191000,56000,135000,18600,
77,6,457765,255165,138625,116540,56115,31175,24940,23100,10500,12600,88950,50550,38400,87000,46400,40600,184000,64000,120000,18600,
77,7,575960,351360,140875,210485,99760,31175,68585,33600,14700,18900,99000,48600,50400,119000,46400,72600,206000,56000,150000,18600,
77,8,447255,299455,121205,178250,89655,18705,70950,39900,14700,25200,86100,50400,35700,83800,37400,46400,123000,48000,75000,24800,
77,9,507075,320475,113990,206485,93525,24940,68585,37800,16800,21000,84150,31650,52500,105000,40600,64400,168000,48000,120000,18600,
77,10,520260,296460,134645,161815,99760,43645,56115,44100,16800,27300,71400,33600,37800,81200,40600,40600,199000,64000,135000,24800,
77,11,445695,290895,149445,141450,105995,43645,62350,31500,21000,10500,75600,37800,37800,77800,47000,30800,130000,40000,90000,24800,
77,12,490505,287905,132325,155580,81055,31175,49880,35700,16800,18900,67350,37950,29400,103800,46400,57400,184000,64000,120000,18600,
77,13,575560,337760,153545,184215,99760,43645,56115,37800,16800,21000,88200,44100,44100,112000,49000,63000,213000,48000,165000,24800,
77,14,408355,238555,104340,134215,81055,24940,56115,25200,8400,16800,60900,33600,27300,71400,37400,34000,145000,40000,105000,24800,
77,15,521325,314525,139910,174615,93525,37410,56115,37800,12600,25200,79800,44100,35700,103400,45800,57600,182000,32000,150000,24800,
77,16,459005,243005,141010,101995,81055,37410,43645,25200,18900,6300,61350,44100,17250,75400,40600,34800,185000,80000,105000,31000,
77,17,443620,265820,124045,141775,74820,43645,31175,37800,14700,23100,67200,31500,35700,86000,34200,51800,153000,48000,105000,24800,
77,18,462105,269305,136845,132460,81055,43645,37410,42000,14700,27300,88650,44100,44550,57600,34400,23200,168000,48000,120000,24800,
77,19,452390,288790,123705,165085,87290,18705,68585,54600,21000,33600,65100,37800,27300,81800,46200,35600,145000,40000,105000,18600,
77,20,509790,329390,127975,201415,87290,31175,56115,48300,18900,29400,54600,14700,39900,139200,63200,76000,168000,48000,120000,12400,
77,21,443275,270675,102330,168345,93525,49880,43645,44100,14700,29400,67650,31950,35700,65400,5800,59600,154000,64000,90000,18600,
77,22,534400,309600,148940,160660,62350,24940,37410,39900,16800,23100,71550,29400,42150,135800,77800,58000,200000,80000,120000,24800,
77,23,544275,310675,155010,155665,93525,37410,56115,50400,25200,25200,91350,40200,51150,75400,52200,23200,215000,80000,135000,18600,
77,24,503460,280660,146780,133880,99760,49880,49880,31500,14700,16800,54600,33600,21000,94800,48600,46200,198000,48000,150000,24800,
77,25,393220,259420,128545,130875,74820,43645,31175,33600,12600,21000,79800,44100,35700,71200,28200,43000,109000,64000,45000,24800,
77,26,469290,275690,116310,159380,87290,37410,49880,33600,10500,23100,63000,25200,37800,91800,43200,48600,175000,40000,135000,18600,
77,27,464030,297430,138815,158615,112230,56115,56115,31500,12600,18900,73500,35700,37800,80200,34400,45800,148000,88000,60000,18600,
77,28,479260,306660,131510,175150,99760,37410,62350,29400,10500,18900,94500,46200,48300,83000,37400,45600,154000,64000,90000,18600,
77,29,537060,320260,171480,148780,99760,49880,49880,33600,14700,18900,77700,52500,25200,109200,54400,54800,192000,72000,120000,24800,
77,30,533795,346995,136080,210915,105995,49880,56115,44100,14700,29400,107100,48300,58800,89800,23200,66600,162000,72000,90000,24800,
78,0,542890,301490,146545,154945,87290,43645,43645,31500,14700,16800,78300,36000,42300,104400,52200,52200,229000,64000,165000,12400,
78,1,471995,298395,136110,162285,105995,37410,68585,39900,14700,25200,69300,37800,31500,83200,46200,37000,155000,80000,75000,18600,
78,2,538365,320565,158645,161920,118465,43645,74820,16800,12600,4200,73500,33600,39900,111800,68800,43000,193000,88000,105000,24800,
78,3,464555,301955,132510,169445,81055,37410,43645,42000,18900,23100,86100,33600,52500,92800,42600,50200,144000,24000,120000,18600,
78,4,516560,298760,125375,173385,99760,31175,68585,21000,8400,12600,88800,51000,37800,89200,34800,54400,193000,88000,105000,24800,
78,5,521335,298735,122755,175980,68585,18705,49880,46200,18900,27300,78150,44550,33600,105800,40600,65200,204000,24000,180000,18600,
78,6,380390,251790,116610,135180,87290,37410,49880,37800,12600,25200,52500,37800,14700,74200,28800,45400,110000,80000,30000,18600,
78,7,443920,240520,91770,148750,74820,12470,62350,33600,10500,23100,42900,28200,14700,89200,40600,48600,191000,56000,135000,12400,
78,8,453855,253055,104145,148910,81055,43645,37410,44100,23100,21000,44100,8400,35700,83800,29000,54800,176000,56000,120000,24800,
78,9,437835,243235,120540,122695,68585,24940,43645,35700,16800,18900,46350,21000,25350,92600,57800,34800,176000,56000,120000,18600,
78,10,529130,325530,141145,184385,112230,43645,68585,31500,14700,16800,75600,33600,42000,106200,49200,57000,185000,80000,105000,18600,
78,11,376455,234855,103810,131045,81055,37410,43645,33600,16800,16800,54600,21000,33600,65600,28600,37000,123000,48000,75000,18600,
78,12,537515,334915,117625,217290,118465,31175,87290,25200,10500,14700,77850,29550,48300,113400,46400,67000,184000,64000,120000,18600,
78,13,457620,264820,113405,151415,74820,18705,56115,33600,18900,14700,50400,21000,29400,106000,54800,51200,168000,48000,120000,24800,
78,14,566805,333205,149725,183480,81055,31175,49880,42000,21000,21000,79950,33750,46200,130200,63800,66400,215000,80000,135000,18600,
78,15,486660,284860,136545,148315,99760,43645,56115,25200,12600,12600,48300,31500,16800,111600,48800,62800,177000,72000,105000,24800,
78,16,550565,319765,131580,188185,118465,49880,68585,33600,14700,18900,65100,29400,35700,102600,37600,65000,206000,56000,150000,24800,
78,17,522590,283790,111540,172250,87290,24940,62350,29400,14700,14700,80700,42900,37800,86400,29000,57400,214000,64000,150000,24800,
78,18,489325,279725,127910,151815,93525,37410,56115,31500,16800,14700,65100,27300,37800,89600,46400,43200,191000,56000,135000,18600,
78,19,551940,298140,126540,171600,87290,24940,62350,46200,16800,29400,89250,38400,50850,75400,46400,29000,229000,64000,165000,24800,
78,20,512700,318100,139120,178980,62350,12470,49880,46200,18900,27300,115950,61350,54600,93600,46400,47200,176000,56000,120000,18600,
78,21,549975,325375,138560,186815,93525,37410,56115,37800,16800,21000,77850,37950,39900,116200,46400,69800,206000,56000,150000,18600,
78,22,608990,308190,162495,145695,87290,43645,43645,39900,16800,23100,88200,38250,49950,92800,63800,29000,276000,96000,180000,24800,
78,23,538495,327895,144645,183250,105995,43645,62350,37800,16800,21000,77700,37800,39900,106400,46400,60000,192000,72000,120000,18600,
78,24,471625,292825,118740,174085,93525,24940,68585,31500,8400,23100,75600,42000,33600,92200,43400,48800,154000,64000,90000,24800,
78,25,527800,348000,153580,194420,124700,49880,74820,33600,14700,18900,77700,37800,39900,112000,51200,60800,155000,80000,75000,24800,
78,26,469385,288785,118175,170610,68585,31175,37410,44100,18900,25200,60900,18900,42000,115200,49200,66000,162000,72000,90000,18600,
78,27,497925,291125,118210,172915,93525,37410,56115,29400,10500,18900,75600,27300,48300,92600,43000,49600,182000,32000,150000,24800,
78,28,490750,303950,104360,199590,129000,37410,91590,23100,6300,16800,65250,31650,33600,86600,29000,57600,162000,72000,90000,24800,
78,29,491560,282760,122110,160650,99760,37410,62350,46200,16800,29400,58800,27300,31500,78000,40600,37400,184000,64000,120000,24800,
78,30,497260,310660,138880,171780,99760,49880,49880,35700,4200,31500,88200,42000,46200,87000,42800,44200,168000,48000,120000,18600,
79,0,540645,323845,137825,186020,105995,31175,74820,44100,16800,27300,94950,55050,39900,78800,34800,44000,192000,72000,120000,24800,
79,1,517510,290910,125895,165015,99760,43645,56115,35700,16800,18900,65850,36450,29400,89600,29000,60600,208000,88000,120000,18600,
79,2,468420,265820,128875,136945,74820,31175,43645,14700,8400,6300,60900,31500,29400,115400,57800,57600,184000,64000,120000,18600,
79,3,415260,271860,109110,162750,99760,37410,62350,31500,12600,18900,63000,27300,35700,77600,31800,45800,131000,56000,75000,12400,
79,4,487720,294120,94000,200120,74820,0,74820,37800,14700,23100,63300,21300,42000,118200,58000,60200,175000,40000,135000,18600,
79,5,451660,273860,119845,154015,99760,43645,56115,44100,16800,27300,67200,33600,33600,62800,25800,37000,153000,48000,105000,24800,
79,6,519085,301485,154710,146775,68585,37410,31175,44100,27300,16800,58800,29400,29400,130000,60600,69400,199000,64000,135000,18600,
79,7,421225,280425,126975,153450,97825,31175,66650,46200,23100,23100,71400,27300,44100,65000,45400,19600,116000,56000,60000,24800,
79,8,477530,307730,145715,162015,112230,56115,56115,23100,8400,14700,100800,50400,50400,71600,30800,40800,145000,40000,105000,24800,
79,9,479225,279425,128445,150980,93525,43645,49880,31500,12600,18900,63000,29400,33600,91400,42800,48600,175000,40000,135000,24800,
79,10,479725,300925,132740,168185,93525,24940,68585,21000,16800,4200,88200,50400,37800,98200,40600,57600,154000,64000,90000,24800,
79,11,378490,244690,90840,153850,87290,24940,62350,29400,16800,12600,50400,6300,44100,77600,42800,34800,109000,64000,45000,24800,
79,12,504260,327460,127175,200285,99760,31175,68585,37800,14700,23100,98700,44100,54600,91200,37200,54000,152000,32000,120000,24800,
79,13,478960,300160,145415,154745,99760,56115,43645,35700,14700,21000,73500,37800,35700,91200,36800,54400,154000,64000,90000,24800,
79,14,571950,317150,126470,190680,62350,12470,49880,25200,12600,12600,99600,49200,50400,130000,52200,77800,230000,80000,150000,24800,
79,15,450220,271620,142010,129610,74820,37410,37410,37800,21000,16800,75600,37800,37800,83400,45800,37600,160000,40000,120000,18600,
79,16,464135,240335,113210,127125,68585,37410,31175,14700,4200,10500,52650,25200,27450,104400,46400,58000,199000,64000,135000,24800,
79,17,520695,296895,131845,165050,105995,43645,62350,35700,6300,29400,71400,35700,35700,83800,46200,37600,199000,64000,135000,24800,
79,18,522555,329755,115940,213815,81055,24940,56115,29400,12600,16800,98700,37800,60900,120600,40600,80000,168000,48000,120000,24800,
79,19,521155,309555,131610,177945,81055,37410,43645,42000,14700,27300,82500,44700,37800,104000,34800,69200,193000,88000,105000,18600,
79,20,543875,318275,146025,172250,93525,31175,62350,46200,18900,27300,71550,37950,33600,107000,58000,49000,207000,72000,135000,18600,
79,21,457255,322655,103905,218750,111155,18705,92450,33600,10500,23100,90300,39900,50400,87600,34800,52800,116000,56000,60000,18600,
79,22,484805,273205,113725,159480,81055,31175,49880,37800,12600,25200,52950,23550,29400,101400,46400,55000,193000,88000,105000,18600,
79,23,456625,321225,144175,177050,102125,31175,70950,35700,12600,23100,84000,46200,37800,99400,54200,45200,123000,48000,75000,12400,
79,24,514865,330065,137080,192985,118465,49880,68585,37800,14700,23100,75600,44100,31500,98200,28400,69800,160000,40000,120000,24800,
79,25,538560,298960,119010,179950,99760,37410,62350,39900,16800,23100,69900,30000,39900,89400,34800,54600,221000,56000,165000,18600,
79,26,493355,298755,138910,159845,81055,37410,43645,33600,10500,23100,77700,42000,35700,106400,49000,57400,176000,56000,120000,18600,
79,27,512430,309830,124845,184985,112230,43645,68585,44100,16800,27300,52500,21000,31500,101000,43400,57600,184000,64000,120000,18600,
79,28,520085,288285,144210,144075,68585,37410,31175,33600,16800,16800,75900,37800,38100,110200,52200,58000,207000,72000,135000,24800,
79,29,505655,287055,112705,174350,81055,18705,62350,33600,18900,14700,74400,34500,39900,98000,40600,57400,200000,80000,120000,18600,
79,30,452860,282060,114510,167550,99760,37410,62350,29400,18900,10500,69300,21000,48300,83600,37200,46400,146000,56000,90000,24800,
80,0,374255,256655,115810,140845,101255,37410,63845,33600,12600,21000,54600,29400,25200,67200,36400,30800,99000,24000,75000,18600,
80,1,502185,290585,130310,160275,68585,37410,31175,39900,16800,23100,54900,29700,25200,127200,46400,80800,193000,88000,105000,18600,
80,2,478215,275615,127905,147710,56115,18705,37410,29400,16800,12600,71700,40200,31500,118400,52200,66200,184000,64000,120000,18600,
80,3,501310,284510,125590,158920,99760,24940,74820,27300,14700,12600,82050,33750,48300,75400,52200,23200,192000,72000,120000,24800,
80,4,463995,264195,122675,141520,105995,31175,74820,44100,16800,27300,31500,23100,8400,82600,51600,31000,175000,40000,135000,24800,
80,5,422785,258985,113540,145445,68585,24940,43645,46200,18900,27300,69600,46500,23100,74600,23200,51400,139000,64000,75000,24800,
80,6,517555,300755,139810,160945,81055,37410,43645,33600,21000,12600,81900,29400,52500,104200,52000,52200,192000,72000,120000,24800,
80,7,503570,269970,128425,141545,74820,31175,43645,27300,14700,12600,98250,53550,44700,69600,29000,40600,215000,80000,135000,18600,
80,8,428855,250255,96240,154015,81055,24940,56115,29400,10500,18900,65400,31800,33600,74400,29000,45400,160000,40000,120000,18600,
80,9,442730,248130,135940,112190,49880,24940,24940,33600,21000,12600,71850,37800,34050,92800,52200,40600,176000,56000,120000,18600,
80,10,448990,275390,127010,148380,87290,37410,49880,33600,18900,14700,65100,27300,37800,89400,43400,46000,155000,80000,75000,18600,
80,11,516605,328005,110525,217480,81055,31175,49880,31500,12600,18900,84450,31950,52500,131000,34800,96200,170000,80000,90000,18600,
80,12,575530,336930,136675,200255,112230,31175,81055,31500,16800,14700,99000,42300,56700,94200,46400,47800,220000,40000,180000,18600,
80,13,503385,279585,147075,132510,68585,31175,37410,29400,16800,12600,54600,44100,10500,127000,55000,72000,199000,64000,135000,24800,
80,14,461840,245240,124215,121025,87290,56115,31175,37800,16800,21000,85350,33900,51450,34800,17400,17400,198000,48000,150000,18600,
80,15,451555,289755,108945,180810,81055,43645,37410,44100,16800,27300,58800,14700,44100,105800,33800,72000,137000,32000,105000,24800,
80,16,469260,283460,104210,179250,99760,37410,62350,31500,10500,21000,71400,27300,44100,80800,29000,51800,161000,56000,105000,24800,
80,17,498495,295895,136380,159515,105995,49880,56115,35700,14700,21000,82200,48600,33600,72000,23200,48800,184000,64000,120000,18600,
80,18,540470,314870,144360,170510,74820,37410,37410,29400,12600,16800,94650,42150,52500,116000,52200,63800,207000,72000,135000,18600,
80,19,464790,271990,125910,146080,87290,37410,49880,35700,12600,23100,71400,35700,35700,77600,40200,37400,168000,48000,120000,24800,
80,20,502920,264120,109010,155110,74820,37410,37410,27300,10500,16800,63600,32100,31500,98400,29000,69400,214000,64000,150000,24800,
80,21,469965,297365,120510,176855,118465,37410,81055,35700,12600,23100,50400,27300,23100,92800,43200,49600,154000,64000,90000,18600,
80,22,456035,268435,120660,147775,68585,37410,31175,35700,12600,23100,63150,35850,27300,101000,34800,66200,169000,64000,105000,18600,
80,23,478060,300260,137345,162915,99760,43645,56115,33600,10500,23100,86100,46200,39900,80800,37000,43800,153000,48000,105000,24800,
80,24,454155,267555,131445,136110,81055,43645,37410,29400,14700,14700,73500,44100,29400,83600,29000,54600,168000,48000,120000,18600,
80,25,521155,310555,157510,153045,81055,37410,43645,50400,21000,29400,95100,44100,51000,84000,55000,29000,192000,72000,120000,18600,
80,26,456470,262870,122825,140045,74820,31175,43645,31500,14700,16800,67350,42150,25200,89200,34800,54400,175000,40000,135000,18600,
80,27,519020,288220,154945,133275,74820,43645,31175,35700,12600,23100,90900,52500,38400,86800,46200,40600,206000,56000,150000,24800,
80,28,552360,306560,122410,184150,99760,37410,62350,33600,10500,23100,78000,33900,44100,95200,40600,54600,221000,56000,165000,24800,
80,29,465730,337330,126580,210750,125130,49880,75250,35700,16800,18900,69300,23100,46200,107200,36800,70400,116000,56000,60000,12400,
80,30,512225,318625,162915,155710,93525,56115,37410,33600,14700,18900,81900,39900,42000,109600,52200,57400,175000,40000,135000,18600,
81,0,431725,297125,114575,182550,93525,31175,62350,31500,14700,16800,77700,31500,46200,94400,37200,57200,116000,56000,60000,18600,
81,1,452325,281325,146975,134350,93525,31175,62350,39900,16800,23100,56700,42000,14700,91200,57000,34200,140000,80000,60000,31000,
81,2,512665,326065,131710,194355,127065,37410,89655,37800,18900,18900,75600,37800,37800,85600,37600,48000,168000,48000,120000,18600,
81,3,488690,332090,152110,179980,87290,37410,49880,46200,18900,27300,84000,46200,37800,114600,49600,65000,138000,48000,90000,18600,
81,4,446145,234545,107920,126625,43645,12470,31175,27300,8400,18900,70800,58050,12750,92800,29000,63800,193000,88000,105000,18600,
81,5,441595,270795,121945,148850,105995,43645,62350,31500,14700,16800,73500,29400,44100,59800,34200,25600,146000,56000,90000,24800,
81,6,385350,229550,111605,117945,62350,18705,43645,35700,8400,27300,56700,44100,12600,74800,40400,34400,131000,56000,75000,24800,
81,7,492255,306655,144110,162545,81055,37410,43645,35700,16800,18900,73500,44100,29400,116400,45800,70600,167000,32000,135000,18600,
81,8,516570,316770,132115,184655,137170,56115,81055,42000,16800,25200,50400,33600,16800,87200,25600,61600,175000,40000,135000,24800,
81,9,478870,247070,99375,147695,74820,31175,43645,31500,10500,21000,76950,34500,42450,63800,23200,40600,207000,72000,135000,24800,
81,10,489465,273665,92120,181545,56115,12470,43645,35700,12600,23100,74250,32250,42000,107600,34800,72800,191000,56000,135000,24800,
81,11,464245,276645,139560,137085,105995,37410,68585,33600,18900,14700,73650,48450,25200,63400,34800,28600,169000,64000,105000,18600,
81,12,519340,301540,141095,160445,87290,43645,43645,31500,12600,18900,84150,44250,39900,98600,40600,58000,193000,88000,105000,24800,
81,13,398125,270525,122710,147815,93525,37410,56115,29400,10500,18900,67200,37800,29400,80400,37000,43400,109000,64000,45000,18600,
81,14,564730,362130,137880,224250,112230,49880,62350,31500,12600,18900,79800,29400,50400,138600,46000,92600,184000,64000,120000,18600,
81,15,503460,296660,148310,148350,99760,37410,62350,16800,10500,6300,94500,54600,39900,85600,45800,39800,182000,32000,150000,24800,
81,16,492125,319525,158480,161045,93525,49880,43645,33600,16800,16800,92400,46200,46200,100000,45600,54400,154000,64000,90000,18600,
81,17,489200,287600,134490,153110,62350,24940,37410,27300,18900,8400,88350,44250,44100,109600,46400,63200,183000,48000,135000,18600,
81,18,465620,286020,145975,140045,74820,31175,43645,33600,18900,14700,71400,52500,18900,106200,43400,62800,161000,56000,105000,18600,
81,19,461490,265890,98505,167385,87290,18705,68585,25200,12600,12600,52800,15000,37800,100600,52200,48400,177000,72000,105000,18600,
81,20,485670,261070,111325,149745,74820,31175,43645,44100,14700,29400,55350,36450,18900,86800,29000,57800,206000,56000,150000,18600,
81,21,520560,288560,118210,170350,99760,37410,62350,25200,10500,14700,65400,29700,35700,98200,40600,57600,201000,96000,105000,31000,
81,22,459385,262785,108360,154425,68585,37410,31175,27300,4200,23100,74100,31950,42150,92800,34800,58000,178000,88000,90000,18600,
81,23,482695,319895,133210,186685,105995,37410,68585,39900,18900,21000,79800,39900,39900,94200,37000,57200,138000,48000,90000,24800,
81,24,459590,302990,136210,166780,87290,37410,49880,35700,12600,23100,79800,37800,42000,100200,48400,51800,138000,48000,90000,18600,
81,25,455820,268220,122810,145410,74820,37410,37410,35700,10500,25200,65100,31500,33600,92600,43400,49200,169000,64000,105000,18600,
81,26,418890,285290,115075,170215,87290,31175,56115,39900,10500,29400,73500,33600,39900,84600,39800,44800,115000,40000,75000,18600,
81,27,448125,284525,122910,161615,93525,37410,56115,37800,18900,18900,58800,29400,29400,94400,37200,57200,145000,40000,105000,18600,
81,28,505030,283230,131445,151785,112230,43645,68585,37800,12600,25200,50400,37800,12600,82800,37400,45400,197000,32000,165000,24800,
81,29,487825,284225,145075,139150,93525,31175,62350,29400,16800,12600,80100,50700,29400,81200,46400,34800,185000,80000,105000,18600,
81,30,533675,300875,118360,182515,93525,37410,56115,37800,12600,25200,73950,27750,46200,95600,40600,55000,208000,88000,120000,24800,
82,0,550260,317460,111405,206055,99760,18705,81055,33600,12600,21000,65700,27900,37800,118400,52200,66200,208000,88000,120000,24800,
82,1,491060,279460,128430,151030,99760,49880,49880,31500,12600,18900,61200,25350,35850,87000,40600,46400,193000,88000,105000,18600,
82,2,538365,320565,158645,161920,118465,43645,74820,16800,12600,4200,73500,33600,39900,111800,68800,43000,193000,88000,105000,24800,
82,3,464555,301955,132510,169445,81055,37410,43645,42000,18900,23100,86100,33600,52500,92800,42600,50200,144000,24000,120000,18600,
82,4,516560,298760,125375,173385,99760,31175,68585,21000,8400,12600,88800,51000,37800,89200,34800,54400,193000,88000,105000,24800,
82,5,521335,298735,122755,175980,68585,18705,49880,46200,18900,27300,78150,44550,33600,105800,40600,65200,204000,24000,180000,18600,
82,6,380390,251790,116610,135180,87290,37410,49880,37800,12600,25200,52500,37800,14700,74200,28800,45400,110000,80000,30000,18600,
82,7,443920,240520,91770,148750,74820,12470,62350,33600,10500,23100,42900,28200,14700,89200,40600,48600,191000,56000,135000,12400,
82,8,453855,253055,104145,148910,81055,43645,37410,44100,23100,21000,44100,8400,35700,83800,29000,54800,176000,56000,120000,24800,
82,9,437835,243235,120540,122695,68585,24940,43645,35700,16800,18900,46350,21000,25350,92600,57800,34800,176000,56000,120000,18600,
82,10,529130,325530,141145,184385,112230,43645,68585,31500,14700,16800,75600,33600,42000,106200,49200,57000,185000,80000,105000,18600,
82,11,376455,234855,103810,131045,81055,37410,43645,33600,16800,16800,54600,21000,33600,65600,28600,37000,123000,48000,75000,18600,
82,12,537515,334915,117625,217290,118465,31175,87290,25200,10500,14700,77850,29550,48300,113400,46400,67000,184000,64000,120000,18600,
82,13,457620,264820,113405,151415,74820,18705,56115,33600,18900,14700,50400,21000,29400,106000,54800,51200,168000,48000,120000,24800,
82,14,566805,333205,149725,183480,81055,31175,49880,42000,21000,21000,79950,33750,46200,130200,63800,66400,215000,80000,135000,18600,
82,15,486660,284860,136545,148315,99760,43645,56115,25200,12600,12600,48300,31500,16800,111600,48800,62800,177000,72000,105000,24800,
82,16,550565,319765,131580,188185,118465,49880,68585,33600,14700,18900,65100,29400,35700,102600,37600,65000,206000,56000,150000,24800,
82,17,522590,283790,111540,172250,87290,24940,62350,29400,14700,14700,80700,42900,37800,86400,29000,57400,214000,64000,150000,24800,
82,18,489325,279725,127910,151815,93525,37410,56115,31500,16800,14700,65100,27300,37800,89600,46400,43200,191000,56000,135000,18600,
82,19,551940,298140,126540,171600,87290,24940,62350,46200,16800,29400,89250,38400,50850,75400,46400,29000,229000,64000,165000,24800,
82,20,512700,318100,139120,178980,62350,12470,49880,46200,18900,27300,115950,61350,54600,93600,46400,47200,176000,56000,120000,18600,
82,21,549975,325375,138560,186815,93525,37410,56115,37800,16800,21000,77850,37950,39900,116200,46400,69800,206000,56000,150000,18600,
82,22,608990,308190,162495,145695,87290,43645,43645,39900,16800,23100,88200,38250,49950,92800,63800,29000,276000,96000,180000,24800,
82,23,538495,327895,144645,183250,105995,43645,62350,37800,16800,21000,77700,37800,39900,106400,46400,60000,192000,72000,120000,18600,
82,24,471625,292825,118740,174085,93525,24940,68585,31500,8400,23100,75600,42000,33600,92200,43400,48800,154000,64000,90000,24800,
82,25,527800,348000,153580,194420,124700,49880,74820,33600,14700,18900,77700,37800,39900,112000,51200,60800,155000,80000,75000,24800,
82,26,469385,288785,118175,170610,68585,31175,37410,44100,18900,25200,60900,18900,42000,115200,49200,66000,162000,72000,90000,18600,
82,27,497925,291125,118210,172915,93525,37410,56115,29400,10500,18900,75600,27300,48300,92600,43000,49600,182000,32000,150000,24800,
82,28,490750,303950,104360,199590,129000,37410,91590,23100,6300,16800,65250,31650,33600,86600,29000,57600,162000,72000,90000,24800,
82,29,491560,282760,122110,160650,99760,37410,62350,46200,16800,29400,58800,27300,31500,78000,40600,37400,184000,64000,120000,24800,
82,30,497260,310660,138880,171780,99760,49880,49880,35700,4200,31500,88200,42000,46200,87000,42800,44200,168000,48000,120000,18600,
83,0,435585,273785,117440,156345,68585,24940,43645,21000,10500,10500,75600,42000,33600,108600,40000,68600,137000,32000,105000,24800,
83,1,434185,238585,112190,126395,68585,24940,43645,35700,16800,18900,53100,29850,23250,81200,40600,40600,177000,72000,105000,18600,
83,2,537325,320525,137710,182815,93525,37410,56115,33600,6300,27300,92400,42000,50400,101000,52000,49000,192000,72000,120000,24800,
83,3,506995,305395,142410,162985,105995,37410,68585,39900,14700,25200,73500,44100,29400,86000,46200,39800,183000,48000,135000,18600,
83,4,440325,268725,130545,138180,93525,43645,49880,31500,14700,16800,77700,37800,39900,66000,34400,31600,153000,48000,105000,18600,
83,5,398685,252685,131110,121575,72885,41710,31175,46200,21000,25200,84000,42000,42000,49600,26400,23200,115000,40000,75000,31000,
83,6,394095,222495,95590,126905,43645,24940,18705,33600,10500,23100,52650,25350,27300,92600,34800,57800,153000,48000,105000,18600,
83,7,499655,289055,139045,150010,81055,43645,37410,37800,14700,23100,54600,23100,31500,115600,57600,58000,192000,72000,120000,18600,
83,8,623110,335510,149895,185615,99760,43645,56115,42000,16800,25200,66150,43050,23100,127600,46400,81200,269000,104000,165000,18600,
83,9,496690,264890,107560,157330,87290,37410,49880,31500,12600,18900,76500,34350,42150,69600,23200,46400,207000,72000,135000,24800,
83,10,476805,288405,130225,158180,81055,31175,49880,35700,16800,18900,73650,35850,37800,98000,46400,51600,176000,56000,120000,12400,
83,11,449050,272250,132245,140005,62350,43645,18705,37800,14700,23100,69300,31500,37800,102800,42400,60400,152000,32000,120000,24800,
83,12,447920,301120,118640,182480,74820,24940,49880,37800,16800,21000,86100,39900,46200,102400,37000,65400,122000,32000,90000,24800,
83,13,474630,274630,114880,159750,112230,49880,62350,23100,6300,16800,65100,27300,37800,74200,31400,42800,169000,64000,105000,31000,
83,14,532555,299155,135960,163195,81055,37410,43645,39900,18900,21000,91200,44850,46350,87000,34800,52200,221000,56000,165000,12400,
83,15,406525,280725,129045,151680,93525,43645,49880,39900,16800,23100,73500,37800,35700,73800,30800,43000,101000,56000,45000,24800,
83,16,501505,276905,107125,169780,81055,31175,49880,29400,4200,25200,82650,42750,39900,83800,29000,54800,206000,56000,150000,18600,
83,17,465570,286970,123325,163645,74820,31175,43645,42000,18900,23100,100950,44250,56700,69200,29000,40200,160000,40000,120000,18600,
83,18,448255,263455,141980,121475,81055,49880,31175,39900,16800,23100,48300,27300,21000,94200,48000,46200,160000,40000,120000,24800,
83,19,466100,263500,126460,137040,62350,37410,24940,27300,12600,14700,69450,35850,33600,104400,40600,63800,184000,64000,120000,18600,
83,20,504895,309295,149345,159950,105995,43645,62350,29400,21000,8400,81900,35700,46200,92000,49000,43000,177000,72000,105000,18600,
83,21,382020,226220,115275,110945,74820,31175,43645,33600,10500,23100,46200,33600,12600,71600,40000,31600,131000,56000,75000,24800,
83,22,519170,279570,103725,175845,74820,31175,43645,42000,18900,23100,61950,30450,31500,100800,23200,77600,221000,56000,165000,18600,
83,23,440185,269385,105070,164315,68585,12470,56115,35700,10500,25200,69300,27300,42000,95800,54800,41000,146000,56000,90000,24800,
83,24,393860,245260,110980,134280,99760,49880,49880,31500,16800,14700,54600,18900,35700,59400,25400,34000,130000,40000,90000,18600,
83,25,468260,283460,124575,158885,99760,31175,68585,35700,14700,21000,67200,35700,31500,80800,43000,37800,160000,40000,120000,24800,
83,26,520355,303555,126340,177215,81055,24940,56115,39900,12600,27300,58800,25200,33600,123800,63600,60200,192000,72000,120000,24800,
83,27,488660,300260,150310,149950,99760,37410,62350,33600,12600,21000,69300,39900,29400,97600,60400,37200,176000,56000,120000,12400,
83,28,510450,278650,137110,141540,62350,37410,24940,37800,21000,16800,74100,38100,36000,104400,40600,63800,207000,72000,135000,24800,
83,29,505335,289535,141710,147825,68585,37410,31175,35700,14700,21000,101250,46200,55050,84000,43400,40600,191000,56000,135000,24800,
83,30,554675,292875,145160,147715,93525,37410,56115,31500,16800,14700,63450,44550,18900,104400,46400,58000,237000,72000,165000,24800,
84,0,484750,276950,122270,154680,62350,12470,49880,25200,10500,14700,71400,35700,35700,118000,63600,54400,183000,48000,135000,24800,
84,1,493240,276440,109725,166715,87290,31175,56115,29400,16800,12600,67950,38550,29400,91800,23200,68600,192000,72000,120000,24800,
84,2,545815,299015,133860,165155,56115,37410,18705,42000,18900,23100,67500,25350,42150,133400,52200,81200,222000,72000,150000,24800,
84,3,459075,257475,103060,154415,93525,37410,56115,42000,14700,27300,69750,27750,42000,52200,23200,29000,183000,48000,135000,18600,
84,4,492605,281205,120525,160680,81055,31175,49880,50400,23100,27300,66150,43050,23100,83600,23200,60400,199000,64000,135000,12400,
84,5,464755,234955,96540,138415,81055,24940,56115,23100,8400,14700,78600,34200,44400,52200,29000,23200,205000,40000,165000,24800,
84,6,539575,312975,147260,165715,93525,37410,56115,42000,23100,18900,76050,40350,35700,101400,46400,55000,208000,88000,120000,18600,
84,7,529415,288015,124740,163275,56115,24940,31175,31500,12600,18900,78600,40800,37800,121800,46400,75400,229000,64000,165000,12400,
84,8,359685,248885,84405,164480,85785,18705,67080,35700,10500,25200,58800,21000,37800,68600,34200,34400,86000,56000,30000,24800,
84,9,360085,262685,98775,163910,68585,31175,37410,42000,14700,27300,48300,10500,37800,103800,42400,61400,85000,40000,45000,12400,
84,10,449675,262875,113625,149250,93525,31175,62350,31500,12600,18900,71850,46650,25200,66000,23200,42800,162000,72000,90000,24800,
84,11,483255,296455,134340,162115,81055,24940,56115,33600,14700,18900,75600,39900,35700,106200,54800,51400,162000,72000,90000,24800,
84,12,568590,325990,155460,170530,87290,37410,49880,39900,12600,27300,65400,35850,29550,133400,69600,63800,224000,104000,120000,18600,
84,13,554060,328460,144575,183885,99760,31175,68585,39900,21000,18900,90600,40200,50400,98200,52200,46000,207000,72000,135000,18600,
84,14,471495,294695,131980,162715,105995,49880,56115,33600,14700,18900,111300,58800,52500,43800,8600,35200,152000,32000,120000,24800,
84,15,362400,211800,92690,119110,62350,24940,37410,33600,10500,23100,46650,34050,12600,69200,23200,46000,132000,72000,60000,18600,
84,16,540025,315225,136675,178550,93525,31175,62350,44100,16800,27300,82200,42300,39900,95400,46400,49000,200000,80000,120000,24800,
84,17,520430,310630,145145,165485,112230,43645,68585,42000,14700,27300,50400,37800,12600,106000,49000,57000,185000,80000,105000,24800,
84,18,476885,305285,125570,179715,68585,12470,56115,37800,16800,21000,60900,44100,16800,138000,52200,85800,153000,48000,105000,18600,
84,19,392690,245890,106910,138980,87290,37410,49880,42000,14700,27300,63000,21000,42000,53600,33800,19800,122000,32000,90000,24800,
84,20,509175,291375,118860,172515,93525,37410,56115,33600,16800,16800,71850,29850,42000,92400,34800,57600,193000,88000,105000,24800,
84,21,510505,300705,135295,165410,81055,43645,37410,35700,16800,18900,79950,40050,39900,104000,34800,69200,185000,80000,105000,24800,
84,22,452490,294890,144810,150080,87290,37410,49880,42000,16800,25200,71400,42000,29400,94200,48600,45600,139000,64000,75000,18600,
84,23,337150,242350,99240,143110,98850,36940,61910,25200,10500,14700,65100,29400,35700,53200,22400,30800,70000,40000,30000,24800,
84,24,504535,286935,100385,186550,68585,6235,62350,37800,16800,21000,78750,36750,42000,101800,40600,61200,199000,64000,135000,18600,
84,25,564360,300760,137710,163050,99760,37410,62350,23100,16800,6300,76500,42900,33600,101400,40600,60800,245000,80000,165000,18600,
84,26,603410,316810,143445,173365,99760,43645,56115,29400,12600,16800,83250,40800,42450,104400,46400,58000,268000,88000,180000,18600,
84,27,423620,251020,141510,109510,74820,37410,37410,46200,14700,31500,37800,37800,0,92200,51600,40600,154000,64000,90000,18600,
84,28,520125,310525,136575,173950,93525,31175,62350,35700,14700,21000,77700,35700,42000,103600,55000,48600,191000,56000,135000,18600,
84,29,455930,292130,121945,170185,112230,43645,68585,33600,16800,16800,65100,35700,29400,81200,25800,55400,139000,64000,75000,24800,
84,30,465095,295295,166415,128880,118895,69015,49880,44100,21000,23100,69300,42000,27300,63000,34400,28600,145000,40000,105000,24800,
85,0,447955,276955,129910,147045,81055,37410,43645,37800,18900,18900,69300,33600,35700,88800,40000,48800,140000,80000,60000,31000,
85,1,463595,283995,127245,156750,105995,43645,62350,31500,16800,14700,77700,37800,39900,68800,29000,39800,161000,56000,105000,18600,
85,2,448690,270890,110140,160750,87290,24940,62350,33600,16800,16800,84000,33600,50400,66000,34800,31200,153000,48000,105000,24800,
85,3,469195,290595,134745,155850,105995,43645,62350,27300,16800,10500,77700,48300,29400,79600,26000,53600,160000,40000,120000,18600,
85,4,399385,268585,130275,138310,85785,48375,37410,37800,16800,21000,58800,31500,27300,86200,33600,52600,106000,16000,90000,24800,
85,5,434570,276970,116590,160380,74820,24940,49880,27300,10500,16800,82050,46350,35700,92800,34800,58000,139000,64000,75000,18600,
85,6,478890,316090,121745,194345,87290,43645,43645,44100,16800,27300,73500,27300,46200,111200,34000,77200,138000,48000,90000,24800,
85,7,436090,250290,114975,135315,87290,31175,56115,25200,12600,12600,54600,25200,29400,83200,46000,37200,161000,56000,105000,24800,
85,8,530620,268820,109955,158865,74820,18705,56115,42000,16800,25200,70800,45450,25350,81200,29000,52200,237000,72000,165000,24800,
85,9,451755,302355,113375,188980,81055,31175,49880,44100,14700,29400,71400,27300,44100,105800,40200,65600,137000,32000,105000,12400,
85,10,519640,324040,136160,187880,87290,37410,49880,35700,14700,21000,97050,55050,42000,104000,29000,75000,177000,72000,105000,18600,
85,11,480860,303060,137610,165450,99760,37410,62350,52500,16800,35700,84000,37800,46200,66800,45600,21200,153000,48000,105000,24800,
85,12,497460,287860,127910,159950,99760,37410,62350,31500,14700,16800,58800,29400,29400,97800,46400,51400,191000,56000,135000,18600,
85,13,494200,254400,136610,117790,62350,37410,24940,33600,14700,18900,59850,38100,21750,98600,46400,52200,215000,80000,135000,24800,
85,14,541460,294860,149480,145380,99760,49880,49880,27300,14700,12600,78000,35700,42300,89800,49200,40600,228000,48000,180000,18600,
85,15,481230,310430,121680,188750,112230,49880,62350,37800,14700,23100,67200,23100,44100,93200,34000,59200,146000,56000,90000,24800,
85,16,501860,321260,129110,192150,99760,37410,62350,37800,14700,23100,65100,33600,31500,118600,43400,75200,162000,72000,90000,18600,
85,17,435300,232500,118710,113790,62350,37410,24940,46200,21000,25200,60150,25500,34650,63800,34800,29000,178000,88000,90000,24800,
85,18,511890,324290,142675,181615,87290,31175,56115,39900,16800,23100,77700,48300,29400,119400,46400,73000,169000,64000,105000,18600,
85,19,388415,232615,121840,110775,56115,24940,31175,29400,10500,18900,60900,37800,23100,86200,48600,37600,131000,56000,75000,24800,
85,20,489235,272435,141475,130960,68585,31175,37410,44100,23100,21000,61350,29400,31950,98400,57800,40600,192000,72000,120000,24800,
85,21,500950,281350,132710,148640,62350,37410,24940,39900,21000,18900,57300,10500,46800,121800,63800,58000,201000,96000,105000,18600,
85,22,557515,330915,148495,182420,118465,43645,74820,42000,14700,27300,61050,37950,23100,109400,52200,57200,208000,88000,120000,18600,
85,23,420025,262425,136410,126015,93525,37410,56115,33600,16800,16800,60900,50400,10500,74400,31800,42600,139000,64000,75000,18600,
85,24,496060,315460,149845,165615,99760,43645,56115,42000,21000,21000,81900,33600,48300,91800,51600,40200,162000,72000,90000,18600,
85,25,529165,342365,122610,219755,118465,37410,81055,25200,10500,14700,77700,31500,46200,121000,43200,77800,162000,72000,90000,24800,
85,26,489770,287970,126745,161225,74820,43645,31175,39900,14700,25200,77850,25200,52650,95400,43200,52200,177000,72000,105000,24800,
85,27,441990,248190,119925,128265,87290,31175,56115,46200,18900,27300,91500,46650,44850,23200,23200,0,169000,64000,105000,24800,
85,28,538360,352560,141045,211515,99760,43645,56115,37800,14700,23100,88200,39900,48300,126800,42800,84000,161000,56000,105000,24800,
85,29,594255,323455,146695,176760,81055,43645,37410,37800,14700,23100,82800,36150,46650,121800,52200,69600,246000,96000,150000,24800,
85,30,498555,327955,98840,229115,81055,24940,56115,44100,12600,31500,78000,38100,39900,124800,23200,101600,152000,32000,120000,18600,
86,0,581045,314645,143810,170835,105995,37410,68585,18900,10500,8400,85350,49500,35850,104400,46400,58000,254000,104000,150000,12400,
86,1,446720,275120,127310,147810,74820,37410,37410,29400,16800,12600,73500,35700,37800,97400,37400,60000,153000,48000,105000,18600,
86,2,523110,328510,118995,209515,99760,43645,56115,35700,12600,23100,86250,33750,52500,106800,29000,77800,176000,56000,120000,18600,
86,3,392590,272190,130845,141345,87290,43645,43645,29400,14700,14700,73500,35700,37800,82000,36800,45200,108000,48000,60000,12400,
86,4,528660,327860,132240,195620,99760,24940,74820,48300,21000,27300,71400,39900,31500,108400,46400,62000,176000,56000,120000,24800,
86,5,440770,246970,122610,124360,74820,37410,37410,31500,12600,18900,56850,29400,27450,83800,43200,40600,169000,64000,105000,24800,
86,6,434085,278285,122805,155480,68585,18705,49880,29400,16800,12600,94500,44100,50400,85800,43200,42600,131000,56000,75000,24800,
86,7,471995,285395,120510,164885,105995,37410,68585,35700,16800,18900,77700,31500,46200,66000,34800,31200,168000,48000,120000,18600,
86,8,487400,270600,111830,158770,62350,49880,12470,33600,14700,18900,67650,29850,37800,107000,17400,89600,192000,72000,120000,24800,
86,9,442655,270855,141575,129280,81055,31175,49880,27300,12600,14700,73500,46200,27300,89000,51600,37400,147000,72000,75000,24800,
86,10,435390,265590,128310,137280,87290,37410,49880,31500,16800,14700,58800,31500,27300,88000,42600,45400,145000,40000,105000,24800,
86,11,456390,278590,135075,143515,87290,31175,56115,37800,14700,23100,81900,46200,35700,71600,43000,28600,153000,48000,105000,24800,
86,12,437090,272490,130810,141680,87290,37410,49880,25200,10500,14700,71400,39900,31500,88600,43000,45600,146000,56000,90000,18600,
86,13,490370,258570,109590,148980,74820,24940,49880,37800,12600,25200,36150,25650,10500,109800,46400,63400,207000,72000,135000,24800,
86,14,568630,351830,146280,205550,112230,49880,62350,42000,14700,27300,100800,44100,56700,96800,37600,59200,192000,72000,120000,24800,
86,15,488960,324360,165180,159180,99760,49880,49880,44100,21000,23100,73500,35700,37800,107000,58600,48400,146000,56000,90000,18600,
86,16,495590,271790,131845,139945,87290,43645,43645,33600,12600,21000,44100,29400,14700,106800,46200,60600,199000,64000,135000,24800,
86,17,374490,233690,90310,143380,87290,37410,49880,23100,10500,12600,69300,25200,44100,54000,17200,36800,116000,56000,60000,24800,
86,18,432195,284395,129245,155150,110295,43645,66650,35700,12600,23100,63000,33600,29400,75400,39400,36000,123000,48000,75000,24800,
86,19,467860,304060,132010,172050,99760,37410,62350,29400,16800,12600,86100,46200,39900,88800,31600,57200,139000,64000,75000,24800,
86,20,406125,273525,126245,147280,106425,43645,62780,25200,8400,16800,73500,46200,27300,68400,28000,40400,114000,24000,90000,18600,
86,21,400425,264825,135245,129580,93525,43645,49880,37800,21000,16800,65100,42000,23100,68400,28600,39800,117000,72000,45000,18600,
86,22,447755,275155,123910,151245,81055,37410,43645,37800,14700,23100,84300,48600,35700,72000,23200,48800,154000,64000,90000,18600,
86,23,374185,231585,96575,135010,68585,31175,37410,23100,12600,10500,48300,12600,35700,91600,40200,51400,124000,64000,60000,18600,
86,24,440465,246865,113990,132875,56115,24940,31175,35700,16800,18900,56850,31650,25200,98200,40600,57600,175000,40000,135000,18600,
86,25,475260,296460,127140,169320,99760,24940,74820,44100,16800,27300,71400,33600,37800,81200,51800,29400,154000,64000,90000,24800,
86,26,497755,318955,125740,193215,81055,24940,56115,50400,21000,29400,69300,33600,35700,118200,46200,72000,154000,64000,90000,24800,
86,27,461560,305960,107310,198650,104060,37410,66650,35700,12600,23100,67200,31500,35700,99000,25800,73200,137000,32000,105000,18600,
86,28,518960,310360,138210,172150,99760,37410,62350,44100,16800,27300,73500,37800,35700,93000,46200,46800,190000,40000,150000,18600,
86,29,519125,302325,141645,160680,93525,43645,49880,46200,18900,27300,67200,35700,31500,95400,43400,52000,192000,72000,120000,24800,
86,30,514795,292795,130045,162750,105995,43645,62350,33600,16800,16800,75600,37800,37800,77600,31800,45800,191000,56000,135000,31000,
87,0,427395,265595,118745,146850,105995,43645,62350,31500,18900,12600,65100,33600,31500,63000,22600,40400,137000,32000,105000,24800,
87,1,487420,253820,128145,125675,74820,43645,31175,37800,10500,27300,77400,27600,49800,63800,46400,17400,215000,80000,135000,18600,
87,2,448315,238515,117625,120890,56115,31175,24940,39900,18900,21000,55500,21150,34350,87000,46400,40600,185000,80000,105000,24800,
87,3,438860,277060,133010,144050,99760,37410,62350,37800,16800,21000,65100,42000,23100,74400,36800,37600,137000,32000,105000,24800,
87,4,482925,281325,114575,166750,93525,31175,62350,27300,10500,16800,80100,38100,42000,80400,34800,45600,183000,48000,135000,18600,
87,5,520355,326555,129705,196850,81055,18705,62350,42000,16800,25200,77700,42000,35700,125800,52200,73600,169000,64000,105000,24800,
87,6,514270,273670,129810,143860,74820,37410,37410,39900,16800,23100,66150,23400,42750,92800,52200,40600,222000,72000,150000,18600,
87,7,493225,299425,132845,166580,93525,43645,49880,33600,14700,18900,77700,39900,37800,94600,34600,60000,169000,64000,105000,24800,
87,8,473535,263935,127690,136245,68585,24940,43645,42000,18900,23100,54750,31650,23100,98600,52200,46400,191000,56000,135000,18600,
87,9,470605,261805,135845,125960,81055,43645,37410,29400,14700,14700,58950,31500,27450,92400,46000,46400,184000,64000,120000,24800,
87,10,448690,263890,107510,156380,87290,37410,49880,31500,14700,16800,65100,29400,35700,80000,26000,54000,160000,40000,120000,24800,
87,11,541830,317030,109010,208020,112230,37410,74820,37800,16800,21000,76200,25800,50400,90800,29000,61800,200000,80000,120000,24800,
87,12,425720,254120,129675,124445,74820,31175,43645,35700,14700,21000,46200,29400,16800,97400,54400,43000,153000,48000,105000,18600,
87,13,471895,295095,126115,168980,105995,56115,49880,39900,10500,29400,63000,39900,23100,86200,19600,66600,152000,32000,120000,24800,
87,14,508640,277840,140575,137265,87290,31175,56115,25200,14700,10500,101550,65700,35850,63800,29000,34800,206000,56000,150000,24800,
87,15,441300,263500,110790,152710,62350,24940,37410,35700,16800,18900,82050,40050,42000,83400,29000,54400,153000,48000,105000,24800,
87,16,547595,322995,136245,186750,105995,43645,62350,37800,18900,18900,75600,27300,48300,103600,46400,57200,206000,56000,150000,18600,
87,17,466180,248580,108205,140375,49880,18705,31175,39900,16800,23100,83400,49500,33900,75400,23200,52200,199000,64000,135000,18600,
87,18,407455,275655,108110,167545,81055,37410,43645,50400,16800,33600,67200,23100,44100,77000,30800,46200,107000,32000,75000,24800,
87,19,501725,314125,134710,179415,93525,37410,56115,35700,16800,18900,86100,31500,54600,98800,49000,49800,169000,64000,105000,18600,
87,20,424020,254220,101275,152945,74820,31175,43645,35700,14700,21000,69300,21000,48300,74400,34400,40000,145000,40000,105000,24800,
87,21,540825,317025,142780,174245,93525,49880,43645,37800,18900,18900,81900,33600,48300,103800,40400,63400,199000,64000,135000,24800,
87,22,506525,304725,130510,174215,93525,37410,56115,42000,18900,23100,79800,33600,46200,89400,40600,48800,177000,72000,105000,24800,
87,23,505690,297090,131210,165880,87290,37410,49880,37800,10500,27300,79800,39900,39900,92200,43400,48800,190000,40000,150000,18600,
87,24,531160,344360,153675,190685,99760,31175,68585,33600,16800,16800,88200,48300,39900,122800,57400,65400,162000,72000,90000,24800,
87,25,500245,306445,104355,202090,105995,18705,87290,37800,21000,16800,71850,29850,42000,90800,34800,56000,169000,64000,105000,24800,
87,26,413955,250155,115475,134680,81055,31175,49880,29400,8400,21000,65100,35700,29400,74600,40200,34400,139000,64000,75000,24800,
87,27,565115,318315,120460,197855,118465,37410,81055,29400,6300,23100,59250,36150,23100,111200,40600,70600,222000,72000,150000,24800,
87,28,463825,286025,127545,158480,93525,43645,49880,14700,6300,8400,84000,37800,46200,93800,39800,54000,153000,48000,105000,24800,
87,29,465055,272255,116545,155710,81055,43645,37410,44100,16800,27300,60900,18900,42000,86200,37200,49000,168000,48000,120000,24800,
87,30,501190,285390,143110,142280,87290,37410,49880,31500,16800,14700,63000,48300,14700,103600,40600,63000,191000,56000,135000,24800,
88,0,584490,336690,149510,187180,87290,37410,49880,46200,16800,29400,75600,31500,44100,127600,63800,63800,223000,88000,135000,24800,
88,1,429190,304390,148210,156180,87290,37410,49880,39900,14700,25200,92400,44100,48300,84800,52000,32800,100000,40000,60000,24800,
88,2,514255,288655,109310,179345,81055,37410,43645,44100,12600,31500,50700,12900,37800,112800,46400,66400,207000,72000,135000,18600,
88,3,466925,334125,148345,185780,93525,43645,49880,50400,25200,25200,84000,39900,44100,106200,39600,66600,108000,48000,60000,24800,
88,4,490260,318660,155310,163350,99760,37410,62350,33600,21000,12600,90300,48300,42000,95000,48600,46400,153000,48000,105000,18600,
88,5,498390,297590,121475,176115,87290,31175,56115,31500,14700,16800,84000,29400,54600,94800,46200,48600,176000,56000,120000,24800,
88,6,317915,244315,100540,143775,77615,24940,52675,42000,18900,23100,56700,31500,25200,68000,25200,42800,55000,40000,15000,18600,
88,7,458135,286335,98990,187345,68585,24940,43645,33600,10500,23100,86550,40350,46200,97600,23200,74400,147000,72000,75000,24800,
88,8,475120,288320,128910,159410,74820,37410,37410,39900,14700,25200,84000,42000,42000,89600,34800,54800,162000,72000,90000,24800,
88,9,525480,299880,138925,160955,112230,31175,81055,27300,12600,14700,82350,48750,33600,78000,46400,31600,207000,72000,135000,18600,
88,10,435390,265590,128310,137280,87290,37410,49880,31500,16800,14700,58800,31500,27300,88000,42600,45400,145000,40000,105000,24800,
88,11,456390,278590,135075,143515,87290,31175,56115,37800,14700,23100,81900,46200,35700,71600,43000,28600,153000,48000,105000,24800,
88,12,437090,272490,130810,141680,87290,37410,49880,25200,10500,14700,71400,39900,31500,88600,43000,45600,146000,56000,90000,18600,
88,13,490370,258570,109590,148980,74820,24940,49880,37800,12600,25200,36150,25650,10500,109800,46400,63400,207000,72000,135000,24800,
88,14,568630,351830,146280,205550,112230,49880,62350,42000,14700,27300,100800,44100,56700,96800,37600,59200,192000,72000,120000,24800,
88,15,488960,324360,165180,159180,99760,49880,49880,44100,21000,23100,73500,35700,37800,107000,58600,48400,146000,56000,90000,18600,
88,16,495590,271790,131845,139945,87290,43645,43645,33600,12600,21000,44100,29400,14700,106800,46200,60600,199000,64000,135000,24800,
88,17,374490,233690,90310,143380,87290,37410,49880,23100,10500,12600,69300,25200,44100,54000,17200,36800,116000,56000,60000,24800,
88,18,432195,284395,129245,155150,110295,43645,66650,35700,12600,23100,63000,33600,29400,75400,39400,36000,123000,48000,75000,24800,
88,19,467860,304060,132010,172050,99760,37410,62350,29400,16800,12600,86100,46200,39900,88800,31600,57200,139000,64000,75000,24800,
88,20,406125,273525,126245,147280,106425,43645,62780,25200,8400,16800,73500,46200,27300,68400,28000,40400,114000,24000,90000,18600,
88,21,400425,264825,135245,129580,93525,43645,49880,37800,21000,16800,65100,42000,23100,68400,28600,39800,117000,72000,45000,18600,
88,22,447755,275155,123910,151245,81055,37410,43645,37800,14700,23100,84300,48600,35700,72000,23200,48800,154000,64000,90000,18600,
88,23,374185,231585,96575,135010,68585,31175,37410,23100,12600,10500,48300,12600,35700,91600,40200,51400,124000,64000,60000,18600,
88,24,440465,246865,113990,132875,56115,24940,31175,35700,16800,18900,56850,31650,25200,98200,40600,57600,175000,40000,135000,18600,
88,25,475260,296460,127140,169320,99760,24940,74820,44100,16800,27300,71400,33600,37800,81200,51800,29400,154000,64000,90000,24800,
88,26,497755,318955,125740,193215,81055,24940,56115,50400,21000,29400,69300,33600,35700,118200,46200,72000,154000,64000,90000,24800,
88,27,461560,305960,107310,198650,104060,37410,66650,35700,12600,23100,67200,31500,35700,99000,25800,73200,137000,32000,105000,18600,
88,28,518960,310360,138210,172150,99760,37410,62350,44100,16800,27300,73500,37800,35700,93000,46200,46800,190000,40000,150000,18600,
88,29,519125,302325,141645,160680,93525,43645,49880,46200,18900,27300,67200,35700,31500,95400,43400,52000,192000,72000,120000,24800,
88,30,514795,292795,130045,162750,105995,43645,62350,33600,16800,16800,75600,37800,37800,77600,31800,45800,191000,56000,135000,31000,
89,0,530955,338155,133175,204980,81055,31175,49880,52500,23100,29400,75600,35700,39900,129000,43200,85800,168000,48000,120000,24800,
89,1,424925,253325,110510,142815,93525,37410,56115,18900,6300,12600,52500,21000,31500,88400,45800,42600,153000,48000,105000,18600,
89,2,504760,317160,134880,182280,99760,49880,49880,42000,16800,25200,84000,33600,50400,91400,34600,56800,169000,64000,105000,18600,
89,3,463255,291655,131245,160410,81055,43645,37410,35700,16800,18900,86100,42000,44100,88800,28800,60000,153000,48000,105000,18600,
89,4,409055,247255,113675,133580,81055,31175,49880,42000,14700,27300,50400,33600,16800,73800,34200,39600,137000,32000,105000,24800,
89,5,463085,290485,130045,160440,68585,43645,24940,35700,16800,18900,71400,21000,50400,114800,48600,66200,154000,64000,90000,18600,
89,6,366090,226290,106910,119380,87290,37410,49880,31500,14700,16800,48300,21000,27300,59200,33800,25400,115000,40000,75000,24800,
89,7,504140,286540,122410,164130,87290,37410,49880,33600,14700,18900,84450,29700,54750,81200,40600,40600,199000,64000,135000,18600,
89,8,499525,305725,135910,169815,93525,37410,56115,35700,16800,18900,90300,44100,46200,86200,37600,48600,169000,64000,105000,24800,
89,9,445225,265625,108080,157545,93525,49880,43645,18900,4200,14700,67200,25200,42000,86000,28800,57200,161000,56000,105000,18600,
89,10,515720,291920,146545,145375,74820,43645,31175,31500,16800,14700,75600,39900,35700,110000,46200,63800,199000,64000,135000,24800,
89,11,529405,282605,147210,135395,81055,37410,43645,31500,14700,16800,48450,31500,16950,121600,63600,58000,222000,72000,150000,24800,
89,12,553660,329860,144275,185585,99760,31175,68585,42000,18900,23100,77700,42000,35700,110400,52200,58200,199000,64000,135000,24800,
89,13,387525,253725,119975,133750,93525,31175,62350,25200,10500,14700,75600,35700,39900,59400,42600,16800,109000,64000,45000,24800,
89,14,479605,307005,121590,185415,81055,24940,56115,50400,18900,31500,86550,48750,37800,89000,29000,60000,154000,64000,90000,18600,
89,15,488300,310500,134980,175520,124700,49880,74820,42000,16800,25200,71400,31500,39900,72400,36800,35600,153000,48000,105000,24800,
89,16,443130,257330,96020,161310,49880,12470,37410,37800,12600,25200,88650,36150,52500,81000,34800,46200,161000,56000,105000,24800,
89,17,482155,294555,130075,164480,81055,31175,49880,31500,10500,21000,84000,42000,42000,98000,46400,51600,169000,64000,105000,18600,
89,18,560500,326900,144075,182825,62350,31175,31175,37800,10500,27300,99150,44400,54750,127600,58000,69600,215000,80000,135000,18600,
89,19,469555,296955,131540,165415,81055,24940,56115,39900,18900,21000,75600,35700,39900,100400,52000,48400,154000,64000,90000,18600,
89,20,529535,298735,111825,186910,68585,31175,37410,39900,18900,21000,82650,38550,44100,107600,23200,84400,206000,56000,150000,24800,
89,21,490765,274965,127180,147785,118465,49880,68585,23100,14700,8400,58800,25200,33600,74600,37400,37200,191000,56000,135000,24800,
89,22,442290,255490,110440,145050,87290,24940,62350,27300,14700,12600,63300,36000,27300,77600,34800,42800,162000,72000,90000,24800,
89,23,547995,308195,148780,159415,105995,49880,56115,23100,12600,10500,69300,31500,37800,109800,54800,55000,215000,80000,135000,24800,
89,24,456860,291260,125410,165850,99760,37410,62350,35700,14700,21000,75600,35700,39900,80200,37600,42600,147000,72000,75000,18600,
89,25,460760,275960,135945,140015,99760,43645,56115,27300,8400,18900,86100,52500,33600,62800,31400,31400,160000,40000,120000,24800,
89,26,497460,294860,143310,151550,99760,37410,62350,37800,18900,18900,56700,37800,18900,100600,49200,51400,184000,64000,120000,18600,
89,27,464125,291525,125145,166380,93525,43645,49880,37800,10500,27300,79800,33600,46200,80400,37400,43000,154000,64000,90000,18600,
89,28,439955,270355,93405,176950,111155,18705,92450,33600,12600,21000,50400,18900,31500,75200,43200,32000,151000,16000,135000,18600,
89,29,454325,292325,145680,146645,97825,54180,43645,31500,14700,16800,71400,42000,29400,91600,34800,56800,131000,56000,75000,31000,
89,30,484560,313760,123440,190320,99760,24940,74820,29400,8400,21000,88200,44100,44100,96400,46000,50400,146000,56000,90000,24800,
90,0,511890,324290,142675,181615,87290,31175,56115,39900,16800,23100,77700,48300,29400,119400,46400,73000,169000,64000,105000,18600,
90,1,463595,283995,127245,156750,105995,43645,62350,31500,16800,14700,77700,37800,39900,68800,29000,39800,161000,56000,105000,18600,
90,2,448690,270890,110140,160750,87290,24940,62350,33600,16800,16800,84000,33600,50400,66000,34800,31200,153000,48000,105000,24800,
90,3,469195,290595,134745,155850,105995,43645,62350,27300,16800,10500,77700,48300,29400,79600,26000,53600,160000,40000,120000,18600,
90,4,399385,268585,130275,138310,85785,48375,37410,37800,16800,21000,58800,31500,27300,86200,33600,52600,106000,16000,90000,24800,
90,5,434570,276970,116590,160380,74820,24940,49880,27300,10500,16800,82050,46350,35700,92800,34800,58000,139000,64000,75000,18600,
90,6,478890,316090,121745,194345,87290,43645,43645,44100,16800,27300,73500,27300,46200,111200,34000,77200,138000,48000,90000,24800,
90,7,436090,250290,114975,135315,87290,31175,56115,25200,12600,12600,54600,25200,29400,83200,46000,37200,161000,56000,105000,24800,
90,8,530620,268820,109955,158865,74820,18705,56115,42000,16800,25200,70800,45450,25350,81200,29000,52200,237000,72000,165000,24800,
90,9,451755,302355,113375,188980,81055,31175,49880,44100,14700,29400,71400,27300,44100,105800,40200,65600,137000,32000,105000,12400,
90,10,519640,324040,136160,187880,87290,37410,49880,35700,14700,21000,97050,55050,42000,104000,29000,75000,177000,72000,105000,18600,
90,11,480860,303060,137610,165450,99760,37410,62350,52500,16800,35700,84000,37800,46200,66800,45600,21200,153000,48000,105000,24800,
90,12,497460,287860,127910,159950,99760,37410,62350,31500,14700,16800,58800,29400,29400,97800,46400,51400,191000,56000,135000,18600,
90,13,494200,254400,136610,117790,62350,37410,24940,33600,14700,18900,59850,38100,21750,98600,46400,52200,215000,80000,135000,24800,
90,14,541460,294860,149480,145380,99760,49880,49880,27300,14700,12600,78000,35700,42300,89800,49200,40600,228000,48000,180000,18600,
90,15,481230,310430,121680,188750,112230,49880,62350,37800,14700,23100,67200,23100,44100,93200,34000,59200,146000,56000,90000,24800,
90,16,501860,321260,129110,192150,99760,37410,62350,37800,14700,23100,65100,33600,31500,118600,43400,75200,162000,72000,90000,18600,
90,17,435300,232500,118710,113790,62350,37410,24940,46200,21000,25200,60150,25500,34650,63800,34800,29000,178000,88000,90000,24800,
90,18,447955,276955,129910,147045,81055,37410,43645,37800,18900,18900,69300,33600,35700,88800,40000,48800,140000,80000,60000,31000,
90,19,388415,232615,121840,110775,56115,24940,31175,29400,10500,18900,60900,37800,23100,86200,48600,37600,131000,56000,75000,24800,
90,20,489235,272435,141475,130960,68585,31175,37410,44100,23100,21000,61350,29400,31950,98400,57800,40600,192000,72000,120000,24800,
90,21,500950,281350,132710,148640,62350,37410,24940,39900,21000,18900,57300,10500,46800,121800,63800,58000,201000,96000,105000,18600,
90,22,557515,330915,148495,182420,118465,43645,74820,42000,14700,27300,61050,37950,23100,109400,52200,57200,208000,88000,120000,18600,
90,23,420025,262425,136410,126015,93525,37410,56115,33600,16800,16800,60900,50400,10500,74400,31800,42600,139000,64000,75000,18600,
90,24,496060,315460,149845,165615,99760,43645,56115,42000,21000,21000,81900,33600,48300,91800,51600,40200,162000,72000,90000,18600,
90,25,529165,342365,122610,219755,118465,37410,81055,25200,10500,14700,77700,31500,46200,121000,43200,77800,162000,72000,90000,24800,
90,26,489770,287970,126745,161225,74820,43645,31175,39900,14700,25200,77850,25200,52650,95400,43200,52200,177000,72000,105000,24800,
90,27,441990,248190,119925,128265,87290,31175,56115,46200,18900,27300,91500,46650,44850,23200,23200,0,169000,64000,105000,24800,
90,28,538360,352560,141045,211515,99760,43645,56115,37800,14700,23100,88200,39900,48300,126800,42800,84000,161000,56000,105000,24800,
90,29,594255,323455,146695,176760,81055,43645,37410,37800,14700,23100,82800,36150,46650,121800,52200,69600,246000,96000,150000,24800,
90,30,498555,327955,98840,229115,81055,24940,56115,44100,12600,31500,78000,38100,39900,124800,23200,101600,152000,32000,120000,18600,
91,0,480970,279370,133260,146110,74820,37410,37410,23100,18900,4200,77850,42150,35700,103600,34800,68800,183000,48000,135000,18600,
91,1,461600,259800,122110,137690,62350,37410,24940,33600,14700,18900,56850,21000,35850,107000,49000,58000,177000,72000,105000,24800,
91,2,504760,317160,134880,182280,99760,49880,49880,42000,16800,25200,84000,33600,50400,91400,34600,56800,169000,64000,105000,18600,
91,3,463255,291655,131245,160410,81055,43645,37410,35700,16800,18900,86100,42000,44100,88800,28800,60000,153000,48000,105000,18600,
91,4,409055,247255,113675,133580,81055,31175,49880,42000,14700,27300,50400,33600,16800,73800,34200,39600,137000,32000,105000,24800,
91,5,463085,290485,130045,160440,68585,43645,24940,35700,16800,18900,71400,21000,50400,114800,48600,66200,154000,64000,90000,18600,
91,6,366090,226290,106910,119380,87290,37410,49880,31500,14700,16800,48300,21000,27300,59200,33800,25400,115000,40000,75000,24800,
91,7,504140,286540,122410,164130,87290,37410,49880,33600,14700,18900,84450,29700,54750,81200,40600,40600,199000,64000,135000,18600,
91,8,499525,305725,135910,169815,93525,37410,56115,35700,16800,18900,90300,44100,46200,86200,37600,48600,169000,64000,105000,24800,
91,9,445225,265625,108080,157545,93525,49880,43645,18900,4200,14700,67200,25200,42000,86000,28800,57200,161000,56000,105000,18600,
91,10,515720,291920,146545,145375,74820,43645,31175,31500,16800,14700,75600,39900,35700,110000,46200,63800,199000,64000,135000,24800,
91,11,529405,282605,147210,135395,81055,37410,43645,31500,14700,16800,48450,31500,16950,121600,63600,58000,222000,72000,150000,24800,
91,12,553660,329860,144275,185585,99760,31175,68585,42000,18900,23100,77700,42000,35700,110400,52200,58200,199000,64000,135000,24800,
91,13,387525,253725,119975,133750,93525,31175,62350,25200,10500,14700,75600,35700,39900,59400,42600,16800,109000,64000,45000,24800,
91,14,479605,307005,121590,185415,81055,24940,56115,50400,18900,31500,86550,48750,37800,89000,29000,60000,154000,64000,90000,18600,
91,15,475625,251825,118710,133115,93525,37410,56115,31500,16800,14700,48600,29700,18900,78200,34800,43400,199000,64000,135000,24800,
91,16,465460,317660,140245,177415,99760,43645,56115,29400,16800,12600,86100,42000,44100,102400,37800,64600,123000,48000,75000,24800,
91,17,484490,312890,121710,191180,87290,37410,49880,35700,10500,25200,77700,33600,44100,112200,40200,72000,153000,48000,105000,18600,
91,18,526660,333860,125210,208650,99760,37410,62350,48300,18900,29400,79800,31500,48300,106000,37400,68600,168000,48000,120000,24800,
91,19,523615,306815,123130,183685,118465,49880,68585,44100,18900,25200,69450,25350,44100,74800,29000,45800,192000,72000,120000,24800,
91,20,393315,275715,118970,156745,77615,12470,65145,44100,14700,29400,75600,54600,21000,78400,37200,41200,99000,24000,75000,18600,
91,21,454560,288960,122610,166350,99760,37410,62350,33600,14700,18900,63000,27300,35700,92600,43200,49400,147000,72000,75000,18600,
91,22,536270,282470,102490,179980,74820,24940,49880,39900,14700,25200,81150,45450,35700,86600,17400,69200,229000,64000,165000,24800,
91,23,544140,319540,144860,174680,87290,37410,49880,42000,18900,23100,86250,42150,44100,104000,46400,57600,206000,56000,150000,18600,
91,24,469900,236300,100110,136190,62350,37410,24940,33750,14850,18900,47400,13050,34350,92800,34800,58000,215000,80000,135000,18600,
91,25,500925,286125,132580,153545,93525,49880,43645,39900,14700,25200,69300,25200,44100,83400,42800,40600,190000,40000,150000,24800,
91,26,420385,255785,123810,131975,68585,37410,31175,25200,14700,10500,75600,39900,35700,86400,31800,54600,146000,56000,90000,18600,
91,27,531555,307755,147245,160510,81055,43645,37410,44100,14700,29400,84000,48300,35700,98600,40600,58000,199000,64000,135000,24800,
91,28,505370,288770,124790,163980,74820,24940,49880,33600,16800,16800,90750,42450,48300,89600,40600,49000,198000,48000,150000,18600,
91,29,469425,276625,130280,146345,93525,49880,43645,44100,18900,25200,58800,35700,23100,80200,25800,54400,168000,48000,120000,24800,
91,30,382260,233460,116675,116785,108760,31175,77585,35700,10500,25200,37800,37800,0,51200,37200,14000,124000,64000,60000,24800,
92,0,444320,259520,131140,128380,74820,24940,49880,33600,21000,12600,81900,42000,39900,69200,43200,26000,160000,40000,120000,24800,
92,1,434460,284660,120545,164115,99760,43645,56115,37800,16800,21000,73500,39900,33600,73600,20200,53400,125000,80000,45000,24800,
92,2,479925,285125,141710,143415,93525,37410,56115,39900,23100,16800,56700,37800,18900,95000,43400,51600,170000,80000,90000,24800,
92,3,520745,288145,115460,172685,105995,37410,68585,42000,18900,23100,67950,30150,37800,72200,29000,43200,214000,64000,150000,18600,
92,4,404190,279390,126910,152480,91590,41710,49880,37800,18900,18900,67200,31500,35700,82800,34800,48000,100000,40000,60000,24800,
92,5,516530,305930,129075,176855,112230,31175,81055,31500,10500,21000,58800,29400,29400,103400,58000,45400,192000,72000,120000,18600,
92,6,405480,249680,113175,136505,49880,31175,18705,35700,16800,18900,77700,33600,44100,86400,31600,54800,131000,56000,75000,24800,
92,7,517255,302255,132675,169580,81055,31175,49880,37800,12600,25200,79800,48300,31500,103600,40600,63000,184000,64000,120000,31000,
92,8,439025,290425,147915,142510,93525,56115,37410,42000,16800,25200,60900,29400,31500,94000,45600,48400,130000,40000,90000,18600,
92,9,466210,294610,97330,197280,99760,49880,49880,37800,12600,25200,69450,23250,46200,87600,11600,76000,153000,48000,105000,18600,
92,10,418795,217995,103055,114940,43645,18705,24940,27300,10500,16800,65850,27450,38400,81200,46400,34800,176000,56000,120000,24800,
92,11,377195,213395,97180,116215,105995,49880,56115,31500,18900,12600,35700,16800,18900,40200,11600,28600,139000,64000,75000,24800,
92,12,403055,261455,118340,143115,81055,24940,56115,33600,12600,21000,75600,37800,37800,71200,43000,28200,123000,48000,75000,18600,
92,13,509190,276590,115180,161410,87290,49880,37410,16800,6300,10500,56700,12600,44100,115800,46400,69400,214000,64000,150000,18600,
92,14,458740,257140,113925,143215,87290,31175,56115,35700,18900,16800,50550,23250,27300,83600,40600,43000,183000,48000,135000,18600,
92,15,509255,292455,102775,189680,81055,31175,49880,27300,10500,16800,69900,32100,37800,114200,29000,85200,192000,72000,120000,24800,
92,16,469425,261625,121910,139715,93525,37410,56115,44100,21000,23100,46200,23100,23100,77800,40400,37400,183000,48000,135000,24800,
92,17,452830,290030,132245,157785,112230,43645,68585,42000,18900,23100,63000,35700,27300,72800,34000,38800,138000,48000,90000,24800,
92,18,388585,265585,118940,146645,103385,46840,56545,25200,4200,21000,71400,31500,39900,65600,36400,29200,92000,32000,60000,31000,
92,19,506990,295390,136395,158995,87290,43645,43645,37800,14700,23100,71700,31650,40050,98600,46400,52200,193000,88000,105000,18600,
92,20,508890,280090,122610,157480,87290,37410,49880,35700,16800,18900,65100,33600,31500,92000,34800,57200,204000,24000,180000,24800,
92,21,542095,347495,179515,167980,105995,56115,49880,42000,27300,14700,90300,44100,46200,109200,52000,57200,176000,56000,120000,18600,
92,22,463260,298660,129845,168815,99760,43645,56115,37800,12600,25200,77700,42000,35700,83400,31600,51800,146000,56000,90000,18600,
92,23,529745,304945,138995,165950,105995,43645,62350,29400,14700,14700,88350,40050,48300,81200,40600,40600,200000,80000,120000,24800,
92,24,428435,250635,108910,141725,68585,37410,31175,31500,12600,18900,84150,27300,56850,66400,31600,34800,153000,48000,105000,24800,
92,25,522285,306485,137510,168975,68585,37410,31175,42000,14700,27300,77700,33600,44100,118200,51800,66400,191000,56000,135000,24800,
92,26,485775,283175,128125,155050,93525,31175,62350,46200,18900,27300,56850,31650,25200,86600,46400,40200,184000,64000,120000,18600,
92,27,478765,329165,149015,180150,118465,56115,62350,33600,16800,16800,56700,23100,33600,120400,53000,67400,131000,56000,75000,18600,
92,28,531935,292135,142690,149445,68585,24940,43645,29400,21000,8400,78150,44550,33600,116000,52200,63800,215000,80000,135000,24800,
92,29,464760,309160,124110,185050,121260,37410,83850,39900,16800,23100,71400,44100,27300,76600,25800,50800,137000,32000,105000,18600,
92,30,496165,311365,146445,164920,118465,43645,74820,39900,18900,21000,84000,44100,39900,69000,39800,29200,160000,40000,120000,24800,
93,0,427395,265595,118745,146850,105995,43645,62350,31500,18900,12600,65100,33600,31500,63000,22600,40400,137000,32000,105000,24800,
93,1,494400,285600,113920,171680,62350,12470,49880,46200,16800,29400,76050,38250,37800,101000,46400,54600,184000,64000,120000,24800,
93,2,502820,264020,119945,144075,74820,43645,31175,35700,14700,21000,72300,38400,33900,81200,23200,58000,214000,64000,150000,24800,
93,3,438860,277060,133010,144050,99760,37410,62350,37800,16800,21000,65100,42000,23100,74400,36800,37600,137000,32000,105000,24800,
93,4,482925,281325,114575,166750,93525,31175,62350,27300,10500,16800,80100,38100,42000,80400,34800,45600,183000,48000,135000,18600,
93,5,520355,326555,129705,196850,81055,18705,62350,42000,16800,25200,77700,42000,35700,125800,52200,73600,169000,64000,105000,24800,
93,6,514270,273670,129810,143860,74820,37410,37410,39900,16800,23100,66150,23400,42750,92800,52200,40600,222000,72000,150000,18600,
93,7,493225,299425,132845,166580,93525,43645,49880,33600,14700,18900,77700,39900,37800,94600,34600,60000,169000,64000,105000,24800,
93,8,473535,263935,127690,136245,68585,24940,43645,42000,18900,23100,54750,31650,23100,98600,52200,46400,191000,56000,135000,18600,
93,9,470605,261805,135845,125960,81055,43645,37410,29400,14700,14700,58950,31500,27450,92400,46000,46400,184000,64000,120000,24800,
93,10,448690,263890,107510,156380,87290,37410,49880,31500,14700,16800,65100,29400,35700,80000,26000,54000,160000,40000,120000,24800,
93,11,541830,317030,109010,208020,112230,37410,74820,37800,16800,21000,76200,25800,50400,90800,29000,61800,200000,80000,120000,24800,
93,12,425720,254120,129675,124445,74820,31175,43645,35700,14700,21000,46200,29400,16800,97400,54400,43000,153000,48000,105000,18600,
93,13,471895,295095,126115,168980,105995,56115,49880,39900,10500,29400,63000,39900,23100,86200,19600,66600,152000,32000,120000,24800,
93,14,508640,277840,140575,137265,87290,31175,56115,25200,14700,10500,101550,65700,35850,63800,29000,34800,206000,56000,150000,24800,
93,15,441300,263500,110790,152710,62350,24940,37410,35700,16800,18900,82050,40050,42000,83400,29000,54400,153000,48000,105000,24800,
93,16,547595,322995,136245,186750,105995,43645,62350,37800,18900,18900,75600,27300,48300,103600,46400,57200,206000,56000,150000,18600,
93,17,466180,248580,108205,140375,49880,18705,31175,39900,16800,23100,83400,49500,33900,75400,23200,52200,199000,64000,135000,18600,
93,18,501725,314125,134710,179415,93525,37410,56115,35700,16800,18900,86100,31500,54600,98800,49000,49800,169000,64000,105000,18600,
93,19,407455,275655,108110,167545,81055,37410,43645,50400,16800,33600,67200,23100,44100,77000,30800,46200,107000,32000,75000,24800,
93,20,424020,254220,101275,152945,74820,31175,43645,35700,14700,21000,69300,21000,48300,74400,34400,40000,145000,40000,105000,24800,
93,21,540825,317025,142780,174245,93525,49880,43645,37800,18900,18900,81900,33600,48300,103800,40400,63400,199000,64000,135000,24800,
93,22,506525,304725,130510,174215,93525,37410,56115,42000,18900,23100,79800,33600,46200,89400,40600,48800,177000,72000,105000,24800,
93,23,505690,297090,131210,165880,87290,37410,49880,37800,10500,27300,79800,39900,39900,92200,43400,48800,190000,40000,150000,18600,
93,24,531160,344360,153675,190685,99760,31175,68585,33600,16800,16800,88200,48300,39900,122800,57400,65400,162000,72000,90000,24800,
93,25,500245,306445,104355,202090,105995,18705,87290,37800,21000,16800,71850,29850,42000,90800,34800,56000,169000,64000,105000,24800,
93,26,413955,250155,115475,134680,81055,31175,49880,29400,8400,21000,65100,35700,29400,74600,40200,34400,139000,64000,75000,24800,
93,27,565115,318315,120460,197855,118465,37410,81055,29400,6300,23100,59250,36150,23100,111200,40600,70600,222000,72000,150000,24800,
93,28,463825,286025,127545,158480,93525,43645,49880,14700,6300,8400,84000,37800,46200,93800,39800,54000,153000,48000,105000,24800,
93,29,465055,272255,116545,155710,81055,43645,37410,44100,16800,27300,60900,18900,42000,86200,37200,49000,168000,48000,120000,24800,
93,30,501190,285390,143110,142280,87290,37410,49880,31500,16800,14700,63000,48300,14700,103600,40600,63000,191000,56000,135000,24800,
94,0,249545,145145,67105,78040,43645,18705,24940,18900,8400,10500,33600,16800,16800,49000,23200,25800,92000,32000,60000,12400,
94,1,523325,314525,138210,176315,93525,37410,56115,39900,16800,23100,77700,37800,39900,103400,46200,57200,184000,64000,120000,24800,
94,2,523325,314525,138210,176315,93525,37410,56115,39900,16800,23100,77700,37800,39900,103400,46200,57200,184000,64000,120000,24800,
94,3,523325,314525,138210,176315,93525,37410,56115,39900,16800,23100,77700,37800,39900,103400,46200,57200,184000,64000,120000,24800,
94,4,523325,314525,138210,176315,93525,37410,56115,39900,16800,23100,77700,37800,39900,103400,46200,57200,184000,64000,120000,24800,
94,5,523325,314525,138210,176315,93525,37410,56115,39900,16800,23100,77700,37800,39900,103400,46200,57200,184000,64000,120000,24800,
94,6,332450,198850,87340,111510,62350,24940,37410,25200,10500,14700,48300,23100,25200,63000,28800,34200,115000,40000,75000,18600,
94,7,249545,145145,67105,78040,43645,18705,24940,18900,8400,10500,33600,16800,16800,49000,23200,25800,92000,32000,60000,12400,
94,8,523325,314525,138210,176315,93525,37410,56115,39900,16800,23100,77700,37800,39900,103400,46200,57200,184000,64000,120000,24800,
94,9,523325,314525,138210,176315,93525,37410,56115,39900,16800,23100,77700,37800,39900,103400,46200,57200,184000,64000,120000,24800,
94,10,523325,314525,138210,176315,93525,37410,56115,39900,16800,23100,77700,37800,39900,103400,46200,57200,184000,64000,120000,24800,
94,11,523325,314525,138210,176315,93525,37410,56115,39900,16800,23100,77700,37800,39900,103400,46200,57200,184000,64000,120000,24800,
94,12,523325,314525,138210,176315,93525,37410,56115,39900,16800,23100,77700,37800,39900,103400,46200,57200,184000,64000,120000,24800,
94,13,332450,198850,87340,111510,62350,24940,37410,25200,10500,14700,48300,23100,25200,63000,28800,34200,115000,40000,75000,18600,
94,14,249545,145145,67105,78040,43645,18705,24940,18900,8400,10500,33600,16800,16800,49000,23200,25800,92000,32000,60000,12400,
94,15,523325,314525,138210,176315,93525,37410,56115,39900,16800,23100,77700,37800,39900,103400,46200,57200,184000,64000,120000,24800,
94,16,523325,314525,138210,176315,93525,37410,56115,39900,16800,23100,77700,37800,39900,103400,46200,57200,184000,64000,120000,24800,
94,17,523325,314525,138210,176315,93525,37410,56115,39900,16800,23100,77700,37800,39900,103400,46200,57200,184000,64000,120000,24800,
94,18,523325,314525,138210,176315,93525,37410,56115,39900,16800,23100,77700,37800,39900,103400,46200,57200,184000,64000,120000,24800,
94,19,523325,314525,138210,176315,93525,37410,56115,39900,16800,23100,77700,37800,39900,103400,46200,57200,184000,64000,120000,24800,
94,20,332450,198850,87340,111510,62350,24940,37410,25200,10500,14700,48300,23100,25200,63000,28800,34200,115000,40000,75000,18600,
94,21,249545,145145,67105,78040,43645,18705,24940,18900,8400,10500,33600,16800,16800,49000,23200,25800,92000,32000,60000,12400,
94,22,523325,314525,138210,176315,93525,37410,56115,39900,16800,23100,77700,37800,39900,103400,46200,57200,184000,64000,120000,24800,
94,23,523325,314525,138210,176315,93525,37410,56115,39900,16800,23100,77700,37800,39900,103400,46200,57200,184000,64000,120000,24800,
94,24,523325,314525,138210,176315,93525,37410,56115,39900,16800,23100,77700,37800,39900,103400,46200,57200,184000,64000,120000,24800,
94,25,523325,314525,138210,176315,93525,37410,56115,39900,16800,23100,77700,37800,39900,103400,46200,57200,184000,64000,120000,24800,
94,26,523325,314525,138210,176315,93525,37410,56115,39900,16800,23100,77700,37800,39900,103400,46200,57200,184000,64000,120000,24800,
94,27,332450,198850,87340,111510,62350,24940,37410,25200,10500,14700,48300,23100,25200,63000,28800,34200,115000,40000,75000,18600,
94,28,249545,145145,67105,78040,43645,18705,24940,18900,8400,10500,33600,16800,16800,49000,23200,25800,92000,32000,60000,12400,
94,29,523325,314525,138210,176315,93525,37410,56115,39900,16800,23100,77700,37800,39900,103400,46200,57200,184000,64000,120000,24800,
94,30,523325,314525,138210,176315,93525,37410,56115,39900,16800,23100,77700,37800,39900,103400,46200,57200,184000,64000,120000,24800,
95,0,249545,145145,67105,78040,43645,18705,24940,18900,8400,10500,33600,16800,16800,49000,23200,25800,92000,32000,60000,12400,
95,1,523325,314525,138210,176315,93525,37410,56115,39900,16800,23100,77700,37800,39900,103400,46200,57200,184000,64000,120000,24800,
95,2,523325,314525,138210,176315,93525,37410,56115,39900,16800,23100,77700,37800,39900,103400,46200,57200,184000,64000,120000,24800,
95,3,523325,314525,138210,176315,93525,37410,56115,39900,16800,23100,77700,37800,39900,103400,46200,57200,184000,64000,120000,24800,
95,4,523325,314525,138210,176315,93525,37410,56115,39900,16800,23100,77700,37800,39900,103400,46200,57200,184000,64000,120000,24800,
95,5,523325,314525,138210,176315,93525,37410,56115,39900,16800,23100,77700,37800,39900,103400,46200,57200,184000,64000,120000,24800,
95,6,332450,198850,87340,111510,62350,24940,37410,25200,10500,14700,48300,23100,25200,63000,28800,34200,115000,40000,75000,18600,
95,7,249545,145145,67105,78040,43645,18705,24940,18900,8400,10500,33600,16800,16800,49000,23200,25800,92000,32000,60000,12400,
95,8,523325,314525,138210,176315,93525,37410,56115,39900,16800,23100,77700,37800,39900,103400,46200,57200,184000,64000,120000,24800,
95,9,523325,314525,138210,176315,93525,37410,56115,39900,16800,23100,77700,37800,39900,103400,46200,57200,184000,64000,120000,24800,
95,10,523325,314525,138210,176315,93525,37410,56115,39900,16800,23100,77700,37800,39900,103400,46200,57200,184000,64000,120000,24800,
95,11,523325,314525,138210,176315,93525,37410,56115,39900,16800,23100,77700,37800,39900,103400,46200,57200,184000,64000,120000,24800,
95,12,523325,314525,138210,176315,93525,37410,56115,39900,16800,23100,77700,37800,39900,103400,46200,57200,184000,64000,120000,24800,
95,13,332450,198850,87340,111510,62350,24940,37410,25200,10500,14700,48300,23100,25200,63000,28800,34200,115000,40000,75000,18600,
95,14,249545,145145,67105,78040,43645,18705,24940,18900,8400,10500,33600,16800,16800,49000,23200,25800,92000,32000,60000,12400,
95,15,523325,314525,138210,176315,93525,37410,56115,39900,16800,23100,77700,37800,39900,103400,46200,57200,184000,64000,120000,24800,
95,16,523325,314525,138210,176315,93525,37410,56115,39900,16800,23100,77700,37800,39900,103400,46200,57200,184000,64000,120000,24800,
95,17,523325,314525,138210,176315,93525,37410,56115,39900,16800,23100,77700,37800,39900,103400,46200,57200,184000,64000,120000,24800,
95,18,523325,314525,138210,176315,93525,37410,56115,39900,16800,23100,77700,37800,39900,103400,46200,57200,184000,64000,120000,24800,
95,19,523325,314525,138210,176315,93525,37410,56115,39900,16800,23100,77700,37800,39900,103400,46200,57200,184000,64000,120000,24800,
95,20,332450,198850,87340,111510,62350,24940,37410,25200,10500,14700,48300,23100,25200,63000,28800,34200,115000,40000,75000,18600,
95,21,249545,145145,67105,78040,43645,18705,24940,18900,8400,10500,33600,16800,16800,49000,23200,25800,92000,32000,60000,12400,
95,22,523325,314525,138210,176315,93525,37410,56115,39900,16800,23100,77700,37800,39900,103400,46200,57200,184000,64000,120000,24800,
95,23,523325,314525,138210,176315,93525,37410,56115,39900,16800,23100,77700,37800,39900,103400,46200,57200,184000,64000,120000,24800,
95,24,523325,314525,138210,176315,93525,37410,56115,39900,16800,23100,77700,37800,39900,103400,46200,57200,184000,64000,120000,24800,
95,25,523325,314525,138210,176315,93525,37410,56115,39900,16800,23100,77700,37800,39900,103400,46200,57200,184000,64000,120000,24800,
95,26,523325,314525,138210,176315,93525,37410,56115,39900,16800,23100,77700,37800,39900,103400,46200,57200,184000,64000,120000,24800,
95,27,332450,198850,87340,111510,62350,24940,37410,25200,10500,14700,48300,23100,25200,63000,28800,34200,115000,40000,75000,18600,
95,28,249545,145145,67105,78040,43645,18705,24940,18900,8400,10500,33600,16800,16800,49000,23200,25800,92000,32000,60000,12400,
95,29,523325,314525,138210,176315,93525,37410,56115,39900,16800,23100,77700,37800,39900,103400,46200,57200,184000,64000,120000,24800,
95,30,523325,314525,138210,176315,93525,37410,56115,39900,16800,23100,77700,37800,39900,103400,46200,57200,184000,64000,120000,24800,
96,0,454285,253485,114640,138845,68585,24940,43645,35700,14700,21000,65400,40200,25200,83800,34800,49000,176000,56000,120000,24800,
96,1,509075,277275,124945,152330,93525,43645,49880,44100,18900,25200,70050,27600,42450,69600,34800,34800,207000,72000,135000,24800,
96,2,502280,291680,125740,165940,49880,24940,24940,29400,14700,14700,73800,33900,39900,138600,52200,86400,192000,72000,120000,18600,
96,3,437125,295525,141345,154180,93525,43645,49880,29400,12600,16800,88200,48300,39900,84400,36800,47600,123000,48000,75000,18600,
96,4,448860,270060,133610,136450,99760,37410,62350,37800,16800,21000,52500,33600,18900,80000,45800,34200,154000,64000,90000,24800,
96,5,471320,265320,114510,150810,74820,37410,37410,35700,16800,18900,63000,23100,39900,91800,37200,54600,175000,40000,135000,31000,
96,6,435295,264495,125710,138785,105995,37410,68585,37800,14700,23100,69300,33600,35700,51400,40000,11400,146000,56000,90000,24800,
96,7,448255,289855,120775,169080,81055,31175,49880,35700,14700,21000,69300,31500,37800,103800,43400,60400,146000,56000,90000,12400,
96,8,412085,263485,104340,159145,68585,24940,43645,35700,14700,21000,75600,35700,39900,83600,29000,54600,130000,40000,90000,18600,
96,9,474805,282005,127960,154045,81055,37410,43645,33600,18900,14700,92550,48450,44100,74800,23200,51600,168000,48000,120000,24800,
96,10,419405,278405,104620,173785,81055,12470,68585,37800,27300,10500,67350,35850,31500,92200,29000,63200,110000,80000,30000,31000,
96,11,476640,296040,104655,191385,87290,18705,68585,35700,14700,21000,61050,19050,42000,112000,52200,59800,162000,72000,90000,18600,
96,12,486420,239620,115025,124595,74820,31175,43645,31500,10500,21000,75300,38550,36750,58000,34800,23200,222000,72000,150000,24800,
96,13,454240,246440,121210,125230,87290,37410,49880,37800,14700,23100,46350,23100,23250,75000,46000,29000,183000,48000,135000,24800,
96,14,474835,287235,123190,164045,68585,24940,43645,25200,10500,14700,101250,52950,48300,92200,34800,57400,169000,64000,105000,18600,
96,15,445230,309830,128850,180980,112230,62350,49880,27300,6300,21000,73500,29400,44100,96800,30800,66000,123000,48000,75000,12400,
96,16,482440,279840,129425,150415,87290,31175,56115,46200,18900,27300,73950,44550,29400,72400,34800,37600,184000,64000,120000,18600,
96,17,401825,296225,122245,173980,93525,43645,49880,35700,12600,23100,79800,29400,50400,87200,36600,50600,87000,72000,15000,18600,
96,18,455230,277430,112410,165020,116530,37410,79120,31500,16800,14700,63000,29400,33600,66400,28800,37600,153000,48000,105000,24800,
96,19,522865,282265,95040,187225,118465,24940,93525,27750,19350,8400,53250,21750,31500,82800,29000,53800,222000,72000,150000,18600,
96,20,438705,243105,107125,135980,81055,31175,49880,46200,23100,23100,23250,6450,16800,92600,46400,46200,177000,72000,105000,18600,
96,21,372820,256020,99775,156245,83420,31175,52245,25200,8400,16800,71400,37800,33600,76000,22400,53600,92000,32000,60000,24800,
96,22,377950,250350,114310,136040,62350,37410,24940,39900,14700,25200,73500,33600,39900,74600,28600,46000,109000,64000,45000,18600,
96,23,502530,325730,140645,185085,116530,43645,72885,37800,23100,14700,88200,39900,48300,83200,34000,49200,152000,32000,120000,24800,
96,24,485960,322160,134545,187615,99760,43645,56115,29400,14700,14700,71400,33600,37800,121600,42600,79000,139000,64000,75000,24800,
96,25,457680,256880,118840,138040,49880,24940,24940,42000,12600,29400,95400,46500,48900,69600,34800,34800,176000,56000,120000,24800,
96,26,518000,323400,136110,187290,124700,37410,87290,35700,18900,16800,67200,33600,33600,95800,46200,49600,176000,56000,120000,18600,
96,27,413690,272890,123910,148980,87290,37410,49880,48300,18900,29400,77700,33600,44100,59600,34000,25600,116000,56000,60000,24800,
96,28,408955,269155,117240,151915,81055,24940,56115,35700,18900,16800,63000,33600,29400,89400,39800,49600,115000,40000,75000,24800,
96,29,397790,278190,123475,154715,87290,31175,56115,25200,12600,12600,81900,48300,33600,83800,31400,52400,101000,56000,45000,18600,
96,30,507670,277670,120660,157010,74820,37410,37410,33600,14700,18900,73650,33750,39900,95600,34800,60800,199000,64000,135000,31000,
97,0,454285,253485,114640,138845,68585,24940,43645,35700,14700,21000,65400,40200,25200,83800,34800,49000,176000,56000,120000,24800,
97,1,509075,277275,124945,152330,93525,43645,49880,44100,18900,25200,70050,27600,42450,69600,34800,34800,207000,72000,135000,24800,
97,2,502280,291680,125740,165940,49880,24940,24940,29400,14700,14700,73800,33900,39900,138600,52200,86400,192000,72000,120000,18600,
97,3,437125,295525,141345,154180,93525,43645,49880,29400,12600,16800,88200,48300,39900,84400,36800,47600,123000,48000,75000,18600,
97,4,448860,270060,133610,136450,99760,37410,62350,37800,16800,21000,52500,33600,18900,80000,45800,34200,154000,64000,90000,24800,
97,5,471320,265320,114510,150810,74820,37410,37410,35700,16800,18900,63000,23100,39900,91800,37200,54600,175000,40000,135000,31000,
97,6,435295,264495,125710,138785,105995,37410,68585,37800,14700,23100,69300,33600,35700,51400,40000,11400,146000,56000,90000,24800,
97,7,448255,289855,120775,169080,81055,31175,49880,35700,14700,21000,69300,31500,37800,103800,43400,60400,146000,56000,90000,12400,
97,8,412085,263485,104340,159145,68585,24940,43645,35700,14700,21000,75600,35700,39900,83600,29000,54600,130000,40000,90000,18600,
97,9,474805,282005,127960,154045,81055,37410,43645,33600,18900,14700,92550,48450,44100,74800,23200,51600,168000,48000,120000,24800,
97,10,419405,278405,104620,173785,81055,12470,68585,37800,27300,10500,67350,35850,31500,92200,29000,63200,110000,80000,30000,31000,
97,11,476640,296040,104655,191385,87290,18705,68585,35700,14700,21000,61050,19050,42000,112000,52200,59800,162000,72000,90000,18600,
97,12,486420,239620,115025,124595,74820,31175,43645,31500,10500,21000,75300,38550,36750,58000,34800,23200,222000,72000,150000,24800,
97,13,454240,246440,121210,125230,87290,37410,49880,37800,14700,23100,46350,23100,23250,75000,46000,29000,183000,48000,135000,24800,
97,14,474835,287235,123190,164045,68585,24940,43645,25200,10500,14700,101250,52950,48300,92200,34800,57400,169000,64000,105000,18600,
97,15,445230,309830,128850,180980,112230,62350,49880,27300,6300,21000,73500,29400,44100,96800,30800,66000,123000,48000,75000,12400,
97,16,482440,279840,129425,150415,87290,31175,56115,46200,18900,27300,73950,44550,29400,72400,34800,37600,184000,64000,120000,18600,
97,17,401825,296225,122245,173980,93525,43645,49880,35700,12600,23100,79800,29400,50400,87200,36600,50600,87000,72000,15000,18600,
97,18,455230,277430,112410,165020,116530,37410,79120,31500,16800,14700,63000,29400,33600,66400,28800,37600,153000,48000,105000,24800,
97,19,522865,282265,95040,187225,118465,24940,93525,27750,19350,8400,53250,21750,31500,82800,29000,53800,222000,72000,150000,18600,
97,20,438705,243105,107125,135980,81055,31175,49880,46200,23100,23100,23250,6450,16800,92600,46400,46200,177000,72000,105000,18600,
97,21,372820,256020,99775,156245,83420,31175,52245,25200,8400,16800,71400,37800,33600,76000,22400,53600,92000,32000,60000,24800,
97,22,377950,250350,114310,136040,62350,37410,24940,39900,14700,25200,73500,33600,39900,74600,28600,46000,109000,64000,45000,18600,
97,23,502530,325730,140645,185085,116530,43645,72885,37800,23100,14700,88200,39900,48300,83200,34000,49200,152000,32000,120000,24800,
97,24,485960,322160,134545,187615,99760,43645,56115,29400,14700,14700,71400,33600,37800,121600,42600,79000,139000,64000,75000,24800,
97,25,457680,256880,118840,138040,49880,24940,24940,42000,12600,29400,95400,46500,48900,69600,34800,34800,176000,56000,120000,24800,
97,26,518000,323400,136110,187290,124700,37410,87290,35700,18900,16800,67200,33600,33600,95800,46200,49600,176000,56000,120000,18600,
97,27,413690,272890,123910,148980,87290,37410,49880,48300,18900,29400,77700,33600,44100,59600,34000,25600,116000,56000,60000,24800,
97,28,408955,269155,117240,151915,81055,24940,56115,35700,18900,16800,63000,33600,29400,89400,39800,49600,115000,40000,75000,24800,
97,29,397790,278190,123475,154715,87290,31175,56115,25200,12600,12600,81900,48300,33600,83800,31400,52400,101000,56000,45000,18600,
97,30,507670,277670,120660,157010,74820,37410,37410,33600,14700,18900,73650,33750,39900,95600,34800,60800,199000,64000,135000,31000,
98,0,471525,286725,142510,144215,93525,37410,56115,27300,10500,16800,86100,46200,39900,79800,48400,31400,160000,40000,120000,24800,
98,1,445815,253015,107105,145910,56115,18705,37410,29400,14700,14700,60900,27300,33600,106600,46400,60200,168000,48000,120000,24800,
98,2,567840,342240,112555,229685,87290,18705,68585,46200,14700,31500,106350,55950,50400,102400,23200,79200,207000,72000,135000,18600,
98,3,392590,272190,130845,141345,87290,43645,43645,29400,14700,14700,73500,35700,37800,82000,36800,45200,108000,48000,60000,12400,
98,4,528660,327860,132240,195620,99760,24940,74820,48300,21000,27300,71400,39900,31500,108400,46400,62000,176000,56000,120000,24800,
98,5,440770,246970,122610,124360,74820,37410,37410,31500,12600,18900,56850,29400,27450,83800,43200,40600,169000,64000,105000,24800,
98,6,434085,278285,122805,155480,68585,18705,49880,29400,16800,12600,94500,44100,50400,85800,43200,42600,131000,56000,75000,24800,
98,7,471995,285395,120510,164885,105995,37410,68585,35700,16800,18900,77700,31500,46200,66000,34800,31200,168000,48000,120000,18600,
98,8,487400,270600,111830,158770,62350,49880,12470,33600,14700,18900,67650,29850,37800,107000,17400,89600,192000,72000,120000,24800,
98,9,442655,270855,141575,129280,81055,31175,49880,27300,12600,14700,73500,46200,27300,89000,51600,37400,147000,72000,75000,24800,
98,10,435390,265590,128310,137280,87290,37410,49880,31500,16800,14700,58800,31500,27300,88000,42600,45400,145000,40000,105000,24800,
98,11,456390,278590,135075,143515,87290,31175,56115,37800,14700,23100,81900,46200,35700,71600,43000,28600,153000,48000,105000,24800,
98,12,437090,272490,130810,141680,87290,37410,49880,25200,10500,14700,71400,39900,31500,88600,43000,45600,146000,56000,90000,18600,
98,13,490370,258570,109590,148980,74820,24940,49880,37800,12600,25200,36150,25650,10500,109800,46400,63400,207000,72000,135000,24800,
98,14,568630,351830,146280,205550,112230,49880,62350,42000,14700,27300,100800,44100,56700,96800,37600,59200,192000,72000,120000,24800,
98,15,488960,324360,165180,159180,99760,49880,49880,44100,21000,23100,73500,35700,37800,107000,58600,48400,146000,56000,90000,18600,
98,16,495590,271790,131845,139945,87290,43645,43645,33600,12600,21000,44100,29400,14700,106800,46200,60600,199000,64000,135000,24800,
98,17,374490,233690,90310,143380,87290,37410,49880,23100,10500,12600,69300,25200,44100,54000,17200,36800,116000,56000,60000,24800,
98,18,432195,284395,129245,155150,110295,43645,66650,35700,12600,23100,63000,33600,29400,75400,39400,36000,123000,48000,75000,24800,
98,19,467860,304060,132010,172050,99760,37410,62350,29400,16800,12600,86100,46200,39900,88800,31600,57200,139000,64000,75000,24800,
98,20,406125,273525,126245,147280,106425,43645,62780,25200,8400,16800,73500,46200,27300,68400,28000,40400,114000,24000,90000,18600,
98,21,400425,264825,135245,129580,93525,43645,49880,37800,21000,16800,65100,42000,23100,68400,28600,39800,117000,72000,45000,18600,
98,22,447755,275155,123910,151245,81055,37410,43645,37800,14700,23100,84300,48600,35700,72000,23200,48800,154000,64000,90000,18600,
98,23,374185,231585,96575,135010,68585,31175,37410,23100,12600,10500,48300,12600,35700,91600,40200,51400,124000,64000,60000,18600,
98,24,440465,246865,113990,132875,56115,24940,31175,35700,16800,18900,56850,31650,25200,98200,40600,57600,175000,40000,135000,18600,
98,25,475260,296460,127140,169320,99760,24940,74820,44100,16800,27300,71400,33600,37800,81200,51800,29400,154000,64000,90000,24800,
98,26,497755,318955,125740,193215,81055,24940,56115,50400,21000,29400,69300,33600,35700,118200,46200,72000,154000,64000,90000,24800,
98,27,461560,305960,107310,198650,104060,37410,66650,35700,12600,23100,67200,31500,35700,99000,25800,73200,137000,32000,105000,18600,
98,28,518960,310360,138210,172150,99760,37410,62350,44100,16800,27300,73500,37800,35700,93000,46200,46800,190000,40000,150000,18600,
98,29,519125,302325,141645,160680,93525,43645,49880,46200,18900,27300,67200,35700,31500,95400,43400,52000,192000,72000,120000,24800,
98,30,514795,292795,130045,162750,105995,43645,62350,33600,16800,16800,75600,37800,37800,77600,31800,45800,191000,56000,135000,31000,
99,0,471525,286725,142510,144215,93525,37410,56115,27300,10500,16800,86100,46200,39900,79800,48400,31400,160000,40000,120000,24800,
99,1,445815,253015,107105,145910,56115,18705,37410,29400,14700,14700,60900,27300,33600,106600,46400,60200,168000,48000,120000,24800,
99,2,567840,342240,112555,229685,87290,18705,68585,46200,14700,31500,106350,55950,50400,102400,23200,79200,207000,72000,135000,18600,
99,3,392590,272190,130845,141345,87290,43645,43645,29400,14700,14700,73500,35700,37800,82000,36800,45200,108000,48000,60000,12400,
99,4,528660,327860,132240,195620,99760,24940,74820,48300,21000,27300,71400,39900,31500,108400,46400,62000,176000,56000,120000,24800,
99,5,440770,246970,122610,124360,74820,37410,37410,31500,12600,18900,56850,29400,27450,83800,43200,40600,169000,64000,105000,24800,
99,6,434085,278285,122805,155480,68585,18705,49880,29400,16800,12600,94500,44100,50400,85800,43200,42600,131000,56000,75000,24800,
99,7,471995,285395,120510,164885,105995,37410,68585,35700,16800,18900,77700,31500,46200,66000,34800,31200,168000,48000,120000,18600,
99,8,487400,270600,111830,158770,62350,49880,12470,33600,14700,18900,67650,29850,37800,107000,17400,89600,192000,72000,120000,24800,
99,9,442655,270855,141575,129280,81055,31175,49880,27300,12600,14700,73500,46200,27300,89000,51600,37400,147000,72000,75000,24800,
99,10,435390,265590,128310,137280,87290,37410,49880,31500,16800,14700,58800,31500,27300,88000,42600,45400,145000,40000,105000,24800,
99,11,456390,278590,135075,143515,87290,31175,56115,37800,14700,23100,81900,46200,35700,71600,43000,28600,153000,48000,105000,24800,
99,12,437090,272490,130810,141680,87290,37410,49880,25200,10500,14700,71400,39900,31500,88600,43000,45600,146000,56000,90000,18600,
99,13,490370,258570,109590,148980,74820,24940,49880,37800,12600,25200,36150,25650,10500,109800,46400,63400,207000,72000,135000,24800,
99,14,568630,351830,146280,205550,112230,49880,62350,42000,14700,27300,100800,44100,56700,96800,37600,59200,192000,72000,120000,24800,
99,15,488960,324360,165180,159180,99760,49880,49880,44100,21000,23100,73500,35700,37800,107000,58600,48400,146000,56000,90000,18600,
99,16,495590,271790,131845,139945,87290,43645,43645,33600,12600,21000,44100,29400,14700,106800,46200,60600,199000,64000,135000,24800,
99,17,374490,233690,90310,143380,87290,37410,49880,23100,10500,12600,69300,25200,44100,54000,17200,36800,116000,56000,60000,24800,
99,18,432195,284395,129245,155150,110295,43645,66650,35700,12600,23100,63000,33600,29400,75400,39400,36000,123000,48000,75000,24800,
99,19,467860,304060,132010,172050,99760,37410,62350,29400,16800,12600,86100,46200,39900,88800,31600,57200,139000,64000,75000,24800,
99,20,406125,273525,126245,147280,106425,43645,62780,25200,8400,16800,73500,46200,27300,68400,28000,40400,114000,24000,90000,18600,
99,21,400425,264825,135245,129580,93525,43645,49880,37800,21000,16800,65100,42000,23100,68400,28600,39800,117000,72000,45000,18600,
99,22,447755,275155,123910,151245,81055,37410,43645,37800,14700,23100,84300,48600,35700,72000,23200,48800,154000,64000,90000,18600,
99,23,374185,231585,96575,135010,68585,31175,37410,23100,12600,10500,48300,12600,35700,91600,40200,51400,124000,64000,60000,18600,
99,24,440465,246865,113990,132875,56115,24940,31175,35700,16800,18900,56850,31650,25200,98200,40600,57600,175000,40000,135000,18600,
99,25,475260,296460,127140,169320,99760,24940,74820,44100,16800,27300,71400,33600,37800,81200,51800,29400,154000,64000,90000,24800,
99,26,497755,318955,125740,193215,81055,24940,56115,50400,21000,29400,69300,33600,35700,118200,46200,72000,154000,64000,90000,24800,
99,27,461560,305960,107310,198650,104060,37410,66650,35700,12600,23100,67200,31500,35700,99000,25800,73200,137000,32000,105000,18600,
99,28,518960,310360,138210,172150,99760,37410,62350,44100,16800,27300,73500,37800,35700,93000,46200,46800,190000,40000,150000,18600,
99,29,519125,302325,141645,160680,93525,43645,49880,46200,18900,27300,67200,35700,31500,95400,43400,52000,192000,72000,120000,24800,
99,30,514795,292795,130045,162750,105995,43645,62350,33600,16800,16800,75600,37800,37800,77600,31800,45800,191000,56000,135000,31000,
