Population,Day,objective,district task cost,district task cost collecting,district task cost sending,district 1 cost,d1 cost collecting,d1 cost sending,district 2 cost,d2 cost collecting,d2 cost sending,district 3 cost,d3 cost collecting,d3 cost sending,district 4 cost,d4 cost collecting,d4 cost sending,transfer taks cost,transshipment center 1 cost,transshipment center 2 cost,major customer task cost,
0,0,542045,339445,147460,191985,105995,37410,68585,35700,16800,18900,96750,52650,44100,101000,40600,60400,184000,64000,120000,18600,
0,1,421685,250085,108600,141485,66235,27000,39235,25800,8550,17250,76050,30450,45600,82000,42600,39400,153000,48000,105000,18600,
0,2,499200,311600,127350,184250,70300,33000,37300,59400,23850,35550,95700,45300,50400,86200,25200,61000,169000,64000,105000,18600,
0,3,453000,281400,122650,158750,55300,30000,25300,49800,23850,25950,95700,49200,46500,80600,19600,61000,153000,48000,105000,18600,
0,4,400650,238850,109750,129100,58300,21000,37300,52350,16950,35400,62400,40800,21600,65800,31000,34800,137000,32000,105000,24800,
0,5,419635,248835,113950,134885,69235,27000,42235,41250,19500,21750,87750,36450,51300,50600,31000,19600,146000,56000,90000,24800,
0,6,428490,254890,107475,147415,87290,31175,56115,31500,12600,18900,61500,40500,21000,74600,23200,51400,155000,80000,75000,18600,
0,7,458625,304625,137545,167080,93525,43645,49880,37800,21000,16800,86100,35700,50400,87200,37200,50000,123000,48000,75000,31000,
0,8,565345,308745,158280,150465,105995,49880,56115,31500,14700,16800,95850,53100,42750,75400,40600,34800,238000,88000,150000,18600,
0,9,351800,212000,102750,109250,57000,24000,33000,43500,21750,21750,55500,23400,32100,56000,33600,22400,115000,40000,75000,24800,
0,10,421055,267255,99040,168215,89655,24940,64715,33600,21000,12600,71400,27300,44100,72600,25800,46800,129000,24000,105000,24800,
0,11,419360,270560,101010,169550,99760,37410,62350,42000,21000,21000,58800,16800,42000,70000,25800,44200,124000,64000,60000,24800,
0,12,482495,294895,135845,159050,105995,43645,62350,23100,6300,16800,71400,39900,31500,94400,46000,48400,169000,64000,105000,18600,
0,13,448785,278985,134345,144640,68585,43645,24940,37800,21000,16800,67200,35700,31500,105400,34000,71400,145000,40000,105000,24800,
0,14,482955,297155,117775,179380,81055,31175,49880,37800,16800,21000,60900,29400,31500,117400,40400,77000,161000,56000,105000,24800,
0,15,452815,268015,115305,152710,56115,18705,37410,33600,16800,16800,69300,33600,35700,109000,46200,62800,160000,40000,120000,24800,
0,16,470590,274990,110310,164680,87290,37410,49880,33600,14700,18900,59100,23400,35700,95000,34800,60200,177000,72000,105000,18600,
0,17,521810,314010,124490,189520,99760,24940,74820,29400,14700,14700,69450,44250,25200,115400,40600,74800,183000,48000,135000,24800,
0,18,440385,276585,127110,149475,68585,37410,31175,35700,16800,18900,77700,27300,50400,94600,45600,49000,139000,64000,75000,24800,
0,19,493820,270020,122110,147910,74820,37410,37410,35700,14700,21000,78300,46800,31500,81200,23200,58000,199000,64000,135000,24800,
0,20,509970,285170,126825,158345,74820,31175,43645,29400,12600,16800,82350,42450,39900,98600,40600,58000,200000,80000,120000,24800,
0,21,490025,294425,152845,141580,93525,43645,49880,29400,16800,12600,65100,37800,27300,106400,54600,51800,177000,72000,105000,18600,
0,22,400620,232620,112775,119845,74820,31175,43645,29400,18900,10500,54600,23100,31500,73800,39600,34200,137000,32000,105000,31000,
0,23,458675,294075,110725,183350,93525,31175,62350,25200,8400,16800,79950,42150,37800,95400,29000,66400,146000,56000,90000,18600,
0,24,466625,307225,115010,192215,93525,37410,56115,39900,18900,21000,78000,29700,48300,95800,29000,66800,147000,72000,75000,12400,
0,25,435390,264590,110310,154280,87290,37410,49880,33600,12600,21000,69300,23100,46200,74400,37200,37200,146000,56000,90000,24800,
0,26,489840,274040,144245,129795,87290,43645,43645,25200,12600,12600,86550,42000,44550,75000,46000,29000,191000,56000,135000,24800,
0,27,408390,259790,120345,139445,87290,43645,43645,27300,10500,16800,54600,29400,25200,90600,36800,53800,130000,40000,90000,18600,
0,28,454770,246970,107690,139280,74820,24940,49880,23100,10500,12600,48450,31650,16800,100600,40600,60000,183000,48000,135000,24800,
0,29,404360,255760,112645,143115,99760,43645,56115,23100,12600,10500,65100,25200,39900,67800,31200,36600,130000,40000,90000,18600,
0,30,562370,304770,127790,176980,74820,24940,49880,44100,18900,25200,81450,43350,38100,104400,40600,63800,239000,104000,135000,18600,
1,0,234035,129635,59350,70285,30235,12000,18235,23850,10800,13050,38550,19350,19200,37000,17200,19800,92000,32000,60000,12400,
1,1,515190,306390,134250,172140,72940,27000,45940,47250,16950,30300,96600,54300,42300,89600,36000,53600,184000,64000,120000,24800,
1,2,515135,306335,129835,176500,68835,27235,41600,49500,16950,32550,96600,52050,44550,91400,33600,57800,184000,64000,120000,24800,
1,3,516685,307885,132085,175800,67535,27235,40300,49500,16950,32550,100650,54300,46350,90200,33600,56600,184000,64000,120000,24800,
1,4,511655,302855,132085,170770,69705,27235,42470,48150,16950,31200,99000,54300,44700,86000,33600,52400,184000,64000,120000,24800,
1,5,518250,309450,132650,176800,72500,27000,45500,49500,16950,32550,96450,51900,44550,91000,36800,54200,184000,64000,120000,24800,
1,6,323050,189450,85700,103750,42000,18000,24000,34650,15150,19500,62400,30150,32250,50400,22400,28000,115000,40000,75000,18600,
1,7,237300,132900,60650,72250,30000,12000,18000,23850,10800,13050,45450,23850,21600,33600,14000,19600,92000,32000,60000,12400,
1,8,509575,300775,129835,170940,73175,27235,45940,51900,21600,30300,89700,47400,42300,86000,33600,52400,184000,64000,120000,24800,
1,9,519100,310300,132650,177650,69900,27000,42900,47250,16950,30300,99150,51900,47250,94000,36800,57200,184000,64000,120000,24800,
1,10,518250,309450,131850,177600,67300,27000,40300,56400,23850,32550,95550,47400,48150,90200,33600,56600,184000,64000,120000,24800,
1,11,516835,308035,129835,178200,71435,27235,44200,49500,16950,32550,99300,52050,47250,87800,33600,54200,184000,64000,120000,24800,
1,12,515250,306450,132650,173800,66000,27000,39000,51900,21600,30300,94350,47250,47100,94200,36800,57400,184000,64000,120000,24800,
1,13,321000,187400,83650,103750,42000,18000,24000,30000,12900,17100,64800,30150,34650,50600,22600,28000,115000,40000,75000,18600,
1,14,237300,132900,60650,72250,30000,12000,18000,23850,10800,13050,45450,23850,21600,33600,14000,19600,92000,32000,60000,12400,
1,15,514250,305450,131850,173600,67300,27000,40300,55050,23850,31200,92100,47400,44700,91000,33600,57400,184000,64000,120000,24800,
1,16,514320,305520,133050,172470,69470,27000,42470,54150,23850,30300,89700,47400,42300,92200,34800,57400,184000,64000,120000,24800,
1,17,516535,307735,129835,177900,67535,27235,40300,49500,16950,32550,99300,52050,47250,91400,33600,57800,184000,64000,120000,24800,
1,18,518450,309650,131850,177800,69900,27000,42900,56400,23850,32550,91950,47400,44550,91400,33600,57800,184000,64000,120000,24800,
1,19,513350,304550,131850,172700,67300,27000,40300,54150,23850,30300,92100,47400,44700,91000,33600,57400,184000,64000,120000,24800,
1,20,323050,189450,85700,103750,42000,18000,24000,34650,15150,19500,62400,30150,32250,50400,22400,28000,115000,40000,75000,18600,
1,21,237300,132900,60650,72250,30000,12000,18000,23850,10800,13050,45450,23850,21600,33600,14000,19600,92000,32000,60000,12400,
1,22,511635,302835,129835,173000,66235,27235,39000,51900,21600,30300,92100,47400,44700,92600,33600,59000,184000,64000,120000,24800,
1,23,517350,308550,131850,176700,71200,27000,44200,56400,23850,32550,91950,47400,44550,89000,33600,55400,184000,64000,120000,24800,
1,24,513520,304720,131850,172870,69470,27000,42470,54150,23850,30300,89700,47400,42300,91400,33600,57800,184000,64000,120000,24800,
1,25,519500,310700,131850,178850,73800,27000,46800,54150,23850,30300,91950,47400,44550,90800,33600,57200,184000,64000,120000,24800,
1,26,512340,303540,132600,170940,72940,27000,45940,51900,21600,30300,89700,47400,42300,89000,36600,52400,184000,64000,120000,24800,
1,27,323050,189450,85700,103750,42000,18000,24000,34650,15150,19500,62400,30150,32250,50400,22400,28000,115000,40000,75000,18600,
1,28,237300,132900,60650,72250,30000,12000,18000,23850,10800,13050,45450,23850,21600,33600,14000,19600,92000,32000,60000,12400,
1,29,513250,304450,131850,172600,66000,27000,39000,50400,19200,31200,97050,52050,45000,91000,33600,57400,184000,64000,120000,24800,
1,30,514850,306050,131850,174200,71200,27000,44200,54150,23850,30300,89700,47400,42300,91000,33600,57400,184000,64000,120000,24800,
2,0,461020,276220,137600,138620,66470,24000,42470,35400,11550,23850,102750,55650,47100,71600,46400,25200,160000,40000,120000,24800,
2,1,564540,324940,129900,195040,93940,30000,63940,30150,4350,25800,85650,49950,35700,115200,45600,69600,221000,56000,165000,18600,
2,2,556135,330535,106100,224435,66735,12000,54735,55800,19500,36300,112800,60600,52200,95200,14000,81200,207000,72000,135000,18600,
2,3,386800,266400,124700,141700,62600,30000,32600,39900,20400,19500,80700,40500,40200,83200,33800,49400,108000,48000,60000,12400,
2,4,489200,286600,134100,152500,73300,27000,46300,47850,21750,26100,92850,51750,41100,72600,33600,39000,184000,64000,120000,18600,
2,5,489450,303650,111050,192600,63500,24000,39500,46800,19500,27300,95550,45150,50400,97800,22400,75400,161000,56000,105000,24800,
2,6,441450,292650,119450,173200,59200,31300,27900,40500,17400,23100,76350,34350,42000,116600,36400,80200,124000,64000,60000,24800,
2,7,549350,325550,129900,195650,57000,27000,30000,58950,28200,30750,96600,41100,55500,113000,33600,79400,199000,64000,135000,24800,
2,8,435650,240050,116900,123150,48000,21000,27000,49950,23850,26100,71700,41250,30450,70400,30800,39600,177000,72000,105000,18600,
2,9,564150,284550,120600,163950,60000,15000,45000,47700,19500,28200,110850,54300,56550,66000,31800,34200,261000,96000,165000,18600,
2,10,462385,284585,121200,163385,57235,21000,36235,43350,19500,23850,78600,47100,31500,105400,33600,71800,153000,48000,105000,24800,
2,11,433000,262200,123700,138500,63000,33000,30000,45600,19500,26100,73200,32400,40800,80400,38800,41600,146000,56000,90000,24800,
2,12,510200,292400,150050,142350,39000,21000,18000,58650,23850,34800,93150,54000,39150,101600,51200,50400,193000,88000,105000,24800,
2,13,454635,298835,127435,171400,77435,18235,59200,42900,14700,28200,95100,42900,52200,83400,51600,31800,131000,56000,75000,24800,
2,14,510535,316735,115800,200935,87735,30000,57735,40800,17400,23400,89400,43200,46200,98800,25200,73600,169000,64000,105000,24800,
2,15,504300,294900,140800,154100,67300,30000,37300,56550,21750,34800,82050,49650,32400,89000,39400,49600,197000,32000,165000,12400,
2,16,485100,241300,85800,155500,49300,18000,31300,49950,23850,26100,73650,32550,41100,68400,11400,57000,219000,24000,195000,24800,
2,17,471985,263185,115450,147735,40535,12000,28535,50700,23850,26850,99150,51600,47550,72800,28000,44800,184000,64000,120000,24800,
2,18,463950,268350,122300,146050,60000,18000,42000,49950,21750,28200,97200,51750,45450,61200,30800,30400,177000,72000,105000,18600,
2,19,434050,255250,121650,133600,63000,33000,30000,41850,20250,21600,63000,34800,28200,87400,33600,53800,154000,64000,90000,24800,
2,20,381220,253620,130020,123600,69470,30470,39000,43050,23550,19500,77100,38400,38700,64000,37600,26400,109000,64000,45000,18600,
2,21,465685,295885,114300,181585,75735,24000,51735,42300,21300,21000,93450,40800,52650,84400,28200,56200,145000,40000,105000,24800,
2,22,494300,307500,136800,170700,50600,22300,28300,58650,23850,34800,89250,51450,37800,109000,39200,69800,162000,72000,90000,24800,
2,23,452650,274050,153750,120300,69500,36500,33000,49800,23850,25950,64350,42600,21750,90400,50800,39600,160000,40000,120000,18600,
2,24,413285,271685,107550,164135,42235,18000,24235,43500,19500,24000,76350,36450,39900,109600,33600,76000,123000,48000,75000,18600,
2,25,429235,272635,124500,148135,63235,21000,42235,57300,19500,37800,84900,49200,35700,67200,34800,32400,138000,48000,90000,18600,
2,26,438485,290685,106900,183785,71435,21000,50435,42600,19500,23100,74250,30000,44250,102400,36400,66000,123000,48000,75000,24800,
2,27,521020,274220,113900,160320,63470,24000,39470,58650,23850,34800,101700,52050,49650,50400,14000,36400,222000,72000,150000,24800,
2,28,506050,274250,128450,145800,78000,24000,54000,36900,26100,10800,90750,55950,34800,68600,22400,46200,207000,72000,135000,24800,
2,29,522400,341800,140350,201450,61300,27000,34300,38250,12900,25350,106650,58050,48600,135600,42400,93200,162000,72000,90000,18600,
2,30,499450,294450,124800,169650,64300,21000,43300,39450,13800,25650,92100,53400,38700,98600,36600,62000,174000,24000,150000,31000,
3,0,460590,296990,115305,181685,87290,18705,68585,23100,10500,12600,100800,39900,60900,85800,46200,39600,145000,40000,105000,18600,
3,1,472600,264800,113600,151200,48000,18000,30000,45600,21750,23850,103200,43050,60150,68000,30800,37200,183000,48000,135000,24800,
3,2,502280,291680,125740,165940,49880,24940,24940,29400,14700,14700,73800,33900,39900,138600,52200,86400,192000,72000,120000,18600,
3,3,449520,276920,130575,146345,74820,31175,43645,31500,12600,18900,67200,37800,29400,103400,49000,54400,154000,64000,90000,18600,
3,4,404190,279390,126910,152480,91590,41710,49880,37800,18900,18900,67200,31500,35700,82800,34800,48000,100000,40000,60000,24800,
3,5,485775,283175,128125,155050,93525,31175,62350,46200,18900,27300,56850,31650,25200,86600,46400,40200,184000,64000,120000,18600,
3,6,473150,295350,127350,168000,77200,18000,59200,43050,15150,27900,92100,57600,34500,83000,36600,46400,153000,48000,105000,24800,
3,7,429670,264070,98900,165170,60470,24000,36470,56400,28200,28200,48600,6300,42300,98600,40400,58200,147000,72000,75000,18600,
3,8,447935,261335,123700,137635,27235,12000,15235,49950,26100,23850,85950,40800,45150,98200,44800,53400,168000,48000,120000,18600,
3,9,510350,284750,129800,154950,79300,21000,58300,37800,17400,20400,108450,60600,47850,59200,30800,28400,207000,72000,135000,18600,
3,10,473800,333000,139500,193500,62200,24000,38200,47100,26100,21000,96900,48600,48300,126800,40800,86000,116000,56000,60000,24800,
3,11,516200,299400,153900,145500,60000,27000,33000,68100,34650,33450,102900,57450,45450,68400,34800,33600,192000,72000,120000,24800,
3,12,528655,296855,127250,169605,69705,27000,42705,67350,23850,43500,88200,54000,34200,71600,22400,49200,207000,72000,135000,24800,
3,13,390600,257000,101600,155400,61300,15000,46300,38250,21750,16500,76050,42450,33600,81400,22400,59000,115000,40000,75000,18600,
3,14,463035,260435,115600,144835,60235,33000,27235,61650,23850,37800,67350,39150,28200,71200,19600,51600,184000,64000,120000,18600,
3,15,409335,263335,136500,126835,61535,34300,27235,30600,10200,20400,67800,33600,34200,103400,58400,45000,115000,40000,75000,31000,
3,16,492700,275900,111250,164650,69000,30000,39000,32400,19500,12900,93300,39150,54150,81200,22600,58600,192000,72000,120000,24800,
3,17,438420,262620,86700,175920,64370,12000,52370,42900,21750,21150,76950,27750,49200,78400,25200,53200,151000,16000,135000,24800,
3,18,413350,248750,120650,128100,57000,21000,36000,34650,17250,17400,101100,51600,49500,56000,30800,25200,146000,56000,90000,18600,
3,19,429235,265635,121900,143735,57235,24000,33235,49950,19500,30450,91650,40800,50850,66800,37600,29200,145000,40000,105000,18600,
3,20,409635,255035,89100,165935,71835,27000,44835,38250,19350,18900,67950,25950,42000,77000,16800,60200,136000,16000,120000,18600,
3,21,467750,295150,114300,180850,62600,18000,44600,51450,30300,21150,76500,40800,35700,104600,25200,79400,154000,64000,90000,18600,
3,22,486900,299300,132500,166800,40300,15000,25300,50700,17250,33450,89700,58050,31650,118600,42200,76400,169000,64000,105000,18600,
3,23,519350,285750,131450,154300,72000,33000,39000,69600,34800,34800,86550,49650,36900,57600,14000,43600,215000,80000,135000,18600,
3,24,555900,279100,139650,139450,63000,36000,27000,69450,28200,41250,69450,41250,28200,77200,34200,43000,252000,72000,180000,24800,
3,25,384950,222950,113800,109150,57000,30000,27000,56400,28200,28200,61950,27600,34350,47600,28000,19600,131000,56000,75000,31000,
3,26,498100,280500,113100,167400,65600,24000,41600,45600,26100,19500,86700,34800,51900,82600,28200,54400,199000,64000,135000,18600,
3,27,402935,266535,122050,144485,66235,21000,45235,55950,28200,27750,72750,36450,36300,71600,36400,35200,124000,64000,60000,12400,
3,28,476450,288050,117400,170650,57000,18000,39000,41250,23850,17400,98400,47550,50850,91400,28000,63400,176000,56000,120000,12400,
3,29,520250,270650,147650,123000,33000,30000,3000,45600,28200,17400,121650,58650,63000,70400,30800,39600,231000,96000,135000,18600,
3,30,501600,284000,129400,154600,60900,27000,33900,56400,19500,36900,82500,43500,39000,84200,39400,44800,199000,64000,135000,18600,
4,0,537135,321135,159735,161400,67135,27235,39900,49800,30300,19500,105000,51000,54000,99200,51200,48000,185000,80000,105000,31000,
4,1,419735,240135,105700,134435,48235,15000,33235,52050,21750,30300,83850,40950,42900,56000,28000,28000,161000,56000,105000,18600,
4,2,510695,323095,131645,191450,105995,43645,62350,39900,10500,29400,75600,39900,35700,101600,37600,64000,169000,64000,105000,18600,
4,3,469195,290595,134745,155850,105995,43645,62350,27300,16800,10500,77700,48300,29400,79600,26000,53600,160000,40000,120000,18600,
4,4,505595,302995,141210,161785,105995,37410,68585,35700,16800,18900,69300,37800,31500,92000,49200,42800,184000,64000,120000,18600,
4,5,439615,290015,138140,151875,56115,24940,31175,37800,16800,21000,77700,42000,35700,118400,54400,64000,131000,56000,75000,18600,
4,6,498725,305925,128010,177915,93525,37410,56115,31500,12600,18900,73500,37800,35700,107400,40200,67200,168000,48000,120000,24800,
4,7,465995,318395,150980,167415,131795,58480,73315,27300,14700,12600,69300,29400,39900,90000,48400,41600,129000,24000,105000,18600,
4,8,442130,286530,108180,178350,129430,49880,79550,39900,14700,25200,63000,21000,42000,54200,22600,31600,137000,32000,105000,18600,
4,9,506695,297895,154045,143850,105995,43645,62350,33600,18900,14700,77700,48300,29400,80600,43200,37400,184000,64000,120000,24800,
4,10,512655,313655,142245,171410,81055,43645,37410,50400,25200,25200,71400,33600,37800,110800,39800,71000,168000,48000,120000,31000,
4,11,525025,300425,130210,170215,93525,37410,56115,48300,16800,31500,54600,21000,33600,104000,55000,49000,206000,56000,150000,18600,
4,12,350950,240350,90705,149645,83850,18705,65145,44100,12600,31500,63000,33600,29400,49400,25800,23600,92000,32000,60000,18600,
4,13,512125,333325,138945,194380,93525,43645,49880,31500,8400,23100,86100,44100,42000,122200,42800,79400,154000,64000,90000,24800,
4,14,494240,276640,115525,161115,87290,31175,56115,33600,16800,16800,80550,38550,42000,75200,29000,46200,199000,64000,135000,18600,
4,15,519550,279750,127770,151980,62350,12470,49880,33600,16800,16800,59400,40500,18900,124400,58000,66400,215000,80000,135000,24800,
4,16,537895,359295,164645,194650,105995,43645,62350,42000,14700,27300,94500,56700,37800,116800,49600,67200,160000,40000,120000,18600,
4,17,444160,257560,102910,154650,99760,37410,62350,31500,12600,18900,71700,29700,42000,54600,23200,31400,168000,48000,120000,18600,
4,18,451715,288115,107605,180510,56115,18705,37410,35700,12600,23100,73500,35700,37800,122800,40600,82200,145000,40000,105000,18600,
4,19,449560,277760,129145,148615,99760,43645,56115,39900,14700,25200,60900,33600,27300,77200,37200,40000,147000,72000,75000,24800,
4,20,441620,317820,141875,175945,87720,39775,47945,44100,16800,27300,84000,44100,39900,102000,41200,60800,99000,24000,75000,24800,
4,21,512655,318855,117540,201315,81055,24940,56115,31500,10500,21000,86100,35700,50400,120200,46400,73800,169000,64000,105000,24800,
4,22,475900,281300,149410,131890,62350,37410,24940,44100,25200,18900,82050,46200,35850,92800,40600,52200,176000,56000,120000,18600,
4,23,479330,291730,148180,143550,112230,49880,62350,48300,14700,33600,73800,37800,36000,57400,45800,11600,169000,64000,105000,18600,
4,24,528255,313455,113340,200115,81055,24940,56115,27300,10500,16800,86100,31500,54600,119000,46400,72600,190000,40000,150000,24800,
4,25,499665,298865,130480,168385,118465,49880,68585,35700,18900,16800,35700,10500,25200,109000,51200,57800,176000,56000,120000,24800,
4,26,574595,312795,133845,178950,105995,43645,62350,33600,12600,21000,54600,16800,37800,118600,60800,57800,237000,72000,165000,24800,
4,27,401295,266695,124545,142150,105995,43645,62350,21000,18900,2100,69300,42000,27300,70400,20000,50400,116000,56000,60000,18600,
4,28,507270,290470,134860,155610,74820,37410,37410,31500,12600,18900,79950,44250,35700,104200,40600,63600,192000,72000,120000,24800,
4,29,443120,255520,123410,132110,74820,37410,37410,33600,14700,18900,71700,42300,29400,75400,29000,46400,169000,64000,105000,18600,
4,30,509990,270190,119225,150965,87290,31175,56115,27300,16800,10500,74400,36450,37950,81200,34800,46400,215000,80000,135000,24800,
5,0,421685,272885,107050,165835,57235,21000,36235,52200,26100,26100,76050,40350,35700,87400,19600,67800,124000,64000,60000,24800,
5,1,523325,314525,138210,176315,93525,37410,56115,39900,16800,23100,77700,37800,39900,103400,46200,57200,184000,64000,120000,24800,
5,2,553200,328400,134050,194350,63000,24000,39000,45450,23850,21600,119550,58200,61350,100400,28000,72400,200000,80000,120000,24800,
5,3,499985,297385,133450,163935,63235,27000,36235,68100,30300,37800,103050,45150,57900,63000,31000,32000,184000,64000,120000,18600,
5,4,523325,314525,138210,176315,93525,37410,56115,39900,16800,23100,77700,37800,39900,103400,46200,57200,184000,64000,120000,24800,
5,5,440770,246970,122610,124360,74820,37410,37410,31500,12600,18900,56850,29400,27450,83800,43200,40600,169000,64000,105000,24800,
5,6,434085,278285,122805,155480,68585,18705,49880,29400,16800,12600,94500,44100,50400,85800,43200,42600,131000,56000,75000,24800,
5,7,471995,285395,120510,164885,105995,37410,68585,35700,16800,18900,77700,31500,46200,66000,34800,31200,168000,48000,120000,18600,
5,8,487400,270600,111830,158770,62350,49880,12470,33600,14700,18900,67650,29850,37800,107000,17400,89600,192000,72000,120000,24800,
5,9,442655,270855,141575,129280,81055,31175,49880,27300,12600,14700,73500,46200,27300,89000,51600,37400,147000,72000,75000,24800,
5,10,435390,265590,128310,137280,87290,37410,49880,31500,16800,14700,58800,31500,27300,88000,42600,45400,145000,40000,105000,24800,
5,11,456390,278590,135075,143515,87290,31175,56115,37800,14700,23100,81900,46200,35700,71600,43000,28600,153000,48000,105000,24800,
5,12,437090,272490,130810,141680,87290,37410,49880,25200,10500,14700,71400,39900,31500,88600,43000,45600,146000,56000,90000,18600,
5,13,490370,258570,109590,148980,74820,24940,49880,37800,12600,25200,36150,25650,10500,109800,46400,63400,207000,72000,135000,24800,
5,14,568630,351830,146280,205550,112230,49880,62350,42000,14700,27300,100800,44100,56700,96800,37600,59200,192000,72000,120000,24800,
5,15,488960,324360,165180,159180,99760,49880,49880,44100,21000,23100,73500,35700,37800,107000,58600,48400,146000,56000,90000,18600,
5,16,495590,271790,131845,139945,87290,43645,43645,33600,12600,21000,44100,29400,14700,106800,46200,60600,199000,64000,135000,24800,
5,17,374490,233690,90310,143380,87290,37410,49880,23100,10500,12600,69300,25200,44100,54000,17200,36800,116000,56000,60000,24800,
5,18,432195,284395,129245,155150,110295,43645,66650,35700,12600,23100,63000,33600,29400,75400,39400,36000,123000,48000,75000,24800,
5,19,467860,304060,132010,172050,99760,37410,62350,29400,16800,12600,86100,46200,39900,88800,31600,57200,139000,64000,75000,24800,
5,20,406125,273525,126245,147280,106425,43645,62780,25200,8400,16800,73500,46200,27300,68400,28000,40400,114000,24000,90000,18600,
5,21,400425,264825,135245,129580,93525,43645,49880,37800,21000,16800,65100,42000,23100,68400,28600,39800,117000,72000,45000,18600,
5,22,447755,275155,123910,151245,81055,37410,43645,37800,14700,23100,84300,48600,35700,72000,23200,48800,154000,64000,90000,18600,
5,23,374185,231585,96575,135010,68585,31175,37410,23100,12600,10500,48300,12600,35700,91600,40200,51400,124000,64000,60000,18600,
5,24,440465,246865,113990,132875,56115,24940,31175,35700,16800,18900,56850,31650,25200,98200,40600,57600,175000,40000,135000,18600,
5,25,475260,296460,127140,169320,99760,24940,74820,44100,16800,27300,71400,33600,37800,81200,51800,29400,154000,64000,90000,24800,
5,26,497755,318955,125740,193215,81055,24940,56115,50400,21000,29400,69300,33600,35700,118200,46200,72000,154000,64000,90000,24800,
5,27,461560,305960,107310,198650,104060,37410,66650,35700,12600,23100,67200,31500,35700,99000,25800,73200,137000,32000,105000,18600,
5,28,518960,310360,138210,172150,99760,37410,62350,44100,16800,27300,73500,37800,35700,93000,46200,46800,190000,40000,150000,18600,
5,29,519125,302325,141645,160680,93525,43645,49880,46200,18900,27300,67200,35700,31500,95400,43400,52000,192000,72000,120000,24800,
5,30,514795,292795,130045,162750,105995,43645,62350,33600,16800,16800,75600,37800,37800,77600,31800,45800,191000,56000,135000,31000,
6,0,430520,264920,122500,142420,69470,36000,33470,36900,17400,19500,96750,49500,47250,61800,19600,42200,147000,72000,75000,18600,
6,1,467425,279825,109575,170250,93525,31175,62350,42000,14700,27300,86700,40500,46200,57600,23200,34400,169000,64000,105000,18600,
6,2,431985,247185,121075,126110,68585,31175,37410,35700,18900,16800,65100,42000,23100,77800,29000,48800,160000,40000,120000,24800,
6,3,428590,296790,106210,190580,107490,40410,67080,23100,10500,12600,71400,27300,44100,94800,28000,66800,107000,32000,75000,24800,
6,4,422635,237035,94435,142600,53835,15235,38600,58650,21750,36900,68550,23850,44700,56000,33600,22400,167000,32000,135000,18600,
6,5,478535,292735,119050,173685,55535,27000,28535,47250,17400,29850,63750,23850,39900,126200,50800,75400,161000,56000,105000,24800,
6,6,494750,315150,160250,154900,62600,22300,40300,58650,19500,39150,78300,46650,31650,115600,71800,43800,161000,56000,105000,18600,
6,7,416870,290270,119300,170970,60470,18000,42470,42300,21300,21000,89100,57600,31500,98400,22400,76000,108000,48000,60000,18600,
6,8,423550,227950,95600,132350,54000,24000,30000,52050,13050,39000,65100,32550,32550,56800,26000,30800,177000,72000,105000,18600,
6,9,405100,249500,91250,158250,52300,15000,37300,32100,17400,14700,72300,36450,35850,92800,22400,70400,137000,32000,105000,18600,
6,10,457600,263800,110000,153800,57000,27000,30000,49950,21750,28200,82050,30450,51600,74800,30800,44000,169000,64000,105000,24800,
6,11,483285,289485,127085,162400,72235,30235,42000,61650,28200,33450,94200,32250,61950,61400,36400,25000,169000,64000,105000,24800,
6,12,464085,292285,116850,175435,98835,27000,71835,60900,32550,28350,51150,32100,19050,81400,25200,56200,147000,72000,75000,24800,
6,13,419150,270350,110600,159750,63000,21000,42000,49650,28200,21450,50700,27600,23100,107000,33800,73200,124000,64000,60000,24800,
6,14,429585,218985,106350,112635,36235,24000,12235,34800,13050,21750,56550,26100,30450,91400,43200,48200,192000,72000,120000,18600,
6,15,410900,238100,123500,114600,48000,30000,18000,28200,17400,10800,105900,45300,60600,56000,30800,25200,148000,88000,60000,24800,
6,16,506600,297800,115700,182100,83200,36000,47200,54300,19500,34800,83100,34800,48300,77200,25400,51800,184000,64000,120000,24800,
6,17,396750,256150,114300,141850,43300,27000,16300,49800,23850,25950,103650,55050,48600,59400,8400,51000,122000,32000,90000,18600,
6,18,463450,282850,143150,139700,55300,28300,27000,52950,20400,32550,107400,58050,49350,67200,36400,30800,162000,72000,90000,18600,
6,19,495950,324150,128350,195800,62600,21000,41600,48300,17400,30900,101850,61950,39900,111400,28000,83400,147000,72000,75000,24800,
6,20,464720,254120,107720,146400,49770,15470,34300,23850,8700,15150,106500,49950,56550,74000,33600,40400,192000,72000,120000,18600,
6,21,522190,297390,109370,188020,57940,18470,39470,52050,23850,28200,76800,30450,46350,110600,36600,74000,200000,80000,120000,24800,
6,22,497100,285500,123700,161800,68600,24000,44600,60900,26100,34800,84600,45600,39000,71400,28000,43400,193000,88000,105000,18600,
6,23,421685,287885,104685,183200,53835,18235,35600,42750,17250,25500,93900,46800,47100,97400,22400,75000,109000,64000,45000,24800,
6,24,472885,286085,101600,184485,63235,27000,36235,51150,17400,33750,95700,43200,52500,76000,14000,62000,162000,72000,90000,24800,
6,25,458770,280970,127400,153570,64770,30000,34770,54150,23850,30300,82650,59550,23100,79400,14000,65400,153000,48000,105000,24800,
6,26,461970,298170,117700,180470,52770,21000,31770,46950,21750,25200,95250,46950,48300,103200,28000,75200,139000,64000,75000,24800,
6,27,447200,259600,99850,159750,73300,27000,46300,43350,19500,23850,81750,21750,60000,61200,31600,29600,169000,64000,105000,18600,
6,28,497350,269750,128500,141250,24000,18000,6000,54300,26100,28200,104250,56400,47850,87200,28000,59200,209000,104000,105000,18600,
6,29,486020,298420,134650,163770,79770,30000,49770,58650,21750,36900,102600,45300,57300,57400,37600,19800,169000,64000,105000,18600,
6,30,478250,277450,116850,160600,76300,24000,52300,54300,19500,34800,55650,36750,18900,91200,36600,54600,176000,56000,120000,24800,
7,0,516100,323300,125600,197700,59200,21000,38200,59700,30300,29400,80400,40500,39900,124000,33800,90200,168000,48000,120000,24800,
7,1,400390,236590,100510,136080,87290,37410,49880,29400,12600,16800,56700,18900,37800,63200,31600,31600,139000,64000,75000,24800,
7,2,499200,311600,127350,184250,70300,33000,37300,59400,23850,35550,95700,45300,50400,86200,25200,61000,169000,64000,105000,18600,
7,3,453000,281400,122650,158750,55300,30000,25300,49800,23850,25950,95700,49200,46500,80600,19600,61000,153000,48000,105000,18600,
7,4,484570,282970,107200,175770,84470,33000,51470,54300,26100,28200,63600,19500,44100,80600,28600,52000,183000,48000,135000,18600,
7,5,462500,277700,107900,169800,56600,21000,35600,36300,19500,16800,70200,36600,33600,114600,30800,83800,160000,40000,120000,24800,
7,6,332450,198850,87340,111510,62350,24940,37410,25200,10500,14700,48300,23100,25200,63000,28800,34200,115000,40000,75000,18600,
7,7,249545,145145,67105,78040,43645,18705,24940,18900,8400,10500,33600,16800,16800,49000,23200,25800,92000,32000,60000,12400,
7,8,523325,314525,138210,176315,93525,37410,56115,39900,16800,23100,77700,37800,39900,103400,46200,57200,184000,64000,120000,24800,
7,9,523325,314525,138210,176315,93525,37410,56115,39900,16800,23100,77700,37800,39900,103400,46200,57200,184000,64000,120000,24800,
7,10,523325,314525,138210,176315,93525,37410,56115,39900,16800,23100,77700,37800,39900,103400,46200,57200,184000,64000,120000,24800,
7,11,523325,314525,138210,176315,93525,37410,56115,39900,16800,23100,77700,37800,39900,103400,46200,57200,184000,64000,120000,24800,
7,12,523325,314525,138210,176315,93525,37410,56115,39900,16800,23100,77700,37800,39900,103400,46200,57200,184000,64000,120000,24800,
7,13,332450,198850,87340,111510,62350,24940,37410,25200,10500,14700,48300,23100,25200,63000,28800,34200,115000,40000,75000,18600,
7,14,249545,145145,67105,78040,43645,18705,24940,18900,8400,10500,33600,16800,16800,49000,23200,25800,92000,32000,60000,12400,
7,15,523325,314525,138210,176315,93525,37410,56115,39900,16800,23100,77700,37800,39900,103400,46200,57200,184000,64000,120000,24800,
7,16,523325,314525,138210,176315,93525,37410,56115,39900,16800,23100,77700,37800,39900,103400,46200,57200,184000,64000,120000,24800,
7,17,523325,314525,138210,176315,93525,37410,56115,39900,16800,23100,77700,37800,39900,103400,46200,57200,184000,64000,120000,24800,
7,18,523325,314525,138210,176315,93525,37410,56115,39900,16800,23100,77700,37800,39900,103400,46200,57200,184000,64000,120000,24800,
7,19,523325,314525,138210,176315,93525,37410,56115,39900,16800,23100,77700,37800,39900,103400,46200,57200,184000,64000,120000,24800,
7,20,332450,198850,87340,111510,62350,24940,37410,25200,10500,14700,48300,23100,25200,63000,28800,34200,115000,40000,75000,18600,
7,21,249545,145145,67105,78040,43645,18705,24940,18900,8400,10500,33600,16800,16800,49000,23200,25800,92000,32000,60000,12400,
7,22,523325,314525,138210,176315,93525,37410,56115,39900,16800,23100,77700,37800,39900,103400,46200,57200,184000,64000,120000,24800,
7,23,523325,314525,138210,176315,93525,37410,56115,39900,16800,23100,77700,37800,39900,103400,46200,57200,184000,64000,120000,24800,
7,24,523325,314525,138210,176315,93525,37410,56115,39900,16800,23100,77700,37800,39900,103400,46200,57200,184000,64000,120000,24800,
7,25,523325,314525,138210,176315,93525,37410,56115,39900,16800,23100,77700,37800,39900,103400,46200,57200,184000,64000,120000,24800,
7,26,523325,314525,138210,176315,93525,37410,56115,39900,16800,23100,77700,37800,39900,103400,46200,57200,184000,64000,120000,24800,
7,27,332450,198850,87340,111510,62350,24940,37410,25200,10500,14700,48300,23100,25200,63000,28800,34200,115000,40000,75000,18600,
7,28,249545,145145,67105,78040,43645,18705,24940,18900,8400,10500,33600,16800,16800,49000,23200,25800,92000,32000,60000,12400,
7,29,523325,314525,138210,176315,93525,37410,56115,39900,16800,23100,77700,37800,39900,103400,46200,57200,184000,64000,120000,24800,
7,30,523325,314525,138210,176315,93525,37410,56115,39900,16800,23100,77700,37800,39900,103400,46200,57200,184000,64000,120000,24800,
8,0,431000,269200,112800,156400,46300,15000,31300,28050,15150,12900,84450,49050,35400,110400,33600,76800,137000,32000,105000,24800,
8,1,446720,275120,127310,147810,74820,37410,37410,29400,16800,12600,73500,35700,37800,97400,37400,60000,153000,48000,105000,18600,
8,2,515135,306335,129835,176500,68835,27235,41600,49500,16950,32550,96600,52050,44550,91400,33600,57800,184000,64000,120000,24800,
8,3,516685,307885,132085,175800,67535,27235,40300,49500,16950,32550,100650,54300,46350,90200,33600,56600,184000,64000,120000,24800,
8,4,511655,302855,132085,170770,69705,27235,42470,48150,16950,31200,99000,54300,44700,86000,33600,52400,184000,64000,120000,24800,
8,5,518250,309450,132650,176800,72500,27000,45500,49500,16950,32550,96450,51900,44550,91000,36800,54200,184000,64000,120000,24800,
8,6,323050,189450,85700,103750,42000,18000,24000,34650,15150,19500,62400,30150,32250,50400,22400,28000,115000,40000,75000,18600,
8,7,237300,132900,60650,72250,30000,12000,18000,23850,10800,13050,45450,23850,21600,33600,14000,19600,92000,32000,60000,12400,
8,8,509575,300775,129835,170940,73175,27235,45940,51900,21600,30300,89700,47400,42300,86000,33600,52400,184000,64000,120000,24800,
8,9,519100,310300,132650,177650,69900,27000,42900,47250,16950,30300,99150,51900,47250,94000,36800,57200,184000,64000,120000,24800,
8,10,518250,309450,131850,177600,67300,27000,40300,56400,23850,32550,95550,47400,48150,90200,33600,56600,184000,64000,120000,24800,
8,11,516835,308035,129835,178200,71435,27235,44200,49500,16950,32550,99300,52050,47250,87800,33600,54200,184000,64000,120000,24800,
8,12,515250,306450,132650,173800,66000,27000,39000,51900,21600,30300,94350,47250,47100,94200,36800,57400,184000,64000,120000,24800,
8,13,321000,187400,83650,103750,42000,18000,24000,30000,12900,17100,64800,30150,34650,50600,22600,28000,115000,40000,75000,18600,
8,14,237300,132900,60650,72250,30000,12000,18000,23850,10800,13050,45450,23850,21600,33600,14000,19600,92000,32000,60000,12400,
8,15,514250,305450,131850,173600,67300,27000,40300,55050,23850,31200,92100,47400,44700,91000,33600,57400,184000,64000,120000,24800,
8,16,514320,305520,133050,172470,69470,27000,42470,54150,23850,30300,89700,47400,42300,92200,34800,57400,184000,64000,120000,24800,
8,17,516535,307735,129835,177900,67535,27235,40300,49500,16950,32550,99300,52050,47250,91400,33600,57800,184000,64000,120000,24800,
8,18,518450,309650,131850,177800,69900,27000,42900,56400,23850,32550,91950,47400,44550,91400,33600,57800,184000,64000,120000,24800,
8,19,513350,304550,131850,172700,67300,27000,40300,54150,23850,30300,92100,47400,44700,91000,33600,57400,184000,64000,120000,24800,
8,20,323050,189450,85700,103750,42000,18000,24000,34650,15150,19500,62400,30150,32250,50400,22400,28000,115000,40000,75000,18600,
8,21,237300,132900,60650,72250,30000,12000,18000,23850,10800,13050,45450,23850,21600,33600,14000,19600,92000,32000,60000,12400,
8,22,511635,302835,129835,173000,66235,27235,39000,51900,21600,30300,92100,47400,44700,92600,33600,59000,184000,64000,120000,24800,
8,23,517350,308550,131850,176700,71200,27000,44200,56400,23850,32550,91950,47400,44550,89000,33600,55400,184000,64000,120000,24800,
8,24,513520,304720,131850,172870,69470,27000,42470,54150,23850,30300,89700,47400,42300,91400,33600,57800,184000,64000,120000,24800,
8,25,519500,310700,131850,178850,73800,27000,46800,54150,23850,30300,91950,47400,44550,90800,33600,57200,184000,64000,120000,24800,
8,26,512340,303540,132600,170940,72940,27000,45940,51900,21600,30300,89700,47400,42300,89000,36600,52400,184000,64000,120000,24800,
8,27,323050,189450,85700,103750,42000,18000,24000,34650,15150,19500,62400,30150,32250,50400,22400,28000,115000,40000,75000,18600,
8,28,237300,132900,60650,72250,30000,12000,18000,23850,10800,13050,45450,23850,21600,33600,14000,19600,92000,32000,60000,12400,
8,29,513250,304450,131850,172600,66000,27000,39000,50400,19200,31200,97050,52050,45000,91000,33600,57400,184000,64000,120000,24800,
8,30,514850,306050,131850,174200,71200,27000,44200,54150,23850,30300,89700,47400,42300,91000,33600,57400,184000,64000,120000,24800,
9,0,444320,259520,131140,128380,74820,24940,49880,33600,21000,12600,81900,42000,39900,69200,43200,26000,160000,40000,120000,24800,
9,1,564540,324940,129900,195040,93940,30000,63940,30150,4350,25800,85650,49950,35700,115200,45600,69600,221000,56000,165000,18600,
9,2,516100,276500,127550,148950,60000,27000,33000,58650,23850,34800,101250,36900,64350,56600,39800,16800,221000,56000,165000,18600,
9,3,408390,259790,120345,139445,87290,43645,43645,27300,10500,16800,54600,29400,25200,90600,36800,53800,130000,40000,90000,18600,
9,4,452020,281220,137875,143345,74820,31175,43645,42000,16800,25200,75600,44100,31500,88800,45800,43000,146000,56000,90000,24800,
9,5,445625,281825,123875,157950,93525,31175,62350,23100,12600,10500,71400,31500,39900,93800,48600,45200,139000,64000,75000,24800,
9,6,472475,283875,120160,163715,93525,37410,56115,35700,16800,18900,48450,25350,23100,106200,40600,65600,170000,80000,90000,18600,
9,7,458625,304625,137545,167080,93525,43645,49880,37800,21000,16800,86100,35700,50400,87200,37200,50000,123000,48000,75000,31000,
9,8,565345,308745,158280,150465,105995,49880,56115,31500,14700,16800,95850,53100,42750,75400,40600,34800,238000,88000,150000,18600,
9,9,428490,254890,107475,147415,87290,31175,56115,31500,12600,18900,61500,40500,21000,74600,23200,51400,155000,80000,75000,18600,
9,10,421055,267255,99040,168215,89655,24940,64715,33600,21000,12600,71400,27300,44100,72600,25800,46800,129000,24000,105000,24800,
9,11,419360,270560,101010,169550,99760,37410,62350,42000,21000,21000,58800,16800,42000,70000,25800,44200,124000,64000,60000,24800,
9,12,482495,294895,135845,159050,105995,43645,62350,23100,6300,16800,71400,39900,31500,94400,46000,48400,169000,64000,105000,18600,
9,13,448785,278985,134345,144640,68585,43645,24940,37800,21000,16800,67200,35700,31500,105400,34000,71400,145000,40000,105000,24800,
9,14,482955,297155,117775,179380,81055,31175,49880,37800,16800,21000,60900,29400,31500,117400,40400,77000,161000,56000,105000,24800,
9,15,452815,268015,115305,152710,56115,18705,37410,33600,16800,16800,69300,33600,35700,109000,46200,62800,160000,40000,120000,24800,
9,16,490025,294425,152845,141580,93525,43645,49880,29400,16800,12600,65100,37800,27300,106400,54600,51800,177000,72000,105000,18600,
9,17,521810,314010,124490,189520,99760,24940,74820,29400,14700,14700,69450,44250,25200,115400,40600,74800,183000,48000,135000,24800,
9,18,440385,276585,127110,149475,68585,37410,31175,35700,16800,18900,77700,27300,50400,94600,45600,49000,139000,64000,75000,24800,
9,19,493820,270020,122110,147910,74820,37410,37410,35700,14700,21000,78300,46800,31500,81200,23200,58000,199000,64000,135000,24800,
9,20,509970,285170,126825,158345,74820,31175,43645,29400,12600,16800,82350,42450,39900,98600,40600,58000,200000,80000,120000,24800,
9,21,470590,274990,110310,164680,87290,37410,49880,33600,14700,18900,59100,23400,35700,95000,34800,60200,177000,72000,105000,18600,
9,22,400620,232620,112775,119845,74820,31175,43645,29400,18900,10500,54600,23100,31500,73800,39600,34200,137000,32000,105000,31000,
9,23,458675,294075,110725,183350,93525,31175,62350,25200,8400,16800,79950,42150,37800,95400,29000,66400,146000,56000,90000,18600,
9,24,466625,307225,115010,192215,93525,37410,56115,39900,18900,21000,78000,29700,48300,95800,29000,66800,147000,72000,75000,12400,
9,25,435390,264590,110310,154280,87290,37410,49880,33600,12600,21000,69300,23100,46200,74400,37200,37200,146000,56000,90000,24800,
9,26,489840,274040,144245,129795,87290,43645,43645,25200,12600,12600,86550,42000,44550,75000,46000,29000,191000,56000,135000,24800,
9,27,444025,283025,95710,187315,93525,37410,56115,23100,6300,16800,67200,29400,37800,99200,22600,76600,130000,40000,90000,31000,
9,28,454770,246970,107690,139280,74820,24940,49880,23100,10500,12600,48450,31650,16800,100600,40600,60000,183000,48000,135000,24800,
9,29,404360,255760,112645,143115,99760,43645,56115,23100,12600,10500,65100,25200,39900,67800,31200,36600,130000,40000,90000,18600,
9,30,562370,304770,127790,176980,74820,24940,49880,44100,18900,25200,81450,43350,38100,104400,40600,63800,239000,104000,135000,18600,
10,0,515345,306545,122325,184220,105995,31175,74820,37800,16800,21000,71550,33750,37800,91200,40600,50600,184000,64000,120000,24800,
10,1,509075,277275,124945,152330,93525,43645,49880,44100,18900,25200,70050,27600,42450,69600,34800,34800,207000,72000,135000,24800,
10,2,502280,291680,125740,165940,49880,24940,24940,29400,14700,14700,73800,33900,39900,138600,52200,86400,192000,72000,120000,18600,
10,3,496700,281900,112450,169450,60000,21000,39000,42900,15150,27750,79200,36900,42300,99800,39400,60400,190000,40000,150000,24800,
10,4,505595,302995,141210,161785,105995,37410,68585,35700,16800,18900,69300,37800,31500,92000,49200,42800,184000,64000,120000,18600,
10,5,498390,312590,116810,195780,87290,37410,49880,42000,14700,27300,86100,35700,50400,97200,29000,68200,161000,56000,105000,24800,
10,6,384385,258585,126245,132340,68585,43645,24940,35700,14700,21000,60900,31500,29400,93400,36400,57000,101000,56000,45000,24800,
10,7,534985,301385,126040,175345,68585,24940,43645,25200,12600,12600,63600,36300,27300,144000,52200,91800,215000,80000,135000,18600,
10,8,544060,311260,143180,168080,99760,49880,49880,35700,16800,18900,63000,27300,35700,112800,49200,63600,208000,88000,120000,24800,
10,9,538210,291410,135960,155450,99760,37410,62350,44100,14700,29400,72150,31650,40500,75400,52200,23200,222000,72000,150000,24800,
10,10,550725,302125,144875,157250,93525,31175,62350,42000,18900,23100,59400,42600,16800,107200,52200,55000,230000,80000,150000,18600,
10,11,438125,251525,114645,136880,93525,43645,49880,50400,25200,25200,61200,16800,44400,46400,29000,17400,168000,48000,120000,18600,
10,12,499825,311225,140945,170280,93525,43645,49880,25200,12600,12600,86100,35700,50400,106400,49000,57400,170000,80000,90000,18600,
10,13,345220,241420,110740,130680,82120,24940,57180,33600,12600,21000,60900,42000,18900,64800,31200,33600,79000,64000,15000,24800,
10,14,460025,286625,119575,167050,93525,31175,62350,35700,16800,18900,58800,25200,33600,98600,46400,52200,161000,56000,105000,12400,
10,15,481490,272690,112260,160430,87290,37410,49880,42000,14700,27300,73800,25350,48450,69600,34800,34800,184000,64000,120000,24800,
10,16,473955,241355,100540,140815,81055,24940,56115,23100,8400,14700,79200,32400,46800,58000,34800,23200,214000,64000,150000,18600,
10,17,511160,287360,137710,149650,99760,37410,62350,25200,12600,12600,67200,35700,31500,95200,52000,43200,199000,64000,135000,24800,
10,18,452840,266240,101820,164420,87290,12470,74820,29400,6300,23100,65550,42450,23100,84000,40600,43400,168000,48000,120000,18600,
10,19,406955,244155,115975,128180,81055,31175,49880,25200,12600,12600,52500,29400,23100,85400,42800,42600,138000,48000,90000,24800,
10,20,574315,326715,130030,196685,118465,49880,68585,31500,16800,14700,75750,16950,58800,101000,46400,54600,229000,64000,165000,18600,
10,21,456860,277260,122610,154650,99760,37410,62350,27300,12600,14700,58800,37800,21000,91400,34800,56600,161000,56000,105000,18600,
10,22,516340,270540,127045,143495,87290,43645,43645,37800,16800,21000,70050,31800,38250,75400,34800,40600,221000,56000,165000,24800,
10,23,487365,337565,141280,196285,118465,49880,68585,50400,21000,29400,77700,42000,35700,91000,28400,62600,125000,80000,45000,24800,
10,24,425525,247725,102005,145720,96525,18705,77820,25200,8400,16800,54600,31500,23100,71400,43400,28000,153000,48000,105000,24800,
10,25,453755,290955,152180,138775,81055,49880,31175,39900,16800,23100,63000,27300,35700,107000,58200,48800,138000,48000,90000,24800,
10,26,494130,313530,112045,201485,112230,43645,68585,42000,14700,27300,65100,18900,46200,94200,34800,59400,162000,72000,90000,18600,
10,27,504030,318230,130980,187250,112230,49880,62350,37800,16800,21000,79800,35700,44100,88400,28600,59800,161000,56000,105000,24800,
10,28,464090,264290,123810,140480,87290,37410,49880,50400,21000,29400,54600,33600,21000,72000,31800,40200,175000,40000,135000,24800,
10,29,573990,303390,133945,169445,87290,43645,43645,37800,14700,23100,68100,40800,27300,110200,34800,75400,252000,72000,180000,18600,
10,30,535865,325265,162050,163215,118465,62350,56115,29400,14700,14700,96600,50400,46200,80800,34600,46200,192000,72000,120000,18600,
11,0,461020,276220,137600,138620,66470,24000,42470,35400,11550,23850,102750,55650,47100,71600,46400,25200,160000,40000,120000,24800,
11,1,554050,290450,130350,160100,36000,12000,24000,41250,26100,15150,126000,58650,67350,87200,33600,53600,245000,80000,165000,18600,
11,2,556135,330535,106100,224435,66735,12000,54735,55800,19500,36300,112800,60600,52200,95200,14000,81200,207000,72000,135000,18600,
11,3,386800,266400,124700,141700,62600,30000,32600,39900,20400,19500,80700,40500,40200,83200,33800,49400,108000,48000,60000,12400,
11,4,526800,326000,129000,197000,78100,18000,60100,62250,30450,31800,78450,46950,31500,107200,33600,73600,176000,56000,120000,24800,
11,5,427900,234100,117000,117100,51000,27000,24000,43350,17400,25950,78150,39000,39150,61600,33600,28000,169000,64000,105000,24800,
11,6,422865,244265,123545,120720,56115,43645,12470,42000,16800,25200,73950,31500,42450,72200,31600,40600,160000,40000,120000,18600,
11,7,458355,271755,111200,160555,77005,24000,53005,49800,23850,25950,91950,40950,51000,53000,22400,30600,168000,48000,120000,18600,
11,8,475300,258500,105850,152650,42000,33000,9000,47700,21750,25950,88800,36900,51900,80000,14200,65800,192000,72000,120000,24800,
11,9,430635,258835,134000,124835,57235,21000,36235,39000,17400,21600,92400,53400,39000,70200,42200,28000,147000,72000,75000,24800,
11,10,423600,253800,123650,130150,61300,28300,33000,42900,22500,20400,70800,36450,34350,78800,36400,42400,145000,40000,105000,24800,
11,11,444100,266300,130800,135500,60000,21000,39000,55200,21750,33450,93900,53250,40650,57200,34800,22400,153000,48000,105000,24800,
11,12,425650,261050,122250,138800,60900,24000,36900,36900,15150,21750,90450,49500,40950,72800,33600,39200,146000,56000,90000,18600,
11,13,480650,248850,108700,140150,51000,18000,33000,52050,17250,34800,45600,30450,15150,100200,43000,57200,207000,72000,135000,24800,
11,14,551170,334370,135900,198470,79770,33000,46770,52500,19500,33000,114900,58200,56700,87200,25200,62000,192000,72000,120000,24800,
11,15,487450,322850,162250,160600,68600,33000,35600,58500,25950,32550,81750,35700,46050,114000,67600,46400,146000,56000,90000,18600,
11,16,487400,263600,127350,136250,60000,30000,30000,47550,17250,30300,65250,43500,21750,90800,36600,54200,199000,64000,135000,24800,
11,17,364985,224185,85400,138785,58535,24000,34535,28800,12750,16050,88050,34650,53400,48800,14000,34800,116000,56000,60000,24800,
11,18,423235,275435,126000,149435,77835,32600,45235,46200,17400,28800,69600,38400,31200,81800,37600,44200,123000,48000,75000,24800,
11,19,462200,298400,126300,172100,69900,24000,45900,38850,23850,15000,94050,53250,40800,95600,25200,70400,139000,64000,75000,24800,
11,20,397720,265120,118250,146870,78070,28300,49770,27600,10800,16800,78450,51150,27300,81000,28000,53000,114000,24000,90000,18600,
11,21,385850,250250,126500,123750,60000,27000,33000,52950,28200,24750,81300,48900,32400,56000,22400,33600,117000,72000,45000,18600,
11,22,433500,260900,116100,144800,55300,24000,31300,55200,21750,33450,94200,53550,40650,56200,16800,39400,154000,64000,90000,18600,
11,23,363800,221200,90550,130650,45000,21000,24000,31200,15150,16050,64800,17400,47400,80200,37000,43200,124000,64000,60000,18600,
11,24,422350,228750,102900,125850,36000,15000,21000,52050,23850,28200,73500,38850,34650,67200,25200,42000,175000,40000,135000,18600,
11,25,465420,286620,123950,162670,72470,18000,54470,61650,23850,37800,80700,42900,37800,71800,39200,32600,154000,64000,90000,24800,
11,26,482600,303800,117450,186350,54900,15000,39900,56100,23550,32550,81000,45300,35700,111800,33600,78200,154000,64000,90000,24800,
11,27,452750,297150,99550,197600,76800,24000,52800,40500,17400,23100,74250,38550,35700,105600,19600,86000,137000,32000,105000,18600,
11,28,513235,304635,135150,169485,72235,27000,45235,62400,23850,38550,85200,49500,35700,84800,34800,50000,190000,40000,150000,18600,
11,29,506200,289400,134450,154950,64300,30000,34300,60600,21450,39150,93300,52200,41100,71200,30800,40400,192000,72000,120000,24800,
11,30,504800,282800,124250,158550,78500,30000,48500,43350,21600,21750,99150,47250,51900,61800,25400,36400,191000,56000,135000,31000,
12,0,249545,145145,67105,78040,43645,18705,24940,18900,8400,10500,33600,16800,16800,49000,23200,25800,92000,32000,60000,12400,
12,1,565495,318695,144845,173850,105995,43645,62350,31500,12600,18900,71400,33600,37800,109800,55000,54800,222000,72000,150000,24800,
12,2,475590,288990,122175,166815,87290,31175,56115,39900,16800,23100,75600,33600,42000,86200,40600,45600,168000,48000,120000,18600,
12,3,415260,271860,109110,162750,99760,37410,62350,31500,12600,18900,63000,27300,35700,77600,31800,45800,131000,56000,75000,12400,
12,4,414160,278560,137780,140780,99760,49880,49880,27300,16800,10500,60900,31500,29400,90600,39600,51000,117000,72000,45000,18600,
12,5,478160,299560,124775,174785,99760,31175,68585,37800,14700,23100,88200,35700,52500,73800,43200,30600,160000,40000,120000,18600,
12,6,501935,269335,153945,115390,68585,43645,24940,39900,18900,21000,59850,25200,34650,101000,66200,34800,214000,64000,150000,18600,
12,7,412065,252665,119355,133310,56115,18705,37410,39900,14700,25200,61050,33750,27300,95600,52200,43400,147000,72000,75000,12400,
12,8,430925,260125,106375,153750,93525,31175,62350,27300,12600,14700,48300,16800,31500,91000,45800,45200,146000,56000,90000,24800,
12,9,439725,314125,133545,180580,106425,43645,62780,29400,14700,14700,90300,33600,56700,88000,41600,46400,107000,32000,75000,18600,
12,10,546840,313240,125825,187415,87290,31175,56115,33600,14700,18900,73950,27750,46200,118400,52200,66200,215000,80000,135000,18600,
12,11,413225,249425,118275,131150,31175,31175,0,33600,12600,21000,77850,31500,46350,106800,43000,63800,139000,64000,75000,24800,
12,12,443090,279490,105675,173815,87290,31175,56115,29400,12600,16800,63000,18900,44100,99800,43000,56800,145000,40000,105000,18600,
12,13,496485,285885,107705,178180,68585,18705,49880,35700,14700,21000,80400,27900,52500,101200,46400,54800,192000,72000,120000,18600,
12,14,528340,290540,127325,163215,87290,31175,56115,37800,16800,21000,67650,44550,23100,97800,34800,63000,213000,48000,165000,24800,
12,15,526090,325290,124445,200845,87290,43645,43645,46200,14700,31500,96600,31500,65100,95200,34600,60600,176000,56000,120000,24800,
12,16,514395,297595,135345,162250,105995,43645,62350,39900,18900,21000,48300,29400,18900,103400,43400,60000,192000,72000,120000,24800,
12,17,478615,253015,134075,118940,56115,31175,24940,23100,14700,8400,81000,36000,45000,92800,52200,40600,207000,72000,135000,18600,
12,18,539790,337990,143810,194180,87290,37410,49880,44100,27300,16800,88200,35700,52500,118400,43400,75000,177000,72000,105000,24800,
12,19,530975,283375,140160,143215,93525,37410,56115,25200,8400,16800,89250,59550,29700,75400,34800,40600,229000,64000,165000,18600,
12,20,469760,314160,128745,185415,99760,43645,56115,48300,21000,27300,81900,35700,46200,84200,28400,55800,137000,32000,105000,18600,
12,21,432395,268795,108910,159885,105995,37410,68585,27300,2100,25200,73500,37800,35700,62000,31600,30400,145000,40000,105000,18600,
12,22,446385,297785,150045,147740,68585,43645,24940,44100,25200,18900,81900,42000,39900,103200,39200,64000,130000,40000,90000,18600,
12,23,490675,288075,119290,168785,93525,24940,68585,29400,6300,23100,75750,35850,39900,89400,52200,37200,184000,64000,120000,18600,
12,24,449390,263590,112610,150980,87290,37410,49880,37800,18900,18900,52500,18900,33600,86000,37400,48600,161000,56000,105000,24800,
12,25,515360,291560,131145,160415,99760,43645,56115,25200,12600,12600,71400,31500,39900,95200,43400,51800,199000,64000,135000,24800,
12,26,514060,319460,143545,175915,99760,43645,56115,42000,16800,25200,81900,39900,42000,95800,43200,52600,176000,56000,120000,18600,
12,27,508055,297455,132840,164615,81055,24940,56115,27300,6300,21000,81900,37800,44100,107200,63800,43400,192000,72000,120000,18600,
12,28,481975,288175,130790,157385,93525,24940,68585,35700,14700,21000,92550,50550,42000,66400,40600,25800,169000,64000,105000,24800,
12,29,517495,331695,129145,202550,105995,43645,62350,48300,14700,33600,75600,33600,42000,101800,37200,64600,161000,56000,105000,24800,
12,30,507665,328065,125580,202485,118465,49880,68585,44100,21000,23100,73500,23100,50400,92000,31600,60400,161000,56000,105000,18600,
13,0,515345,306545,122325,184220,105995,31175,74820,37800,16800,21000,71550,33750,37800,91200,40600,50600,184000,64000,120000,24800,
13,1,509075,277275,124945,152330,93525,43645,49880,44100,18900,25200,70050,27600,42450,69600,34800,34800,207000,72000,135000,24800,
13,2,502280,291680,125740,165940,49880,24940,24940,29400,14700,14700,73800,33900,39900,138600,52200,86400,192000,72000,120000,18600,
13,3,453000,281400,122650,158750,55300,30000,25300,49800,23850,25950,95700,49200,46500,80600,19600,61000,153000,48000,105000,18600,
13,4,448860,270060,133610,136450,99760,37410,62350,37800,16800,21000,52500,33600,18900,80000,45800,34200,154000,64000,90000,24800,
13,5,471320,265320,114510,150810,74820,37410,37410,35700,16800,18900,63000,23100,39900,91800,37200,54600,175000,40000,135000,31000,
13,6,435295,264495,125710,138785,105995,37410,68585,37800,14700,23100,69300,33600,35700,51400,40000,11400,146000,56000,90000,24800,
13,7,448255,289855,120775,169080,81055,31175,49880,35700,14700,21000,69300,31500,37800,103800,43400,60400,146000,56000,90000,12400,
13,8,412085,263485,104340,159145,68585,24940,43645,35700,14700,21000,75600,35700,39900,83600,29000,54600,130000,40000,90000,18600,
13,9,474805,282005,127960,154045,81055,37410,43645,33600,18900,14700,92550,48450,44100,74800,23200,51600,168000,48000,120000,24800,
13,10,419405,278405,104620,173785,81055,12470,68585,37800,27300,10500,67350,35850,31500,92200,29000,63200,110000,80000,30000,31000,
13,11,476640,296040,104655,191385,87290,18705,68585,35700,14700,21000,61050,19050,42000,112000,52200,59800,162000,72000,90000,18600,
13,12,486420,239620,115025,124595,74820,31175,43645,31500,10500,21000,75300,38550,36750,58000,34800,23200,222000,72000,150000,24800,
13,13,454240,246440,121210,125230,87290,37410,49880,37800,14700,23100,46350,23100,23250,75000,46000,29000,183000,48000,135000,24800,
13,14,474835,287235,123190,164045,68585,24940,43645,25200,10500,14700,101250,52950,48300,92200,34800,57400,169000,64000,105000,18600,
13,15,445230,309830,128850,180980,112230,62350,49880,27300,6300,21000,73500,29400,44100,96800,30800,66000,123000,48000,75000,12400,
13,16,482440,279840,129425,150415,87290,31175,56115,46200,18900,27300,73950,44550,29400,72400,34800,37600,184000,64000,120000,18600,
13,17,401825,296225,122245,173980,93525,43645,49880,35700,12600,23100,79800,29400,50400,87200,36600,50600,87000,72000,15000,18600,
13,18,455230,277430,112410,165020,116530,37410,79120,31500,16800,14700,63000,29400,33600,66400,28800,37600,153000,48000,105000,24800,
13,19,522865,282265,95040,187225,118465,24940,93525,27750,19350,8400,53250,21750,31500,82800,29000,53800,222000,72000,150000,18600,
13,20,438705,243105,107125,135980,81055,31175,49880,46200,23100,23100,23250,6450,16800,92600,46400,46200,177000,72000,105000,18600,
13,21,372820,256020,99775,156245,83420,31175,52245,25200,8400,16800,71400,37800,33600,76000,22400,53600,92000,32000,60000,24800,
13,22,377950,250350,114310,136040,62350,37410,24940,39900,14700,25200,73500,33600,39900,74600,28600,46000,109000,64000,45000,18600,
13,23,502530,325730,140645,185085,116530,43645,72885,37800,23100,14700,88200,39900,48300,83200,34000,49200,152000,32000,120000,24800,
13,24,485960,322160,134545,187615,99760,43645,56115,29400,14700,14700,71400,33600,37800,121600,42600,79000,139000,64000,75000,24800,
13,25,457680,256880,118840,138040,49880,24940,24940,42000,12600,29400,95400,46500,48900,69600,34800,34800,176000,56000,120000,24800,
13,26,518000,323400,136110,187290,124700,37410,87290,35700,18900,16800,67200,33600,33600,95800,46200,49600,176000,56000,120000,18600,
13,27,413690,272890,123910,148980,87290,37410,49880,48300,18900,29400,77700,33600,44100,59600,34000,25600,116000,56000,60000,24800,
13,28,408955,269155,117240,151915,81055,24940,56115,35700,18900,16800,63000,33600,29400,89400,39800,49600,115000,40000,75000,24800,
13,29,397790,278190,123475,154715,87290,31175,56115,25200,12600,12600,81900,48300,33600,83800,31400,52400,101000,56000,45000,18600,
13,30,507670,277670,120660,157010,74820,37410,37410,33600,14700,18900,73650,33750,39900,95600,34800,60800,199000,64000,135000,31000,
14,0,421685,272885,107050,165835,57235,21000,36235,52200,26100,26100,76050,40350,35700,87400,19600,67800,124000,64000,60000,24800,
14,1,523325,314525,138210,176315,93525,37410,56115,39900,16800,23100,77700,37800,39900,103400,46200,57200,184000,64000,120000,24800,
14,2,465750,288950,105550,183400,86200,30000,56200,43350,23850,19500,72000,32100,39900,87400,19600,67800,152000,32000,120000,24800,
14,3,523325,314525,138210,176315,93525,37410,56115,39900,16800,23100,77700,37800,39900,103400,46200,57200,184000,64000,120000,24800,
14,4,523325,314525,138210,176315,93525,37410,56115,39900,16800,23100,77700,37800,39900,103400,46200,57200,184000,64000,120000,24800,
14,5,440770,246970,122610,124360,74820,37410,37410,31500,12600,18900,56850,29400,27450,83800,43200,40600,169000,64000,105000,24800,
14,6,434085,278285,122805,155480,68585,18705,49880,29400,16800,12600,94500,44100,50400,85800,43200,42600,131000,56000,75000,24800,
14,7,471995,285395,120510,164885,105995,37410,68585,35700,16800,18900,77700,31500,46200,66000,34800,31200,168000,48000,120000,18600,
14,8,487400,270600,111830,158770,62350,49880,12470,33600,14700,18900,67650,29850,37800,107000,17400,89600,192000,72000,120000,24800,
14,9,442655,270855,141575,129280,81055,31175,49880,27300,12600,14700,73500,46200,27300,89000,51600,37400,147000,72000,75000,24800,
14,10,435390,265590,128310,137280,87290,37410,49880,31500,16800,14700,58800,31500,27300,88000,42600,45400,145000,40000,105000,24800,
14,11,456390,278590,135075,143515,87290,31175,56115,37800,14700,23100,81900,46200,35700,71600,43000,28600,153000,48000,105000,24800,
14,12,437090,272490,130810,141680,87290,37410,49880,25200,10500,14700,71400,39900,31500,88600,43000,45600,146000,56000,90000,18600,
14,13,490370,258570,109590,148980,74820,24940,49880,37800,12600,25200,36150,25650,10500,109800,46400,63400,207000,72000,135000,24800,
14,14,568630,351830,146280,205550,112230,49880,62350,42000,14700,27300,100800,44100,56700,96800,37600,59200,192000,72000,120000,24800,
14,15,488960,324360,165180,159180,99760,49880,49880,44100,21000,23100,73500,35700,37800,107000,58600,48400,146000,56000,90000,18600,
14,16,495590,271790,131845,139945,87290,43645,43645,33600,12600,21000,44100,29400,14700,106800,46200,60600,199000,64000,135000,24800,
14,17,374490,233690,90310,143380,87290,37410,49880,23100,10500,12600,69300,25200,44100,54000,17200,36800,116000,56000,60000,24800,
14,18,432195,284395,129245,155150,110295,43645,66650,35700,12600,23100,63000,33600,29400,75400,39400,36000,123000,48000,75000,24800,
14,19,467860,304060,132010,172050,99760,37410,62350,29400,16800,12600,86100,46200,39900,88800,31600,57200,139000,64000,75000,24800,
14,20,406125,273525,126245,147280,106425,43645,62780,25200,8400,16800,73500,46200,27300,68400,28000,40400,114000,24000,90000,18600,
14,21,400425,264825,135245,129580,93525,43645,49880,37800,21000,16800,65100,42000,23100,68400,28600,39800,117000,72000,45000,18600,
14,22,447755,275155,123910,151245,81055,37410,43645,37800,14700,23100,84300,48600,35700,72000,23200,48800,154000,64000,90000,18600,
14,23,374185,231585,96575,135010,68585,31175,37410,23100,12600,10500,48300,12600,35700,91600,40200,51400,124000,64000,60000,18600,
14,24,440465,246865,113990,132875,56115,24940,31175,35700,16800,18900,56850,31650,25200,98200,40600,57600,175000,40000,135000,18600,
14,25,475260,296460,127140,169320,99760,24940,74820,44100,16800,27300,71400,33600,37800,81200,51800,29400,154000,64000,90000,24800,
14,26,497755,318955,125740,193215,81055,24940,56115,50400,21000,29400,69300,33600,35700,118200,46200,72000,154000,64000,90000,24800,
14,27,461560,305960,107310,198650,104060,37410,66650,35700,12600,23100,67200,31500,35700,99000,25800,73200,137000,32000,105000,18600,
14,28,518960,310360,138210,172150,99760,37410,62350,44100,16800,27300,73500,37800,35700,93000,46200,46800,190000,40000,150000,18600,
14,29,519125,302325,141645,160680,93525,43645,49880,46200,18900,27300,67200,35700,31500,95400,43400,52000,192000,72000,120000,24800,
14,30,514795,292795,130045,162750,105995,43645,62350,33600,16800,16800,75600,37800,37800,77600,31800,45800,191000,56000,135000,31000,
15,0,427395,265595,118745,146850,105995,43645,62350,31500,18900,12600,65100,33600,31500,63000,22600,40400,137000,32000,105000,24800,
15,1,494400,285600,113920,171680,62350,12470,49880,46200,16800,29400,76050,38250,37800,101000,46400,54600,184000,64000,120000,24800,
15,2,505860,296260,135080,161180,99760,49880,49880,42000,14700,27300,65100,27300,37800,89400,43200,46200,191000,56000,135000,18600,
15,3,401950,258550,102650,155900,64300,24000,40300,45600,19500,26100,72450,36750,35700,76200,22400,53800,131000,56000,75000,12400,
15,4,405650,270050,136500,133550,69900,35600,34300,37800,24750,13050,77550,38550,39000,84800,37600,47200,117000,72000,45000,18600,
15,5,520355,326555,129705,196850,81055,18705,62350,42000,16800,25200,77700,42000,35700,125800,52200,73600,169000,64000,105000,24800,
15,6,514270,273670,129810,143860,74820,37410,37410,39900,16800,23100,66150,23400,42750,92800,52200,40600,222000,72000,150000,18600,
15,7,499655,289055,139045,150010,81055,43645,37410,37800,14700,23100,54600,23100,31500,115600,57600,58000,192000,72000,120000,18600,
15,8,623110,335510,149895,185615,99760,43645,56115,42000,16800,25200,66150,43050,23100,127600,46400,81200,269000,104000,165000,18600,
15,9,496690,264890,107560,157330,87290,37410,49880,31500,12600,18900,76500,34350,42150,69600,23200,46400,207000,72000,135000,24800,
15,10,476805,288405,130225,158180,81055,31175,49880,35700,16800,18900,73650,35850,37800,98000,46400,51600,176000,56000,120000,12400,
15,11,444100,266300,130800,135500,60000,21000,39000,55200,21750,33450,93900,53250,40650,57200,34800,22400,153000,48000,105000,24800,
15,12,447920,301120,118640,182480,74820,24940,49880,37800,16800,21000,86100,39900,46200,102400,37000,65400,122000,32000,90000,24800,
15,13,474630,274630,114880,159750,112230,49880,62350,23100,6300,16800,65100,27300,37800,74200,31400,42800,169000,64000,105000,31000,
15,14,532555,299155,135960,163195,81055,37410,43645,39900,18900,21000,91200,44850,46350,87000,34800,52200,221000,56000,165000,12400,
15,15,406525,280725,129045,151680,93525,43645,49880,39900,16800,23100,73500,37800,35700,73800,30800,43000,101000,56000,45000,24800,
15,16,501505,276905,107125,169780,81055,31175,49880,29400,4200,25200,82650,42750,39900,83800,29000,54800,206000,56000,150000,18600,
15,17,465570,286970,123325,163645,74820,31175,43645,42000,18900,23100,100950,44250,56700,69200,29000,40200,160000,40000,120000,18600,
15,18,448255,263455,141980,121475,81055,49880,31175,39900,16800,23100,48300,27300,21000,94200,48000,46200,160000,40000,120000,24800,
15,19,466100,263500,126460,137040,62350,37410,24940,27300,12600,14700,69450,35850,33600,104400,40600,63800,184000,64000,120000,18600,
15,20,504895,309295,149345,159950,105995,43645,62350,29400,21000,8400,81900,35700,46200,92000,49000,43000,177000,72000,105000,18600,
15,21,382020,226220,115275,110945,74820,31175,43645,33600,10500,23100,46200,33600,12600,71600,40000,31600,131000,56000,75000,24800,
15,22,519170,279570,103725,175845,74820,31175,43645,42000,18900,23100,61950,30450,31500,100800,23200,77600,221000,56000,165000,18600,
15,23,440185,269385,105070,164315,68585,12470,56115,35700,10500,25200,69300,27300,42000,95800,54800,41000,146000,56000,90000,24800,
15,24,393860,245260,110980,134280,99760,49880,49880,31500,16800,14700,54600,18900,35700,59400,25400,34000,130000,40000,90000,18600,
15,25,468260,283460,124575,158885,99760,31175,68585,35700,14700,21000,67200,35700,31500,80800,43000,37800,160000,40000,120000,24800,
15,26,520355,303555,126340,177215,81055,24940,56115,39900,12600,27300,58800,25200,33600,123800,63600,60200,192000,72000,120000,24800,
15,27,488660,300260,150310,149950,99760,37410,62350,33600,12600,21000,69300,39900,29400,97600,60400,37200,176000,56000,120000,12400,
15,28,510450,278650,137110,141540,62350,37410,24940,37800,21000,16800,74100,38100,36000,104400,40600,63800,207000,72000,135000,24800,
15,29,505335,289535,141710,147825,68585,37410,31175,35700,14700,21000,101250,46200,55050,84000,43400,40600,191000,56000,135000,24800,
15,30,554675,292875,145160,147715,93525,37410,56115,31500,16800,14700,63450,44550,18900,104400,46400,58000,237000,72000,165000,24800,
16,0,564635,316835,137900,178935,60235,24000,36235,62850,23850,39000,99150,47850,51300,94600,42200,52400,223000,88000,135000,24800,
16,1,421685,250085,108600,141485,66235,27000,39235,25800,8550,17250,76050,30450,45600,82000,42600,39400,153000,48000,105000,18600,
16,2,502620,277020,106185,170835,58770,27235,31535,60750,17400,43350,57900,15150,42750,99600,46400,53200,207000,72000,135000,18600,
16,3,454270,321470,140000,181470,66070,28300,37770,51450,26250,25200,84150,40050,44100,119800,45400,74400,108000,48000,60000,24800,
16,4,477885,306285,150100,156185,66235,24000,42235,44250,29100,15150,102000,55200,46800,93800,41800,52000,153000,48000,105000,18600,
16,5,407000,220400,120400,100000,57000,36000,21000,36900,13050,23850,84300,51750,32550,42200,19600,22600,168000,48000,120000,18600,
16,6,443150,240550,132300,108250,36000,21000,15000,32550,15150,17400,110400,62550,47850,61600,33600,28000,184000,64000,120000,18600,
16,7,560700,336100,134550,201550,68600,21000,47600,44100,21750,22350,108600,58200,50400,114800,33600,81200,206000,56000,150000,18600,
16,8,426250,254650,134400,120250,69000,27000,42000,41250,26100,15150,70800,44700,26100,73600,36600,37000,153000,48000,105000,18600,
16,9,451600,257800,114200,143600,64300,27000,37300,32550,15150,17400,78150,41250,36900,82800,30800,52000,169000,64000,105000,24800,
16,10,509400,290800,112150,178650,67300,27000,40300,50850,21750,29100,90450,34800,55650,82200,28600,53600,200000,80000,120000,18600,
16,11,478550,270750,124200,146550,75000,30000,45000,36900,23850,13050,92850,45150,47700,66000,25200,40800,183000,48000,135000,24800,
16,12,366220,234420,82800,151620,60470,21000,39470,30000,19500,10500,57150,25500,31650,86800,16800,70000,107000,32000,75000,24800,
16,13,498600,304800,112800,192000,75000,27000,48000,39150,21750,17400,72450,38850,33600,118200,25200,93000,169000,64000,105000,24800,
16,14,546900,330100,126500,203600,61300,18000,43300,47100,30450,16650,99900,47250,52650,121800,30800,91000,192000,72000,120000,24800,
16,15,427570,256970,84400,172570,54470,15000,39470,34200,17400,16800,93300,40800,52500,75000,11200,63800,152000,32000,120000,18600,
16,16,389100,255500,105750,149750,90500,24000,66500,53850,21600,32250,52950,31950,21000,58200,28200,30000,115000,40000,75000,18600,
16,17,480800,271000,140900,130100,82300,37300,45000,45600,17400,28200,95100,58200,36900,48000,28000,20000,185000,80000,105000,24800,
16,18,416050,267450,102650,164800,68200,21000,47200,38550,15150,23400,63900,34500,29400,96800,32000,64800,130000,40000,90000,18600,
16,19,421950,275150,109100,166050,68600,24000,44600,45000,15150,29850,72750,36150,36600,88800,33800,55000,122000,32000,90000,24800,
16,20,461000,251200,125300,125900,36000,21000,15000,60750,23850,36900,76050,41250,34800,78400,39200,39200,185000,80000,105000,24800,
16,21,535335,318535,138200,180335,78735,36000,42735,60750,23850,36900,94050,55950,38100,85000,22400,62600,192000,72000,120000,24800,
16,22,515000,312400,144200,168200,69000,30000,39000,50700,21600,29100,98700,55800,42900,94000,36800,57200,184000,64000,120000,18600,
16,23,432585,283785,114535,169250,45235,27235,18000,49950,19500,30450,63600,25800,37800,125000,42000,83000,124000,64000,60000,24800,
16,24,511750,324150,131350,192800,56200,30000,26200,38400,17400,21000,97950,47550,50400,131600,36400,95200,169000,64000,105000,18600,
16,25,500600,269600,124400,145200,63000,18000,45000,36900,21750,15150,75900,45450,30450,93800,39200,54600,200000,80000,120000,31000,
16,26,417600,254800,113750,141050,48000,27000,21000,34650,17400,17250,83550,38550,45000,88600,30800,57800,138000,48000,90000,24800,
16,27,501550,293750,142550,151200,45000,12000,33000,35550,20400,15150,118800,62550,56250,94400,47600,46800,183000,48000,135000,24800,
16,28,475120,290320,134085,156235,60470,27235,33235,49950,23850,26100,93300,51000,42300,86600,32000,54600,160000,40000,120000,24800,
16,29,468750,281150,146550,134600,50600,29600,21000,46350,33300,13050,79800,47250,32550,104400,36400,68000,169000,64000,105000,18600,
16,30,484000,258400,119600,138800,42000,15000,27000,52200,26100,26100,91200,47700,43500,73000,30800,42200,207000,72000,135000,18600,
17,0,528620,326020,143200,182820,75470,27000,48470,49950,26100,23850,106200,62100,44100,94400,28000,66400,184000,64000,120000,18600,
17,1,554050,290450,130350,160100,36000,12000,24000,41250,26100,15150,126000,58650,67350,87200,33600,53600,245000,80000,165000,18600,
17,2,455350,265950,124250,141700,45000,24000,21000,41100,19500,21600,95250,58350,36900,84600,22400,62200,177000,72000,105000,12400,
17,3,386320,273720,106600,167120,66470,27000,39470,36300,13050,23250,80550,38550,42000,90400,28000,62400,94000,64000,30000,18600,
17,4,410250,259850,123650,136200,57000,24000,33000,56400,23850,32550,95850,45000,50850,50600,30800,19800,138000,48000,90000,12400,
17,5,549435,296635,147085,149550,57235,36235,21000,41100,8550,32550,108300,54300,54000,90000,48000,42000,228000,48000,180000,24800,
17,6,451850,257050,108550,148500,43300,24000,19300,46500,17400,29100,88650,39150,49500,78600,28000,50600,170000,80000,90000,24800,
17,7,379785,277985,107285,170700,66235,24235,42000,37200,14700,22500,85350,48750,36600,89200,19600,69600,77000,32000,45000,24800,
17,8,540400,324600,135000,189600,72900,21000,51900,51600,30300,21300,87300,38700,48600,112800,45000,67800,191000,56000,135000,24800,
17,9,486200,277400,119750,157650,65200,24000,41200,28050,21750,6300,116550,51600,64950,67600,22400,45200,184000,64000,120000,24800,
17,10,496000,271200,115850,155350,58300,24000,34300,47850,21750,26100,80250,47700,32550,84800,22400,62400,200000,80000,120000,24800,
17,11,410150,270350,102350,168000,69500,18000,51500,43050,23850,19200,86400,29700,56700,71400,30800,40600,115000,40000,75000,24800,
17,12,531300,292500,156350,136150,57000,27000,30000,49950,19500,30450,129150,73050,56100,56400,36800,19600,214000,64000,150000,24800,
17,13,449135,270535,109250,161285,54235,18000,36235,53850,19500,34350,68250,40950,27300,94200,30800,63400,160000,40000,120000,18600,
17,14,413250,256650,109000,147650,75500,27000,48500,39150,13050,26100,68400,49350,19050,73600,19600,54000,138000,48000,90000,18600,
17,15,489550,308150,127100,181050,63000,27000,36000,49950,15150,34800,115200,54150,61050,80000,30800,49200,169000,64000,105000,12400,
17,16,460150,257550,110400,147150,67300,27000,40300,46500,21750,24750,67350,30450,36900,76400,31200,45200,184000,64000,120000,18600,
17,17,460300,251500,90450,161050,53600,21000,32600,72450,32550,39900,59850,2100,57750,65600,34800,30800,184000,64000,120000,24800,
17,18,561655,290055,138405,151650,51705,21705,30000,39000,19500,19500,108750,52200,56550,90600,45000,45600,253000,88000,165000,18600,
17,19,428320,270720,113650,157070,60470,21000,39470,41100,19500,21600,85950,45150,40800,83200,28000,55200,139000,64000,75000,18600,
17,20,429635,266835,119900,146935,52535,24000,28535,56100,30150,25950,63600,31950,31650,94600,33800,60800,138000,48000,90000,24800,
17,21,438985,266385,110300,156085,60235,21000,39235,25950,15150,10800,111600,60150,51450,68600,14000,54600,154000,64000,90000,18600,
17,22,425400,238600,113100,125500,45000,21000,24000,49950,26100,23850,90450,32400,58050,53200,33600,19600,162000,72000,90000,24800,
17,23,514550,318950,143300,175650,49300,24000,25300,54150,23700,30450,96300,54000,42300,119200,41600,77600,177000,72000,105000,18600,
17,24,393370,304970,112200,192770,78970,22300,56670,47250,18150,29100,71550,29550,42000,107200,42200,65000,76000,16000,60000,12400,
17,25,497200,271600,117500,154100,48000,15000,33000,30000,25800,4200,108600,54300,54300,85000,22400,62600,207000,72000,135000,18600,
17,26,428685,264885,102850,162035,46535,18000,28535,58500,28200,30300,74250,25650,48600,85600,31000,54600,139000,64000,75000,24800,
17,27,480900,295100,115350,179750,72900,36000,36900,40800,14850,25950,100200,47700,52500,81200,16800,64400,161000,56000,105000,24800,
17,28,492600,261000,122450,138550,63000,27000,36000,60750,28200,32550,77850,30450,47400,59400,36800,22600,213000,48000,165000,18600,
17,29,401735,245135,105200,139935,57235,33000,24235,47700,17400,30300,75000,40800,34200,65200,14000,51200,138000,48000,90000,18600,
17,30,333135,237535,98335,139200,48235,24235,24000,37950,14850,23100,61350,34050,27300,90000,25200,64800,77000,32000,45000,18600,
18,0,516100,323300,125600,197700,59200,21000,38200,59700,30300,29400,80400,40500,39900,124000,33800,90200,168000,48000,120000,24800,
18,1,421685,250085,108600,141485,66235,27000,39235,25800,8550,17250,76050,30450,45600,82000,42600,39400,153000,48000,105000,18600,
18,2,499200,311600,127350,184250,70300,33000,37300,59400,23850,35550,95700,45300,50400,86200,25200,61000,169000,64000,105000,18600,
18,3,453000,281400,122650,158750,55300,30000,25300,49800,23850,25950,95700,49200,46500,80600,19600,61000,153000,48000,105000,18600,
18,4,404190,279390,126910,152480,91590,41710,49880,37800,18900,18900,67200,31500,35700,82800,34800,48000,100000,40000,60000,24800,
18,5,485775,283175,128125,155050,93525,31175,62350,46200,18900,27300,56850,31650,25200,86600,46400,40200,184000,64000,120000,18600,
18,6,351800,212000,102750,109250,57000,24000,33000,43500,21750,21750,55500,23400,32100,56000,33600,22400,115000,40000,75000,24800,
18,7,458625,304625,137545,167080,93525,43645,49880,37800,21000,16800,86100,35700,50400,87200,37200,50000,123000,48000,75000,31000,
18,8,565345,308745,158280,150465,105995,49880,56115,31500,14700,16800,95850,53100,42750,75400,40600,34800,238000,88000,150000,18600,
18,9,428490,254890,107475,147415,87290,31175,56115,31500,12600,18900,61500,40500,21000,74600,23200,51400,155000,80000,75000,18600,
18,10,421055,267255,99040,168215,89655,24940,64715,33600,21000,12600,71400,27300,44100,72600,25800,46800,129000,24000,105000,24800,
18,11,419360,270560,101010,169550,99760,37410,62350,42000,21000,21000,58800,16800,42000,70000,25800,44200,124000,64000,60000,24800,
18,12,482495,294895,135845,159050,105995,43645,62350,23100,6300,16800,71400,39900,31500,94400,46000,48400,169000,64000,105000,18600,
18,13,448785,278985,134345,144640,68585,43645,24940,37800,21000,16800,67200,35700,31500,105400,34000,71400,145000,40000,105000,24800,
18,14,482955,297155,117775,179380,81055,31175,49880,37800,16800,21000,60900,29400,31500,117400,40400,77000,161000,56000,105000,24800,
18,15,452815,268015,115305,152710,56115,18705,37410,33600,16800,16800,69300,33600,35700,109000,46200,62800,160000,40000,120000,24800,
18,16,470590,274990,110310,164680,87290,37410,49880,33600,14700,18900,59100,23400,35700,95000,34800,60200,177000,72000,105000,18600,
18,17,521810,314010,124490,189520,99760,24940,74820,29400,14700,14700,69450,44250,25200,115400,40600,74800,183000,48000,135000,24800,
18,18,440385,276585,127110,149475,68585,37410,31175,35700,16800,18900,77700,27300,50400,94600,45600,49000,139000,64000,75000,24800,
18,19,493820,270020,122110,147910,74820,37410,37410,35700,14700,21000,78300,46800,31500,81200,23200,58000,199000,64000,135000,24800,
18,20,509970,285170,126825,158345,74820,31175,43645,29400,12600,16800,82350,42450,39900,98600,40600,58000,200000,80000,120000,24800,
18,21,490025,294425,152845,141580,93525,43645,49880,29400,16800,12600,65100,37800,27300,106400,54600,51800,177000,72000,105000,18600,
18,22,400620,232620,112775,119845,74820,31175,43645,29400,18900,10500,54600,23100,31500,73800,39600,34200,137000,32000,105000,31000,
18,23,458675,294075,110725,183350,93525,31175,62350,25200,8400,16800,79950,42150,37800,95400,29000,66400,146000,56000,90000,18600,
18,24,466625,307225,115010,192215,93525,37410,56115,39900,18900,21000,78000,29700,48300,95800,29000,66800,147000,72000,75000,12400,
18,25,435390,264590,110310,154280,87290,37410,49880,33600,12600,21000,69300,23100,46200,74400,37200,37200,146000,56000,90000,24800,
18,26,489840,274040,144245,129795,87290,43645,43645,25200,12600,12600,86550,42000,44550,75000,46000,29000,191000,56000,135000,24800,
18,27,408390,259790,120345,139445,87290,43645,43645,27300,10500,16800,54600,29400,25200,90600,36800,53800,130000,40000,90000,18600,
18,28,454770,246970,107690,139280,74820,24940,49880,23100,10500,12600,48450,31650,16800,100600,40600,60000,183000,48000,135000,24800,
18,29,404360,255760,112645,143115,99760,43645,56115,23100,12600,10500,65100,25200,39900,67800,31200,36600,130000,40000,90000,18600,
18,30,562370,304770,127790,176980,74820,24940,49880,44100,18900,25200,81450,43350,38100,104400,40600,63800,239000,104000,135000,18600,
19,0,478905,271105,116500,154605,48705,9000,39705,36750,15150,21600,95850,47550,48300,89800,44800,45000,183000,48000,135000,24800,
19,1,441000,271200,105050,166150,73300,33000,40300,42750,19500,23250,58350,21750,36600,96800,30800,66000,145000,40000,105000,24800,
19,2,528485,288885,138185,150700,63235,30235,33000,33300,21600,11700,102150,49950,52200,90200,36400,53800,221000,56000,165000,18600,
19,3,569275,299475,150960,148515,93525,37410,56115,33600,16800,16800,67950,44550,23400,104400,52200,52200,245000,80000,165000,24800,
19,4,512560,295760,133945,161815,99760,43645,56115,29400,12600,16800,63000,31500,31500,103600,46200,57400,192000,72000,120000,24800,
19,5,407770,243970,98260,145710,74820,37410,37410,27300,16800,10500,76050,38250,37800,65800,5800,60000,139000,64000,75000,24800,
19,6,413485,247885,111600,136285,57235,30000,27235,54150,17250,36900,69300,39150,30150,67200,25200,42000,147000,72000,75000,18600,
19,7,571805,336405,156760,179645,81055,37410,43645,46200,18900,27300,93150,42450,50700,116000,58000,58000,223000,88000,135000,12400,
19,8,558660,296860,144075,152785,99760,31175,68585,29400,14700,14700,54900,40200,14700,112800,58000,54800,237000,72000,165000,24800,
19,9,537060,306260,136480,169780,99760,49880,49880,33600,14700,18900,69300,31500,37800,103600,40400,63200,206000,56000,150000,24800,
19,10,461325,266725,108640,158085,93525,24940,68585,37800,16800,21000,37800,14700,23100,97600,52200,45400,176000,56000,120000,18600,
19,11,492135,283335,124860,158475,68585,37410,31175,44100,18900,25200,69450,33750,35700,101200,34800,66400,184000,64000,120000,24800,
19,12,533750,316150,142250,173900,77200,34300,42900,63750,21600,42150,73200,49950,23250,102000,36400,65600,199000,64000,135000,18600,
19,13,463950,283550,104450,179100,68600,15000,53600,43950,15150,28800,82200,43500,38700,88800,30800,58000,168000,48000,120000,12400,
19,14,463870,255070,105800,149270,69470,24000,45470,63750,25950,37800,62850,30450,32400,59000,25400,33600,184000,64000,120000,24800,
19,15,473350,255750,117350,138400,57000,33000,24000,45600,19500,26100,82350,30450,51900,70800,34400,36400,199000,64000,135000,18600,
19,16,437100,255700,121600,134100,72000,27000,45000,26100,4350,21750,69600,47850,21750,88000,42400,45600,169000,64000,105000,12400,
19,17,403500,232700,100200,132500,52300,21000,31300,43500,21750,21750,75300,32250,43050,61600,25200,36400,146000,56000,90000,24800,
19,18,509205,294405,127700,166705,69705,30000,39705,49950,19500,30450,98550,47400,51150,76200,30800,45400,190000,40000,150000,24800,
19,19,461185,291385,124000,167385,85135,25300,59835,43200,21750,21450,67650,31950,35700,95400,45000,50400,145000,40000,105000,24800,
19,20,511500,302700,134850,167850,73300,30000,43300,58650,23850,34800,91950,55800,36150,78800,25200,53600,184000,64000,120000,24800,
19,21,499940,297340,127800,169540,63940,27000,36940,52050,30450,21600,106950,45150,61800,74400,25200,49200,184000,64000,120000,18600,
19,22,435785,262985,114000,148985,60235,24000,36235,50850,21750,29100,90300,34650,55650,61600,33600,28000,148000,88000,60000,24800,
19,23,438385,272985,130700,142285,63235,33000,30235,54300,23850,30450,98250,51450,46800,57200,22400,34800,153000,48000,105000,12400,
19,24,529635,359035,167400,191635,87335,35200,52135,37800,21000,16800,93300,50400,42900,140600,60800,79800,152000,32000,120000,18600,
19,25,447500,289900,116650,173250,80200,24000,56200,50850,19500,31350,58650,36750,21900,100200,36400,63800,139000,64000,75000,18600,
19,26,528800,289800,106900,182900,42000,21000,21000,30450,17400,13050,90150,19500,70650,127200,49000,78200,208000,88000,120000,31000,
19,27,494550,309750,135850,173900,61300,24000,37300,48450,21750,26700,108000,51300,56700,92000,38800,53200,160000,40000,120000,24800,
19,28,565085,331485,149335,182150,73135,27235,45900,62850,17250,45600,126900,62850,64050,68600,42000,26600,215000,80000,135000,18600,
19,29,474600,272000,123800,148200,39000,30000,9000,53850,21750,32100,86550,41250,45300,92600,30800,61800,184000,64000,120000,18600,
19,30,534650,314250,133450,180800,58300,18000,40300,45450,19500,25950,105900,56550,49350,104600,39400,65200,208000,88000,120000,12400,
20,0,537135,321135,159735,161400,67135,27235,39900,49800,30300,19500,105000,51000,54000,99200,51200,48000,185000,80000,105000,31000,
20,1,441000,271200,105050,166150,73300,33000,40300,42750,19500,23250,58350,21750,36600,96800,30800,66000,145000,40000,105000,24800,
20,2,528485,288885,138185,150700,63235,30235,33000,33300,21600,11700,102150,49950,52200,90200,36400,53800,221000,56000,165000,18600,
20,3,409450,229850,96100,133750,63000,18000,45000,67350,23850,43500,68700,43050,25650,30800,11200,19600,161000,56000,105000,18600,
20,4,461320,281720,131300,150420,63470,21000,42470,56400,30450,25950,85650,49050,36600,76200,30800,45400,161000,56000,105000,18600,
20,5,440785,284185,150150,134035,55535,34300,21235,48600,16050,32550,91050,44400,46650,89000,55400,33600,138000,48000,90000,18600,
20,6,394095,222495,95590,126905,43645,24940,18705,33600,10500,23100,52650,25350,27300,92600,34800,57800,153000,48000,105000,18600,
20,7,499655,289055,139045,150010,81055,43645,37410,37800,14700,23100,54600,23100,31500,115600,57600,58000,192000,72000,120000,18600,
20,8,447935,261335,123700,137635,27235,12000,15235,49950,26100,23850,85950,40800,45150,98200,44800,53400,168000,48000,120000,18600,
20,9,510350,284750,129800,154950,79300,21000,58300,37800,17400,20400,108450,60600,47850,59200,30800,28400,207000,72000,135000,18600,
20,10,473800,333000,139500,193500,62200,24000,38200,47100,26100,21000,96900,48600,48300,126800,40800,86000,116000,56000,60000,24800,
20,11,516200,299400,153900,145500,60000,27000,33000,68100,34650,33450,102900,57450,45450,68400,34800,33600,192000,72000,120000,24800,
20,12,528655,296855,127250,169605,69705,27000,42705,67350,23850,43500,88200,54000,34200,71600,22400,49200,207000,72000,135000,24800,
20,13,474630,274630,114880,159750,112230,49880,62350,23100,6300,16800,65100,27300,37800,74200,31400,42800,169000,64000,105000,31000,
20,14,532555,299155,135960,163195,81055,37410,43645,39900,18900,21000,91200,44850,46350,87000,34800,52200,221000,56000,165000,12400,
20,15,406525,280725,129045,151680,93525,43645,49880,39900,16800,23100,73500,37800,35700,73800,30800,43000,101000,56000,45000,24800,
20,16,393860,245260,110980,134280,99760,49880,49880,31500,16800,14700,54600,18900,35700,59400,25400,34000,130000,40000,90000,18600,
20,17,465570,286970,123325,163645,74820,31175,43645,42000,18900,23100,100950,44250,56700,69200,29000,40200,160000,40000,120000,18600,
20,18,448255,263455,141980,121475,81055,49880,31175,39900,16800,23100,48300,27300,21000,94200,48000,46200,160000,40000,120000,24800,
20,19,466100,263500,126460,137040,62350,37410,24940,27300,12600,14700,69450,35850,33600,104400,40600,63800,184000,64000,120000,18600,
20,20,504895,309295,149345,159950,105995,43645,62350,29400,21000,8400,81900,35700,46200,92000,49000,43000,177000,72000,105000,18600,
20,21,382020,226220,115275,110945,74820,31175,43645,33600,10500,23100,46200,33600,12600,71600,40000,31600,131000,56000,75000,24800,
20,22,519170,279570,103725,175845,74820,31175,43645,42000,18900,23100,61950,30450,31500,100800,23200,77600,221000,56000,165000,18600,
20,23,440185,269385,105070,164315,68585,12470,56115,35700,10500,25200,69300,27300,42000,95800,54800,41000,146000,56000,90000,24800,
20,24,501505,276905,107125,169780,81055,31175,49880,29400,4200,25200,82650,42750,39900,83800,29000,54800,206000,56000,150000,18600,
20,25,468260,283460,124575,158885,99760,31175,68585,35700,14700,21000,67200,35700,31500,80800,43000,37800,160000,40000,120000,24800,
20,26,520355,303555,126340,177215,81055,24940,56115,39900,12600,27300,58800,25200,33600,123800,63600,60200,192000,72000,120000,24800,
20,27,488660,300260,150310,149950,99760,37410,62350,33600,12600,21000,69300,39900,29400,97600,60400,37200,176000,56000,120000,12400,
20,28,510450,278650,137110,141540,62350,37410,24940,37800,21000,16800,74100,38100,36000,104400,40600,63800,207000,72000,135000,24800,
20,29,505335,289535,141710,147825,68585,37410,31175,35700,14700,21000,101250,46200,55050,84000,43400,40600,191000,56000,135000,24800,
20,30,554675,292875,145160,147715,93525,37410,56115,31500,16800,14700,63450,44550,18900,104400,46400,58000,237000,72000,165000,24800,
21,0,431725,297125,114575,182550,93525,31175,62350,31500,14700,16800,77700,31500,46200,94400,37200,57200,116000,56000,60000,18600,
21,1,450550,255950,127250,128700,51000,21000,30000,71700,28200,43500,77250,47250,30000,56000,30800,25200,176000,56000,120000,18600,
21,2,499200,311600,127350,184250,70300,33000,37300,59400,23850,35550,95700,45300,50400,86200,25200,61000,169000,64000,105000,18600,
21,3,453000,281400,122650,158750,55300,30000,25300,49800,23850,25950,95700,49200,46500,80600,19600,61000,153000,48000,105000,18600,
21,4,400650,238850,109750,129100,58300,21000,37300,52350,16950,35400,62400,40800,21600,65800,31000,34800,137000,32000,105000,24800,
21,5,448785,276185,120500,155685,45235,27000,18235,47700,23850,23850,90450,30450,60000,92800,39200,53600,154000,64000,90000,18600,
21,6,351800,212000,102750,109250,57000,24000,33000,43500,21750,21750,55500,23400,32100,56000,33600,22400,115000,40000,75000,24800,
21,7,458625,304625,137545,167080,93525,43645,49880,37800,21000,16800,86100,35700,50400,87200,37200,50000,123000,48000,75000,31000,
21,8,565345,308745,158280,150465,105995,49880,56115,31500,14700,16800,95850,53100,42750,75400,40600,34800,238000,88000,150000,18600,
21,9,428490,254890,107475,147415,87290,31175,56115,31500,12600,18900,61500,40500,21000,74600,23200,51400,155000,80000,75000,18600,
21,10,421055,267255,99040,168215,89655,24940,64715,33600,21000,12600,71400,27300,44100,72600,25800,46800,129000,24000,105000,24800,
21,11,419360,270560,101010,169550,99760,37410,62350,42000,21000,21000,58800,16800,42000,70000,25800,44200,124000,64000,60000,24800,
21,12,482495,294895,135845,159050,105995,43645,62350,23100,6300,16800,71400,39900,31500,94400,46000,48400,169000,64000,105000,18600,
21,13,448785,278985,134345,144640,68585,43645,24940,37800,21000,16800,67200,35700,31500,105400,34000,71400,145000,40000,105000,24800,
21,14,482955,297155,117775,179380,81055,31175,49880,37800,16800,21000,60900,29400,31500,117400,40400,77000,161000,56000,105000,24800,
21,15,435250,257450,106300,151150,43300,18000,25300,49650,21450,28200,96300,47250,49050,68200,19600,48600,153000,48000,105000,24800,
21,16,535685,311085,126050,185035,75235,30000,45235,52050,26100,25950,89400,39150,50250,94400,30800,63600,206000,56000,150000,18600,
21,17,449650,232050,98750,133300,30000,9000,21000,58650,23850,34800,93000,51900,41100,50400,14000,36400,199000,64000,135000,18600,
21,18,398450,266650,106200,160450,63500,28300,35200,55350,21600,33750,69600,25500,44100,78200,30800,47400,107000,32000,75000,24800,
21,19,487255,299655,125350,174305,66705,24000,42705,49800,23850,25950,97950,41100,56850,85200,36400,48800,169000,64000,105000,18600,
21,20,413400,243600,93550,150050,47600,18000,29600,52200,21750,30450,81000,25800,55200,62800,28000,34800,145000,40000,105000,24800,
21,21,527535,303735,133385,170350,70135,36235,33900,47400,21300,26100,108000,47850,60150,78200,28000,50200,199000,64000,135000,24800,
21,22,497150,295350,121150,174200,68200,24000,44200,57300,26100,31200,96450,43050,53400,73400,28000,45400,177000,72000,105000,24800,
21,23,494050,285450,121850,163600,58300,24000,34300,54300,15150,39150,96450,51900,44550,76400,30800,45600,190000,40000,150000,18600,
21,24,520500,333700,149200,184500,64300,18000,46300,43950,23850,20100,99450,57750,41700,126000,49600,76400,162000,72000,90000,24800,
21,25,485200,291400,96900,194500,71200,9000,62200,48300,28200,20100,78900,34500,44400,93000,25200,67800,169000,64000,105000,24800,
21,26,398900,235100,110000,125100,54000,21000,33000,43500,13050,30450,81600,45150,36450,56000,30800,25200,139000,64000,75000,24800,
21,27,555970,309170,112700,196470,85770,24000,61770,35100,8700,26400,68700,45600,23100,119600,34400,85200,222000,72000,150000,24800,
21,28,454900,277100,123750,153350,63000,30000,33000,18000,6300,11700,102900,49650,53250,93200,37800,55400,153000,48000,105000,24800,
21,29,459250,266450,112850,153600,59600,30000,29600,61650,23850,37800,75000,28200,46800,70200,30800,39400,168000,48000,120000,24800,
21,30,486800,271000,133750,137250,60000,24000,36000,45600,23850,21750,77400,57900,19500,88000,28000,60000,191000,56000,135000,24800,
22,0,468750,274150,128400,145750,69000,27000,42000,38850,25950,12900,95100,47250,47850,71200,28200,43000,176000,56000,120000,18600,
22,1,490835,259035,113300,145735,63235,27000,36235,60750,26100,34650,84450,34800,49650,50600,25400,25200,207000,72000,135000,24800,
22,2,481920,271320,113850,157470,33470,15000,18470,42150,21750,20400,97500,43500,54000,98200,33600,64600,192000,72000,120000,18600,
22,3,429535,287935,141150,146785,63235,30000,33235,41100,19500,21600,95400,53250,42150,88200,38400,49800,123000,48000,75000,18600,
22,4,439435,260635,132350,128285,73535,28300,45235,52950,24750,28200,66750,42900,23850,67400,36400,31000,154000,64000,90000,24800,
22,5,460250,254250,108800,145450,51000,24000,27000,49800,23850,25950,77250,30150,47100,76200,30800,45400,175000,40000,135000,31000,
22,6,417400,246600,117200,129400,69000,24000,45000,52050,21750,30300,83550,40650,42900,42000,30800,11200,146000,56000,90000,24800,
22,7,439950,281550,114550,167000,59200,21000,38200,49800,21600,28200,78750,40950,37800,93800,31000,62800,146000,56000,90000,12400,
22,8,403650,255050,101950,153100,50600,18000,32600,49950,21750,28200,82500,42600,39900,72000,19600,52400,130000,40000,90000,18600,
22,9,460850,268050,123150,144900,55300,27000,28300,43350,26100,17250,109200,53250,55950,60200,16800,43400,168000,48000,120000,24800,
22,10,408870,267870,101200,166670,57470,9000,48470,42450,31950,10500,73950,40650,33300,94000,19600,74400,110000,80000,30000,31000,
22,11,463200,282600,97400,185200,62200,12000,50200,42900,19500,23400,68100,26100,42000,109400,39800,69600,162000,72000,90000,18600,
22,12,478800,232000,112400,119600,51000,21000,30000,45600,15150,30450,87000,47850,39150,48400,28400,20000,222000,72000,150000,24800,
22,13,446000,238200,114700,123500,60000,24000,36000,56550,21750,34800,62850,32550,30300,58800,36400,22400,183000,48000,135000,24800,
22,14,472650,285050,120750,164300,50600,18000,32600,36900,15150,21750,120150,62400,57750,77400,25200,52200,169000,64000,105000,18600,
22,15,432585,297185,121250,175935,74835,39000,35835,28200,7200,21000,85350,41250,44100,108800,33800,75000,123000,48000,75000,12400,
22,16,464200,261600,121800,139800,57000,21000,36000,65100,26100,39000,86100,49500,36600,53400,25200,28200,184000,64000,120000,18600,
22,17,395650,290050,120500,169550,67300,30000,37300,42900,17250,25650,86850,36450,50400,93000,36800,56200,87000,72000,15000,18600,
22,18,453350,275550,109700,165850,84900,27000,57900,45600,23850,21750,73650,36450,37200,71400,22400,49000,153000,48000,105000,24800,
22,19,518690,278090,91205,186885,89240,21705,67535,32550,21750,10800,63900,21750,42150,92400,26000,66400,222000,72000,150000,18600,
22,20,420700,225100,96650,128450,51000,18000,33000,65100,32550,32550,34800,8700,26100,74200,37400,36800,177000,72000,105000,18600,
22,21,368850,252050,96650,155400,58300,21000,37300,32550,13050,19500,73800,40200,33600,87400,22400,65000,92000,32000,60000,24800,
22,22,361950,234350,106550,127800,39000,24000,15000,54000,17100,36900,85350,43050,42300,56000,22400,33600,109000,64000,45000,18600,
22,23,492300,315500,137750,177750,85800,31300,54500,47250,32550,14700,90450,39900,50550,92000,34000,58000,152000,32000,120000,24800,
22,24,476770,312970,131300,181670,70770,31300,39470,37350,21750,15600,78450,40650,37800,126400,37600,88800,139000,64000,75000,24800,
22,25,449300,248500,115700,132800,36000,18000,18000,63000,19500,43500,104700,55800,48900,44800,22400,22400,176000,56000,120000,24800,
22,26,513085,318485,129835,188650,92435,27235,65200,49200,25950,23250,76650,43050,33600,100200,33600,66600,176000,56000,120000,18600,
22,27,403450,262650,117800,144850,57000,24000,33000,64500,22350,42150,84750,40650,44100,56400,30800,25600,116000,56000,60000,24800,
22,28,396050,256250,112950,143300,52300,15000,37300,47400,23550,23850,70350,40800,29550,86200,33600,52600,115000,40000,75000,24800,
22,29,388850,269250,116700,152550,61300,21000,40300,31800,12750,19050,91350,57750,33600,84800,25200,59600,101000,56000,45000,18600,
22,30,498750,268750,117150,151600,55300,27000,28300,47700,21750,25950,97350,43200,54150,68400,25200,43200,199000,64000,135000,31000,
23,0,441635,247835,108135,139700,54235,18235,36000,49650,23700,25950,81750,40800,40950,62200,25400,36800,169000,64000,105000,24800,
23,1,494400,285600,113920,171680,62350,12470,49880,46200,16800,29400,76050,38250,37800,101000,46400,54600,184000,64000,120000,24800,
23,2,523325,314525,138210,176315,93525,37410,56115,39900,16800,23100,77700,37800,39900,103400,46200,57200,184000,64000,120000,24800,
23,3,444025,283025,95710,187315,93525,37410,56115,23100,6300,16800,67200,29400,37800,99200,22600,76600,130000,40000,90000,31000,
23,4,482925,281325,114575,166750,93525,31175,62350,27300,10500,16800,80100,38100,42000,80400,34800,45600,183000,48000,135000,18600,
23,5,520355,326555,129705,196850,81055,18705,62350,42000,16800,25200,77700,42000,35700,125800,52200,73600,169000,64000,105000,24800,
23,6,514270,273670,129810,143860,74820,37410,37410,39900,16800,23100,66150,23400,42750,92800,52200,40600,222000,72000,150000,18600,
23,7,499655,289055,139045,150010,81055,43645,37410,37800,14700,23100,54600,23100,31500,115600,57600,58000,192000,72000,120000,18600,
23,8,623110,335510,149895,185615,99760,43645,56115,42000,16800,25200,66150,43050,23100,127600,46400,81200,269000,104000,165000,18600,
23,9,496690,264890,107560,157330,87290,37410,49880,31500,12600,18900,76500,34350,42150,69600,23200,46400,207000,72000,135000,24800,
23,10,476805,288405,130225,158180,81055,31175,49880,35700,16800,18900,73650,35850,37800,98000,46400,51600,176000,56000,120000,12400,
23,11,449050,272250,132245,140005,62350,43645,18705,37800,14700,23100,69300,31500,37800,102800,42400,60400,152000,32000,120000,24800,
23,12,447920,301120,118640,182480,74820,24940,49880,37800,16800,21000,86100,39900,46200,102400,37000,65400,122000,32000,90000,24800,
23,13,474630,274630,114880,159750,112230,49880,62350,23100,6300,16800,65100,27300,37800,74200,31400,42800,169000,64000,105000,31000,
23,14,532555,299155,135960,163195,81055,37410,43645,39900,18900,21000,91200,44850,46350,87000,34800,52200,221000,56000,165000,12400,
23,15,406525,280725,129045,151680,93525,43645,49880,39900,16800,23100,73500,37800,35700,73800,30800,43000,101000,56000,45000,24800,
23,16,501505,276905,107125,169780,81055,31175,49880,29400,4200,25200,82650,42750,39900,83800,29000,54800,206000,56000,150000,18600,
23,17,465570,286970,123325,163645,74820,31175,43645,42000,18900,23100,100950,44250,56700,69200,29000,40200,160000,40000,120000,18600,
23,18,448255,263455,141980,121475,81055,49880,31175,39900,16800,23100,48300,27300,21000,94200,48000,46200,160000,40000,120000,24800,
23,19,466100,263500,126460,137040,62350,37410,24940,27300,12600,14700,69450,35850,33600,104400,40600,63800,184000,64000,120000,18600,
23,20,504895,309295,149345,159950,105995,43645,62350,29400,21000,8400,81900,35700,46200,92000,49000,43000,177000,72000,105000,18600,
23,21,382020,226220,115275,110945,74820,31175,43645,33600,10500,23100,46200,33600,12600,71600,40000,31600,131000,56000,75000,24800,
23,22,519170,279570,103725,175845,74820,31175,43645,42000,18900,23100,61950,30450,31500,100800,23200,77600,221000,56000,165000,18600,
23,23,440185,269385,105070,164315,68585,12470,56115,35700,10500,25200,69300,27300,42000,95800,54800,41000,146000,56000,90000,24800,
23,24,393860,245260,110980,134280,99760,49880,49880,31500,16800,14700,54600,18900,35700,59400,25400,34000,130000,40000,90000,18600,
23,25,468260,283460,124575,158885,99760,31175,68585,35700,14700,21000,67200,35700,31500,80800,43000,37800,160000,40000,120000,24800,
23,26,520355,303555,126340,177215,81055,24940,56115,39900,12600,27300,58800,25200,33600,123800,63600,60200,192000,72000,120000,24800,
23,27,488660,300260,150310,149950,99760,37410,62350,33600,12600,21000,69300,39900,29400,97600,60400,37200,176000,56000,120000,12400,
23,28,510450,278650,137110,141540,62350,37410,24940,37800,21000,16800,74100,38100,36000,104400,40600,63800,207000,72000,135000,24800,
23,29,505335,289535,141710,147825,68585,37410,31175,35700,14700,21000,101250,46200,55050,84000,43400,40600,191000,56000,135000,24800,
23,30,554675,292875,145160,147715,93525,37410,56115,31500,16800,14700,63450,44550,18900,104400,46400,58000,237000,72000,165000,24800,
24,0,540645,323845,137825,186020,105995,31175,74820,44100,16800,27300,94950,55050,39900,78800,34800,44000,192000,72000,120000,24800,
24,1,528800,297000,137690,159310,62350,24940,37410,37800,16800,21000,69450,37950,31500,127400,58000,69400,207000,72000,135000,24800,
24,2,468420,265820,128875,136945,74820,31175,43645,14700,8400,6300,60900,31500,29400,115400,57800,57600,184000,64000,120000,18600,
24,3,496700,281900,112450,169450,60000,21000,39000,42900,15150,27750,79200,36900,42300,99800,39400,60400,190000,40000,150000,24800,
24,4,505595,302995,141210,161785,105995,37410,68585,35700,16800,18900,69300,37800,31500,92000,49200,42800,184000,64000,120000,18600,
24,5,441595,270795,121945,148850,105995,43645,62350,31500,14700,16800,73500,29400,44100,59800,34200,25600,146000,56000,90000,24800,
24,6,385350,229550,111605,117945,62350,18705,43645,35700,8400,27300,56700,44100,12600,74800,40400,34400,131000,56000,75000,24800,
24,7,492255,306655,144110,162545,81055,37410,43645,35700,16800,18900,73500,44100,29400,116400,45800,70600,167000,32000,135000,18600,
24,8,516570,316770,132115,184655,137170,56115,81055,42000,16800,25200,50400,33600,16800,87200,25600,61600,175000,40000,135000,24800,
24,9,478870,247070,99375,147695,74820,31175,43645,31500,10500,21000,76950,34500,42450,63800,23200,40600,207000,72000,135000,24800,
24,10,489465,273665,92120,181545,56115,12470,43645,35700,12600,23100,74250,32250,42000,107600,34800,72800,191000,56000,135000,24800,
24,11,378490,244690,90840,153850,87290,24940,62350,29400,16800,12600,50400,6300,44100,77600,42800,34800,109000,64000,45000,24800,
24,12,504260,327460,127175,200285,99760,31175,68585,37800,14700,23100,98700,44100,54600,91200,37200,54000,152000,32000,120000,24800,
24,13,478960,300160,145415,154745,99760,56115,43645,35700,14700,21000,73500,37800,35700,91200,36800,54400,154000,64000,90000,24800,
24,14,571950,317150,126470,190680,62350,12470,49880,25200,12600,12600,99600,49200,50400,130000,52200,77800,230000,80000,150000,24800,
24,15,450220,271620,142010,129610,74820,37410,37410,37800,21000,16800,75600,37800,37800,83400,45800,37600,160000,40000,120000,18600,
24,16,464135,240335,113210,127125,68585,37410,31175,14700,4200,10500,52650,25200,27450,104400,46400,58000,199000,64000,135000,24800,
24,17,520695,296895,131845,165050,105995,43645,62350,35700,6300,29400,71400,35700,35700,83800,46200,37600,199000,64000,135000,24800,
24,18,522555,329755,115940,213815,81055,24940,56115,29400,12600,16800,98700,37800,60900,120600,40600,80000,168000,48000,120000,24800,
24,19,521155,309555,131610,177945,81055,37410,43645,42000,14700,27300,82500,44700,37800,104000,34800,69200,193000,88000,105000,18600,
24,20,543875,318275,146025,172250,93525,31175,62350,46200,18900,27300,71550,37950,33600,107000,58000,49000,207000,72000,135000,18600,
24,21,457255,322655,103905,218750,111155,18705,92450,33600,10500,23100,90300,39900,50400,87600,34800,52800,116000,56000,60000,18600,
24,22,484805,273205,113725,159480,81055,31175,49880,37800,12600,25200,52950,23550,29400,101400,46400,55000,193000,88000,105000,18600,
24,23,456625,321225,144175,177050,102125,31175,70950,35700,12600,23100,84000,46200,37800,99400,54200,45200,123000,48000,75000,12400,
24,24,514865,330065,137080,192985,118465,49880,68585,37800,14700,23100,75600,44100,31500,98200,28400,69800,160000,40000,120000,24800,
24,25,538560,298960,119010,179950,99760,37410,62350,39900,16800,23100,69900,30000,39900,89400,34800,54600,221000,56000,165000,18600,
24,26,493355,298755,138910,159845,81055,37410,43645,33600,10500,23100,77700,42000,35700,106400,49000,57400,176000,56000,120000,18600,
24,27,512430,309830,124845,184985,112230,43645,68585,44100,16800,27300,52500,21000,31500,101000,43400,57600,184000,64000,120000,18600,
24,28,520085,288285,144210,144075,68585,37410,31175,33600,16800,16800,75900,37800,38100,110200,52200,58000,207000,72000,135000,24800,
24,29,505655,287055,112705,174350,81055,18705,62350,33600,18900,14700,74400,34500,39900,98000,40600,57400,200000,80000,120000,18600,
24,30,452860,282060,114510,167550,99760,37410,62350,29400,18900,10500,69300,21000,48300,83600,37200,46400,146000,56000,90000,24800,
25,0,528620,326020,143200,182820,75470,27000,48470,49950,26100,23850,106200,62100,44100,94400,28000,66400,184000,64000,120000,18600,
25,1,554050,290450,130350,160100,36000,12000,24000,41250,26100,15150,126000,58650,67350,87200,33600,53600,245000,80000,165000,18600,
25,2,550290,342490,174945,167545,87290,43645,43645,42000,18900,23100,100800,54600,46200,112400,57800,54600,183000,48000,135000,24800,
25,3,401950,258550,102650,155900,64300,24000,40300,45600,19500,26100,72450,36750,35700,76200,22400,53800,131000,56000,75000,12400,
25,4,465100,294300,119800,174500,72900,21000,51900,43050,21750,21300,99750,57450,42300,78600,19600,59000,146000,56000,90000,24800,
25,5,434570,276970,116590,160380,74820,24940,49880,27300,10500,16800,82050,46350,35700,92800,34800,58000,139000,64000,75000,18600,
25,6,464000,301200,117650,183550,57000,30000,27000,53100,24750,28350,78300,32100,46200,112800,30800,82000,138000,48000,90000,24800,
25,7,420700,234900,109450,125450,57000,21000,36000,32550,17400,15150,78150,34650,43500,67200,36400,30800,161000,56000,105000,24800,
25,8,426250,254650,134400,120250,69000,27000,42000,41250,26100,15150,70800,44700,26100,73600,36600,37000,153000,48000,105000,18600,
25,9,451600,257800,114200,143600,64300,27000,37300,32550,15150,17400,78150,41250,36900,82800,30800,52000,169000,64000,105000,24800,
25,10,509400,290800,112150,178650,67300,27000,40300,50850,21750,29100,90450,34800,55650,82200,28600,53600,200000,80000,120000,18600,
25,11,478550,270750,124200,146550,75000,30000,45000,36900,23850,13050,92850,45150,47700,66000,25200,40800,183000,48000,135000,24800,
25,12,366220,234420,82800,151620,60470,21000,39470,30000,19500,10500,57150,25500,31650,86800,16800,70000,107000,32000,75000,24800,
25,13,498600,304800,112800,192000,75000,27000,48000,39150,21750,17400,72450,38850,33600,118200,25200,93000,169000,64000,105000,24800,
25,14,546900,330100,126500,203600,61300,18000,43300,47100,30450,16650,99900,47250,52650,121800,30800,91000,192000,72000,120000,24800,
25,15,427570,256970,84400,172570,54470,15000,39470,34200,17400,16800,93300,40800,52500,75000,11200,63800,152000,32000,120000,18600,
25,16,389100,255500,105750,149750,90500,24000,66500,53850,21600,32250,52950,31950,21000,58200,28200,30000,115000,40000,75000,18600,
25,17,480800,271000,140900,130100,82300,37300,45000,45600,17400,28200,95100,58200,36900,48000,28000,20000,185000,80000,105000,24800,
25,18,416050,267450,102650,164800,68200,21000,47200,38550,15150,23400,63900,34500,29400,96800,32000,64800,130000,40000,90000,18600,
25,19,421950,275150,109100,166050,68600,24000,44600,45000,15150,29850,72750,36150,36600,88800,33800,55000,122000,32000,90000,24800,
25,20,461000,251200,125300,125900,36000,21000,15000,60750,23850,36900,76050,41250,34800,78400,39200,39200,185000,80000,105000,24800,
25,21,535335,318535,138200,180335,78735,36000,42735,60750,23850,36900,94050,55950,38100,85000,22400,62600,192000,72000,120000,24800,
25,22,515000,312400,144200,168200,69000,30000,39000,50700,21600,29100,98700,55800,42900,94000,36800,57200,184000,64000,120000,18600,
25,23,432585,283785,114535,169250,45235,27235,18000,49950,19500,30450,63600,25800,37800,125000,42000,83000,124000,64000,60000,24800,
25,24,511750,324150,131350,192800,56200,30000,26200,38400,17400,21000,97950,47550,50400,131600,36400,95200,169000,64000,105000,18600,
25,25,500600,269600,124400,145200,63000,18000,45000,36900,21750,15150,75900,45450,30450,93800,39200,54600,200000,80000,120000,31000,
25,26,417600,254800,113750,141050,48000,27000,21000,34650,17400,17250,83550,38550,45000,88600,30800,57800,138000,48000,90000,24800,
25,27,501550,293750,142550,151200,45000,12000,33000,35550,20400,15150,118800,62550,56250,94400,47600,46800,183000,48000,135000,24800,
25,28,475120,290320,134085,156235,60470,27235,33235,49950,23850,26100,93300,51000,42300,86600,32000,54600,160000,40000,120000,24800,
25,29,468750,281150,146550,134600,50600,29600,21000,46350,33300,13050,79800,47250,32550,104400,36400,68000,169000,64000,105000,18600,
25,30,484000,258400,119600,138800,42000,15000,27000,52200,26100,26100,91200,47700,43500,73000,30800,42200,207000,72000,135000,18600,
26,0,450885,264085,121210,142875,68585,37410,31175,37800,18900,18900,56700,27300,29400,101000,37600,63400,162000,72000,90000,24800,
26,1,493240,276440,109725,166715,87290,31175,56115,29400,16800,12600,67950,38550,29400,91800,23200,68600,192000,72000,120000,24800,
26,2,545815,299015,133860,165155,56115,37410,18705,42000,18900,23100,67500,25350,42150,133400,52200,81200,222000,72000,150000,24800,
26,3,528465,334665,150780,183885,118465,49880,68585,37800,16800,21000,88200,52500,35700,90200,31600,58600,169000,64000,105000,24800,
26,4,466620,257820,112475,145345,74820,31175,43645,33600,16800,16800,65400,29700,35700,84000,34800,49200,184000,64000,120000,24800,
26,5,518250,309450,132650,176800,72500,27000,45500,49500,16950,32550,96450,51900,44550,91000,36800,54200,184000,64000,120000,24800,
26,6,505160,308560,144645,163915,99760,43645,56115,33600,18900,14700,79800,35700,44100,95400,46400,49000,178000,88000,90000,18600,
26,7,472915,256115,121825,134290,56115,31175,24940,42000,16800,25200,59400,27450,31950,98600,46400,52200,192000,72000,120000,24800,
26,8,477780,267180,154975,112205,49880,31175,18705,31500,14700,16800,61200,48300,12900,124600,60800,63800,192000,72000,120000,18600,
26,9,478870,247070,99375,147695,74820,31175,43645,31500,10500,21000,76950,34500,42450,63800,23200,40600,207000,72000,135000,24800,
26,10,489465,273665,92120,181545,56115,12470,43645,35700,12600,23100,74250,32250,42000,107600,34800,72800,191000,56000,135000,24800,
26,11,464245,276645,139560,137085,105995,37410,68585,33600,18900,14700,73650,48450,25200,63400,34800,28600,169000,64000,105000,18600,
26,12,519340,301540,141095,160445,87290,43645,43645,31500,12600,18900,84150,44250,39900,98600,40600,58000,193000,88000,105000,24800,
26,13,541560,323960,129145,194815,99760,43645,56115,44100,14700,29400,75900,36000,39900,104200,34800,69400,199000,64000,135000,18600,
26,14,501155,320555,124205,196350,81055,18705,62350,42000,16800,25200,84300,42300,42000,113200,46400,66800,162000,72000,90000,18600,
26,15,470255,297655,140640,157015,81055,24940,56115,37800,18900,18900,92400,42000,50400,86400,54800,31600,154000,64000,90000,18600,
26,16,439995,291395,122445,168950,105995,43645,62350,33600,14700,18900,63000,27300,35700,88800,36800,52000,130000,40000,90000,18600,
26,17,516935,313335,133490,179845,68585,24940,43645,35700,14700,21000,82050,35850,46200,127000,58000,69000,185000,80000,105000,18600,
26,18,494320,291720,139640,152080,74820,24940,49880,29400,12600,16800,69300,35700,33600,118200,66400,51800,184000,64000,120000,18600,
26,19,425025,277225,116645,160580,93525,43645,49880,35700,14700,21000,46200,18900,27300,101800,39400,62400,123000,48000,75000,24800,
26,20,504425,295625,135845,159780,93525,43645,49880,37800,14700,23100,77700,31500,46200,86600,46000,40600,184000,64000,120000,24800,
26,21,435490,279890,137145,142745,87290,43645,43645,39900,10500,29400,60900,37800,23100,91800,45200,46600,137000,32000,105000,18600,
26,22,524160,301160,135580,165580,99760,49880,49880,37800,21000,16800,71400,35700,35700,92200,29000,63200,192000,72000,120000,31000,
26,23,568525,306725,134075,172650,93525,31175,62350,33600,18900,14700,87000,49200,37800,92600,34800,57800,237000,72000,165000,24800,
26,24,482445,272845,124360,148485,105995,37410,68585,37800,12600,25200,65250,33750,31500,63800,40600,23200,191000,56000,135000,18600,
26,25,510055,299455,141410,158045,81055,37410,43645,44100,16800,27300,75900,29400,46500,98400,57800,40600,192000,72000,120000,18600,
26,26,425525,306925,121345,185580,106425,43645,62780,31500,6300,25200,71400,29400,42000,97600,42000,55600,100000,40000,60000,18600,
26,27,481310,279710,142750,136960,99760,62350,37410,33600,12600,21000,71550,33600,37950,74800,34200,40600,183000,48000,135000,18600,
26,28,434025,277425,138915,138510,93525,56115,37410,42000,18900,23100,73500,35700,37800,68400,28200,40200,138000,48000,90000,18600,
26,29,496065,257265,99810,157455,118465,37410,81055,21000,14700,6300,66000,30300,35700,51800,17400,34400,214000,64000,150000,24800,
26,30,441350,263550,126240,137310,62350,24940,37410,35700,14700,21000,73500,46200,27300,92000,40400,51600,153000,48000,105000,24800,
27,0,430520,264920,122500,142420,69470,36000,33470,36900,17400,19500,96750,49500,47250,61800,19600,42200,147000,72000,75000,18600,
27,1,554050,290450,130350,160100,36000,12000,24000,41250,26100,15150,126000,58650,67350,87200,33600,53600,245000,80000,165000,18600,
27,2,518850,293250,150200,143050,64300,28300,36000,58650,26100,32550,75900,49800,26100,94400,46000,48400,207000,72000,135000,18600,
27,3,401950,258550,102650,155900,64300,24000,40300,45600,19500,26100,72450,36750,35700,76200,22400,53800,131000,56000,75000,12400,
27,4,461720,267120,123950,143170,48470,24000,24470,45450,19500,25950,94800,41250,53550,78400,39200,39200,176000,56000,120000,18600,
27,5,450550,254950,94600,160350,42000,12000,30000,39000,23850,15150,100350,39150,61200,73600,19600,54000,177000,72000,105000,18600,
27,6,406485,270885,90385,180500,86035,30235,55800,40500,19500,21000,63750,23850,39900,80600,16800,63800,117000,72000,45000,18600,
27,7,483435,282635,119500,163135,76535,33000,43535,49950,26100,23850,81150,40800,40350,75000,19600,55400,176000,56000,120000,24800,
27,8,420935,303135,125800,177335,75235,27000,48235,45150,21750,23400,63150,35850,27300,119600,41200,78400,93000,48000,45000,24800,
27,9,484700,269100,126800,142300,66000,24000,42000,30300,17250,13050,108000,51750,56250,64800,33800,31000,197000,32000,165000,18600,
27,10,478835,277835,97850,179985,66235,12000,54235,56400,21600,34800,76800,30450,46350,78400,33800,44600,170000,80000,90000,31000,
27,11,463735,277935,125950,151985,60235,24000,36235,37650,20400,17250,92250,45150,47100,87800,36400,51400,161000,56000,105000,24800,
27,12,395000,238400,107450,130950,45000,24000,21000,63000,23850,39150,45000,17400,27600,85400,42200,43200,138000,48000,90000,18600,
27,13,495185,299585,109550,190035,73535,15000,58535,35400,12900,22500,98850,47850,51000,91800,33800,58000,177000,72000,105000,18600,
27,14,479470,313870,153550,160320,81070,47600,33470,50700,24750,25950,100500,45000,55500,81600,36200,45400,147000,72000,75000,18600,
27,15,472800,279200,121900,157300,78900,27000,51900,54300,19500,34800,77400,39000,38400,68600,36400,32200,175000,40000,135000,18600,
27,16,508600,292800,106850,185950,42000,9000,33000,55950,25950,30000,95850,57900,37950,99000,14000,85000,191000,56000,135000,24800,
27,17,506350,285750,137500,148250,54000,27000,27000,36900,6450,30450,121650,76050,45600,73200,28000,45200,202000,112000,90000,18600,
27,18,543600,318000,134350,183650,63000,15000,48000,45300,10500,34800,116100,69450,46650,93600,39400,54200,207000,72000,135000,18600,
27,19,436185,279385,120985,158400,63235,24235,39000,56400,21600,34800,55350,21750,33600,104400,53400,51000,132000,72000,60000,24800,
27,20,427485,250485,117085,133400,54235,33235,21000,56400,19500,36900,72450,27750,44700,67400,36600,30800,146000,56000,90000,31000,
27,21,473270,303470,132650,170820,94370,31300,63070,47400,23850,23550,65700,27900,37800,96000,49600,46400,145000,40000,105000,24800,
27,22,489970,317570,108700,208870,86270,18000,68270,45000,28200,16800,72300,26100,46200,114000,36400,77600,160000,40000,120000,12400,
27,23,533850,294050,120300,173750,40300,15000,25300,59550,26100,33450,105600,54000,51600,88600,25200,63400,215000,80000,135000,24800,
27,24,514000,305200,128850,176350,65600,24000,41600,36750,28200,8550,113250,51450,61800,89600,25200,64400,184000,64000,120000,24800,
27,25,439750,299950,126550,173400,79800,30000,49800,42600,17400,25200,94950,48750,46200,82600,30400,52200,115000,40000,75000,24800,
27,26,483100,267300,126550,140750,54000,21000,33000,41250,15150,26100,86850,45600,41250,85200,44800,40400,191000,56000,135000,24800,
27,27,428035,251035,86850,164185,42235,12000,30235,58500,28200,30300,86700,21450,65250,63600,25200,38400,146000,56000,90000,31000,
27,28,449650,285050,114350,170700,55300,21000,34300,58650,23850,34800,76500,38700,37800,94600,30800,63800,146000,56000,90000,18600,
27,29,511805,287205,116550,170655,74005,24000,50005,52050,26100,25950,81750,41250,40500,79400,25200,54200,206000,56000,150000,18600,
27,30,497725,241125,99175,141950,55175,31175,24000,45450,23850,21600,89100,32550,56550,51400,11600,39800,238000,88000,150000,18600,
28,0,443150,242350,112950,129400,48000,18000,30000,49800,21600,28200,79950,45150,34800,64600,28200,36400,176000,56000,120000,24800,
28,1,520790,297990,140310,157680,87290,37410,49880,39900,14700,25200,58800,42000,16800,112000,46200,65800,198000,48000,150000,24800,
28,2,482895,282095,127680,154415,105995,49880,56115,35700,14700,21000,54600,31500,23100,85800,31600,54200,176000,56000,120000,24800,
28,3,444025,283025,95710,187315,93525,37410,56115,23100,6300,16800,67200,29400,37800,99200,22600,76600,130000,40000,90000,31000,
28,4,452020,281220,137875,143345,74820,31175,43645,42000,16800,25200,75600,44100,31500,88800,45800,43000,146000,56000,90000,24800,
28,5,407770,243970,98260,145710,74820,37410,37410,27300,16800,10500,76050,38250,37800,65800,5800,60000,139000,64000,75000,24800,
28,6,413485,247885,111600,136285,57235,30000,27235,54150,17250,36900,69300,39150,30150,67200,25200,42000,147000,72000,75000,18600,
28,7,571805,336405,156760,179645,81055,37410,43645,46200,18900,27300,93150,42450,50700,116000,58000,58000,223000,88000,135000,12400,
28,8,558660,296860,144075,152785,99760,31175,68585,29400,14700,14700,54900,40200,14700,112800,58000,54800,237000,72000,165000,24800,
28,9,537060,306260,136480,169780,99760,49880,49880,33600,14700,18900,69300,31500,37800,103600,40400,63200,206000,56000,150000,24800,
28,10,461325,266725,108640,158085,93525,24940,68585,37800,16800,21000,37800,14700,23100,97600,52200,45400,176000,56000,120000,18600,
28,11,492135,283335,124860,158475,68585,37410,31175,44100,18900,25200,69450,33750,35700,101200,34800,66400,184000,64000,120000,24800,
28,12,548640,315040,118725,196315,87290,31175,56115,52500,25200,27300,61650,21750,39900,113600,40600,73000,215000,80000,135000,18600,
28,13,489290,309490,141510,167980,87290,37410,49880,48300,21000,27300,98700,48300,50400,75200,34800,40400,155000,80000,75000,24800,
28,14,439615,245015,117110,127905,56115,37410,18705,39900,12600,27300,67800,38100,29700,81200,29000,52200,176000,56000,120000,18600,
28,15,449975,269375,124495,144880,93525,43645,49880,29400,16800,12600,88650,46650,42000,57800,17400,40400,162000,72000,90000,18600,
28,16,370315,289715,138740,150975,112015,50740,61275,44100,21000,23100,58800,37800,21000,74800,29200,45600,62000,32000,30000,18600,
28,17,419255,278655,128375,150280,81055,31175,49880,39900,16800,23100,69300,37800,31500,88400,42600,45800,122000,32000,90000,18600,
28,18,456220,255420,111675,143745,74820,31175,43645,33600,12600,21000,46200,27300,18900,100800,40600,60200,176000,56000,120000,24800,
28,19,514895,314095,141945,172150,105995,43645,62350,33600,14700,18900,73500,37800,35700,101000,45800,55200,176000,56000,120000,24800,
28,20,483860,290060,144745,145315,99760,43645,56115,37800,14700,23100,69300,37800,31500,83200,48600,34600,169000,64000,105000,24800,
28,21,560725,320125,160880,159245,93525,49880,43645,29400,21000,8400,75600,37800,37800,121600,52200,69400,222000,72000,150000,18600,
28,22,493695,307095,138010,169085,105995,37410,68585,35700,16800,18900,88200,37800,50400,77200,46000,31200,168000,48000,120000,18600,
28,23,507485,305685,133475,172210,68585,31175,37410,33600,12600,21000,105300,54900,50400,98200,34800,63400,177000,72000,105000,24800,
28,24,538895,308095,132810,175285,105995,37410,68585,31500,12600,18900,67200,33600,33600,103400,49200,54200,206000,56000,150000,24800,
28,25,523855,308055,138645,169410,81055,43645,37410,33600,14700,18900,84000,39900,44100,109400,40400,69000,191000,56000,135000,24800,
28,26,484360,313560,121945,191615,99760,43645,56115,29400,12600,16800,75600,31500,44100,108800,34200,74600,146000,56000,90000,24800,
28,27,462255,276455,133875,142580,81055,31175,49880,35700,14700,21000,65100,33600,31500,94600,54400,40200,161000,56000,105000,24800,
28,28,470800,305400,149115,156285,124700,56115,68585,37800,10500,27300,86100,48300,37800,56800,34200,22600,153000,48000,105000,12400,
28,29,447460,281660,131180,150480,99760,49880,49880,31500,18900,12600,67200,25200,42000,83200,37200,46000,141000,96000,45000,24800,
28,30,537290,299290,145145,154145,87290,43645,43645,37800,16800,21000,67200,35700,31500,107000,49000,58000,207000,72000,135000,31000,
29,0,478905,271105,116500,154605,48705,9000,39705,36750,15150,21600,95850,47550,48300,89800,44800,45000,183000,48000,135000,24800,
29,1,441000,271200,105050,166150,73300,33000,40300,42750,19500,23250,58350,21750,36600,96800,30800,66000,145000,40000,105000,24800,
29,2,528485,288885,138185,150700,63235,30235,33000,33300,21600,11700,102150,49950,52200,90200,36400,53800,221000,56000,165000,18600,
29,3,409450,229850,96100,133750,63000,18000,45000,67350,23850,43500,68700,43050,25650,30800,11200,19600,161000,56000,105000,18600,
29,4,461320,281720,131300,150420,63470,21000,42470,56400,30450,25950,85650,49050,36600,76200,30800,45400,161000,56000,105000,18600,
29,5,440785,284185,150150,134035,55535,34300,21235,48600,16050,32550,91050,44400,46650,89000,55400,33600,138000,48000,90000,18600,
29,6,394095,222495,95590,126905,43645,24940,18705,33600,10500,23100,52650,25350,27300,92600,34800,57800,153000,48000,105000,18600,
29,7,499655,289055,139045,150010,81055,43645,37410,37800,14700,23100,54600,23100,31500,115600,57600,58000,192000,72000,120000,18600,
29,8,623110,335510,149895,185615,99760,43645,56115,42000,16800,25200,66150,43050,23100,127600,46400,81200,269000,104000,165000,18600,
29,9,496690,264890,107560,157330,87290,37410,49880,31500,12600,18900,76500,34350,42150,69600,23200,46400,207000,72000,135000,24800,
29,10,476805,288405,130225,158180,81055,31175,49880,35700,16800,18900,73650,35850,37800,98000,46400,51600,176000,56000,120000,12400,
29,11,449050,272250,132245,140005,62350,43645,18705,37800,14700,23100,69300,31500,37800,102800,42400,60400,152000,32000,120000,24800,
29,12,447920,301120,118640,182480,74820,24940,49880,37800,16800,21000,86100,39900,46200,102400,37000,65400,122000,32000,90000,24800,
29,13,474630,274630,114880,159750,112230,49880,62350,23100,6300,16800,65100,27300,37800,74200,31400,42800,169000,64000,105000,31000,
29,14,532555,299155,135960,163195,81055,37410,43645,39900,18900,21000,91200,44850,46350,87000,34800,52200,221000,56000,165000,12400,
29,15,406525,280725,129045,151680,93525,43645,49880,39900,16800,23100,73500,37800,35700,73800,30800,43000,101000,56000,45000,24800,
29,16,393860,245260,110980,134280,99760,49880,49880,31500,16800,14700,54600,18900,35700,59400,25400,34000,130000,40000,90000,18600,
29,17,465570,286970,123325,163645,74820,31175,43645,42000,18900,23100,100950,44250,56700,69200,29000,40200,160000,40000,120000,18600,
29,18,448255,263455,141980,121475,81055,49880,31175,39900,16800,23100,48300,27300,21000,94200,48000,46200,160000,40000,120000,24800,
29,19,466100,263500,126460,137040,62350,37410,24940,27300,12600,14700,69450,35850,33600,104400,40600,63800,184000,64000,120000,18600,
29,20,504895,309295,149345,159950,105995,43645,62350,29400,21000,8400,81900,35700,46200,92000,49000,43000,177000,72000,105000,18600,
29,21,382020,226220,115275,110945,74820,31175,43645,33600,10500,23100,46200,33600,12600,71600,40000,31600,131000,56000,75000,24800,
29,22,519170,279570,103725,175845,74820,31175,43645,42000,18900,23100,61950,30450,31500,100800,23200,77600,221000,56000,165000,18600,
29,23,440185,269385,105070,164315,68585,12470,56115,35700,10500,25200,69300,27300,42000,95800,54800,41000,146000,56000,90000,24800,
29,24,501505,276905,107125,169780,81055,31175,49880,29400,4200,25200,82650,42750,39900,83800,29000,54800,206000,56000,150000,18600,
29,25,468260,283460,124575,158885,99760,31175,68585,35700,14700,21000,67200,35700,31500,80800,43000,37800,160000,40000,120000,24800,
29,26,520355,303555,126340,177215,81055,24940,56115,39900,12600,27300,58800,25200,33600,123800,63600,60200,192000,72000,120000,24800,
29,27,488660,300260,150310,149950,99760,37410,62350,33600,12600,21000,69300,39900,29400,97600,60400,37200,176000,56000,120000,12400,
29,28,510450,278650,137110,141540,62350,37410,24940,37800,21000,16800,74100,38100,36000,104400,40600,63800,207000,72000,135000,24800,
29,29,505335,289535,141710,147825,68585,37410,31175,35700,14700,21000,101250,46200,55050,84000,43400,40600,191000,56000,135000,24800,
29,30,554675,292875,145160,147715,93525,37410,56115,31500,16800,14700,63450,44550,18900,104400,46400,58000,237000,72000,165000,24800,
30,0,528620,326020,143200,182820,75470,27000,48470,49950,26100,23850,106200,62100,44100,94400,28000,66400,184000,64000,120000,18600,
30,1,554050,290450,130350,160100,36000,12000,24000,41250,26100,15150,126000,58650,67350,87200,33600,53600,245000,80000,165000,18600,
30,2,550290,342490,174945,167545,87290,43645,43645,42000,18900,23100,100800,54600,46200,112400,57800,54600,183000,48000,135000,24800,
30,3,432300,246500,96250,150250,62200,12000,50200,49950,21750,28200,66750,34500,32250,67600,28000,39600,161000,56000,105000,24800,
30,4,477885,306285,150100,156185,66235,24000,42235,44250,29100,15150,102000,55200,46800,93800,41800,52000,153000,48000,105000,18600,
30,5,394300,216500,93600,122900,69000,27000,42000,69450,30300,39150,47250,19500,27750,30800,16800,14000,153000,48000,105000,24800,
30,6,464000,301200,117650,183550,57000,30000,27000,53100,24750,28350,78300,32100,46200,112800,30800,82000,138000,48000,90000,24800,
30,7,420700,234900,109450,125450,57000,21000,36000,32550,17400,15150,78150,34650,43500,67200,36400,30800,161000,56000,105000,24800,
30,8,426250,254650,134400,120250,69000,27000,42000,41250,26100,15150,70800,44700,26100,73600,36600,37000,153000,48000,105000,18600,
30,9,451600,257800,114200,143600,64300,27000,37300,32550,15150,17400,78150,41250,36900,82800,30800,52000,169000,64000,105000,24800,
30,10,509400,290800,112150,178650,67300,27000,40300,50850,21750,29100,90450,34800,55650,82200,28600,53600,200000,80000,120000,18600,
30,11,478550,270750,124200,146550,75000,30000,45000,36900,23850,13050,92850,45150,47700,66000,25200,40800,183000,48000,135000,24800,
30,12,366220,234420,82800,151620,60470,21000,39470,30000,19500,10500,57150,25500,31650,86800,16800,70000,107000,32000,75000,24800,
30,13,498600,304800,112800,192000,75000,27000,48000,39150,21750,17400,72450,38850,33600,118200,25200,93000,169000,64000,105000,24800,
30,14,546900,330100,126500,203600,61300,18000,43300,47100,30450,16650,99900,47250,52650,121800,30800,91000,192000,72000,120000,24800,
30,15,427570,256970,84400,172570,54470,15000,39470,34200,17400,16800,93300,40800,52500,75000,11200,63800,152000,32000,120000,18600,
30,16,389100,255500,105750,149750,90500,24000,66500,53850,21600,32250,52950,31950,21000,58200,28200,30000,115000,40000,75000,18600,
30,17,480800,271000,140900,130100,82300,37300,45000,45600,17400,28200,95100,58200,36900,48000,28000,20000,185000,80000,105000,24800,
30,18,416050,267450,102650,164800,68200,21000,47200,38550,15150,23400,63900,34500,29400,96800,32000,64800,130000,40000,90000,18600,
30,19,421950,275150,109100,166050,68600,24000,44600,45000,15150,29850,72750,36150,36600,88800,33800,55000,122000,32000,90000,24800,
30,20,461000,251200,125300,125900,36000,21000,15000,60750,23850,36900,76050,41250,34800,78400,39200,39200,185000,80000,105000,24800,
30,21,535335,318535,138200,180335,78735,36000,42735,60750,23850,36900,94050,55950,38100,85000,22400,62600,192000,72000,120000,24800,
30,22,515000,312400,144200,168200,69000,30000,39000,50700,21600,29100,98700,55800,42900,94000,36800,57200,184000,64000,120000,18600,
30,23,432585,283785,114535,169250,45235,27235,18000,49950,19500,30450,63600,25800,37800,125000,42000,83000,124000,64000,60000,24800,
30,24,511750,324150,131350,192800,56200,30000,26200,38400,17400,21000,97950,47550,50400,131600,36400,95200,169000,64000,105000,18600,
30,25,500600,269600,124400,145200,63000,18000,45000,36900,21750,15150,75900,45450,30450,93800,39200,54600,200000,80000,120000,31000,
30,26,417600,254800,113750,141050,48000,27000,21000,34650,17400,17250,83550,38550,45000,88600,30800,57800,138000,48000,90000,24800,
30,27,501550,293750,142550,151200,45000,12000,33000,35550,20400,15150,118800,62550,56250,94400,47600,46800,183000,48000,135000,24800,
30,28,475120,290320,134085,156235,60470,27235,33235,49950,23850,26100,93300,51000,42300,86600,32000,54600,160000,40000,120000,24800,
30,29,468750,281150,146550,134600,50600,29600,21000,46350,33300,13050,79800,47250,32550,104400,36400,68000,169000,64000,105000,18600,
30,30,484000,258400,119600,138800,42000,15000,27000,52200,26100,26100,91200,47700,43500,73000,30800,42200,207000,72000,135000,18600,
31,0,453455,289855,111000,178855,69305,15000,54305,30300,13050,17250,110250,49350,60900,80000,33600,46400,145000,40000,105000,18600,
31,1,482995,304195,132210,171985,105995,37410,68585,35700,8400,27300,73500,46200,27300,89000,40200,48800,154000,64000,90000,24800,
31,2,512665,326065,131710,194355,127065,37410,89655,37800,18900,18900,75600,37800,37800,85600,37600,48000,168000,48000,120000,18600,
31,3,396525,261925,112475,149450,93525,31175,62350,37800,16800,21000,63000,35700,27300,67600,28800,38800,116000,56000,60000,18600,
31,4,446145,234545,107920,126625,43645,12470,31175,27300,8400,18900,70800,58050,12750,92800,29000,63800,193000,88000,105000,18600,
31,5,463935,285335,119250,166085,66235,21000,45235,52050,19500,32550,97650,45150,52500,69400,33600,35800,160000,40000,120000,18600,
31,6,496050,263450,151800,111650,49300,31300,18000,58200,27750,30450,73950,39150,34800,82000,53600,28400,214000,64000,150000,18600,
31,7,394800,235400,111450,123950,39000,15000,24000,54300,19500,34800,77700,43350,34350,64400,33600,30800,147000,72000,75000,12400,
31,8,421585,250785,100750,150035,63235,18000,45235,36750,17250,19500,62400,26100,36300,88400,39400,49000,146000,56000,90000,24800,
31,9,429655,304055,128635,175420,78305,31535,46770,35100,19500,15600,92850,36000,56850,97800,41600,56200,107000,32000,75000,18600,
31,10,534870,301270,115300,185970,61770,18000,43770,47700,21750,25950,85800,32550,53250,106000,43000,63000,215000,80000,135000,18600,
31,11,400200,236400,112800,123600,21000,21000,0,49950,19500,30450,89850,38700,51150,75600,33600,42000,139000,64000,75000,24800,
31,12,433685,270085,100950,169135,60235,21000,39235,34050,17250,16800,72600,26100,46500,103200,36600,66600,145000,40000,105000,18600,
31,13,441050,292450,149100,143350,55800,35200,20600,60750,36900,23850,84300,42000,42300,91600,35000,56600,130000,40000,90000,18600,
31,14,518950,281150,123900,157250,61300,21000,40300,52950,26100,26850,81900,51600,30300,85000,25200,59800,213000,48000,165000,24800,
31,15,514770,313970,114900,199070,61770,27000,34770,56700,19500,37200,108300,43200,65100,87200,25200,62000,176000,56000,120000,24800,
31,16,497200,280400,125900,154500,72000,30000,42000,55200,26100,29100,67200,39000,28200,86000,30800,55200,192000,72000,120000,24800,
31,17,462750,237150,121950,115200,36000,18000,18000,30300,19500,10800,100050,47850,52200,70800,36600,34200,207000,72000,135000,18600,
31,18,531600,329800,140550,189250,62600,28300,34300,55800,34350,21450,99600,47100,52500,111800,30800,81000,177000,72000,105000,24800,
31,19,513500,265900,134600,131300,63000,27000,36000,30300,8550,21750,112800,73650,39150,59800,25400,34400,229000,64000,165000,18600,
31,20,452600,297000,115850,181150,72500,27000,45500,55650,28200,27450,84450,38250,46200,84400,22400,62000,137000,32000,105000,18600,
31,21,418670,255070,101300,153770,75470,27000,48470,36300,2100,34200,85500,49800,35700,57800,22400,35400,145000,40000,105000,18600,
31,22,487585,276985,99785,177200,45235,12235,33000,52200,21750,30450,98550,34800,63750,81000,31000,50000,192000,72000,120000,18600,
31,23,477520,274920,111050,163870,63470,15000,48470,36600,6300,30300,101850,49950,51900,73000,39800,33200,184000,64000,120000,18600,
31,24,439900,254100,109150,144950,64300,27000,37300,52050,28200,23850,69150,25950,43200,68600,28000,40600,161000,56000,105000,24800,
31,25,498700,274900,123800,151100,67300,30000,37300,32400,17400,15000,102000,45600,56400,73200,30800,42400,199000,64000,135000,24800,
31,26,511040,316440,141250,175190,77240,31300,45940,59400,24750,34650,93600,51600,42000,86200,33600,52600,176000,56000,120000,18600,
31,27,489250,278650,123050,155600,51000,15000,36000,36750,6300,30450,112500,56550,55950,78400,45200,33200,192000,72000,120000,18600,
31,28,460985,267185,122700,144485,63235,18000,45235,52200,21750,30450,106950,57750,49200,44800,25200,19600,169000,64000,105000,24800,
31,29,500935,315135,120550,194585,77435,30000,47435,57300,21750,35550,82800,40800,42000,97600,28000,69600,161000,56000,105000,24800,
31,30,496400,316800,120900,195900,81900,33000,48900,59100,30300,28800,82800,32400,50400,93000,25200,67800,161000,56000,105000,18600,
32,0,528620,326020,143200,182820,75470,27000,48470,49950,26100,23850,106200,62100,44100,94400,28000,66400,184000,64000,120000,18600,
32,1,554050,290450,130350,160100,36000,12000,24000,41250,26100,15150,126000,58650,67350,87200,33600,53600,245000,80000,165000,18600,
32,2,518850,293250,150200,143050,64300,28300,36000,58650,26100,32550,75900,49800,26100,94400,46000,48400,207000,72000,135000,18600,
32,3,401950,258550,102650,155900,64300,24000,40300,45600,19500,26100,72450,36750,35700,76200,22400,53800,131000,56000,75000,12400,
32,4,405650,270050,136500,133550,69900,35600,34300,37800,24750,13050,77550,38550,39000,84800,37600,47200,117000,72000,45000,18600,
32,5,463935,285335,119250,166085,66235,21000,45235,52050,19500,32550,97650,45150,52500,69400,33600,35800,160000,40000,120000,18600,
32,6,496050,263450,151800,111650,49300,31300,18000,58200,27750,30450,73950,39150,34800,82000,53600,28400,214000,64000,150000,18600,
32,7,394800,235400,111450,123950,39000,15000,24000,54300,19500,34800,77700,43350,34350,64400,33600,30800,147000,72000,75000,12400,
32,8,421585,250785,100750,150035,63235,18000,45235,36750,17250,19500,62400,26100,36300,88400,39400,49000,146000,56000,90000,24800,
32,9,429655,304055,128635,175420,78305,31535,46770,35100,19500,15600,92850,36000,56850,97800,41600,56200,107000,32000,75000,18600,
32,10,534870,301270,115300,185970,61770,18000,43770,47700,21750,25950,85800,32550,53250,106000,43000,63000,215000,80000,135000,18600,
32,11,400200,236400,112800,123600,21000,21000,0,49950,19500,30450,89850,38700,51150,75600,33600,42000,139000,64000,75000,24800,
32,12,433685,270085,100950,169135,60235,21000,39235,34050,17250,16800,72600,26100,46500,103200,36600,66600,145000,40000,105000,18600,
32,13,487585,276985,99785,177200,45235,12235,33000,52200,21750,30450,98550,34800,63750,81000,31000,50000,192000,72000,120000,18600,
32,14,518950,281150,123900,157250,61300,21000,40300,52950,26100,26850,81900,51600,30300,85000,25200,59800,213000,48000,165000,24800,
32,15,514770,313970,114900,199070,61770,27000,34770,56700,19500,37200,108300,43200,65100,87200,25200,62000,176000,56000,120000,24800,
32,16,497200,280400,125900,154500,72000,30000,42000,55200,26100,29100,67200,39000,28200,86000,30800,55200,192000,72000,120000,24800,
32,17,462750,237150,121950,115200,36000,18000,18000,30300,19500,10800,100050,47850,52200,70800,36600,34200,207000,72000,135000,18600,
32,18,531600,329800,140550,189250,62600,28300,34300,55800,34350,21450,99600,47100,52500,111800,30800,81000,177000,72000,105000,24800,
32,19,513500,265900,134600,131300,63000,27000,36000,30300,8550,21750,112800,73650,39150,59800,25400,34400,229000,64000,165000,18600,
32,20,452600,297000,115850,181150,72500,27000,45500,55650,28200,27450,84450,38250,46200,84400,22400,62000,137000,32000,105000,18600,
32,21,418670,255070,101300,153770,75470,27000,48470,36300,2100,34200,85500,49800,35700,57800,22400,35400,145000,40000,105000,18600,
32,22,441050,292450,149100,143350,55800,35200,20600,60750,36900,23850,84300,42000,42300,91600,35000,56600,130000,40000,90000,18600,
32,23,477520,274920,111050,163870,63470,15000,48470,36600,6300,30300,101850,49950,51900,73000,39800,33200,184000,64000,120000,18600,
32,24,439900,254100,109150,144950,64300,27000,37300,52050,28200,23850,69150,25950,43200,68600,28000,40600,161000,56000,105000,24800,
32,25,498700,274900,123800,151100,67300,30000,37300,32400,17400,15000,102000,45600,56400,73200,30800,42400,199000,64000,135000,24800,
32,26,511040,316440,141250,175190,77240,31300,45940,59400,24750,34650,93600,51600,42000,86200,33600,52600,176000,56000,120000,18600,
32,27,489250,278650,123050,155600,51000,15000,36000,36750,6300,30450,112500,56550,55950,78400,45200,33200,192000,72000,120000,18600,
32,28,460985,267185,122700,144485,63235,18000,45235,52200,21750,30450,106950,57750,49200,44800,25200,19600,169000,64000,105000,24800,
32,29,500935,315135,120550,194585,77435,30000,47435,57300,21750,35550,82800,40800,42000,97600,28000,69600,161000,56000,105000,24800,
32,30,496400,316800,120900,195900,81900,33000,48900,59100,30300,28800,82800,32400,50400,93000,25200,67800,161000,56000,105000,18600,
33,0,450885,264085,121210,142875,68585,37410,31175,37800,18900,18900,56700,27300,29400,101000,37600,63400,162000,72000,90000,24800,
33,1,493240,276440,109725,166715,87290,31175,56115,29400,16800,12600,67950,38550,29400,91800,23200,68600,192000,72000,120000,24800,
33,2,516100,276500,127550,148950,60000,27000,33000,58650,23850,34800,101250,36900,64350,56600,39800,16800,221000,56000,165000,18600,
33,3,444025,283025,95710,187315,93525,37410,56115,23100,6300,16800,67200,29400,37800,99200,22600,76600,130000,40000,90000,31000,
33,4,452020,281220,137875,143345,74820,31175,43645,42000,16800,25200,75600,44100,31500,88800,45800,43000,146000,56000,90000,24800,
33,5,445625,281825,123875,157950,93525,31175,62350,23100,12600,10500,71400,31500,39900,93800,48600,45200,139000,64000,75000,24800,
33,6,505160,308560,144645,163915,99760,43645,56115,33600,18900,14700,79800,35700,44100,95400,46400,49000,178000,88000,90000,18600,
33,7,472915,256115,121825,134290,56115,31175,24940,42000,16800,25200,59400,27450,31950,98600,46400,52200,192000,72000,120000,24800,
33,8,477780,267180,154975,112205,49880,31175,18705,31500,14700,16800,61200,48300,12900,124600,60800,63800,192000,72000,120000,18600,
33,9,505955,297355,141880,155475,81055,49880,31175,37800,18900,18900,77700,35700,42000,100800,37400,63400,190000,40000,150000,18600,
33,10,431920,301120,134875,166245,74820,31175,43645,37800,16800,21000,86100,52500,33600,102400,34400,68000,106000,16000,90000,24800,
33,11,508140,284340,130710,153630,87290,37410,49880,16800,8400,8400,90450,35700,54750,89800,49200,40600,199000,64000,135000,24800,
33,12,522700,290100,138490,151610,62350,24940,37410,35700,23100,12600,76050,38250,37800,116000,52200,63800,214000,64000,150000,18600,
33,13,541560,323960,129145,194815,99760,43645,56115,44100,14700,29400,75900,36000,39900,104200,34800,69400,199000,64000,135000,18600,
33,14,501155,320555,124205,196350,81055,18705,62350,42000,16800,25200,84300,42300,42000,113200,46400,66800,162000,72000,90000,18600,
33,15,470255,297655,140640,157015,81055,24940,56115,37800,18900,18900,92400,42000,50400,86400,54800,31600,154000,64000,90000,18600,
33,16,439995,291395,122445,168950,105995,43645,62350,33600,14700,18900,63000,27300,35700,88800,36800,52000,130000,40000,90000,18600,
33,17,516935,313335,133490,179845,68585,24940,43645,35700,14700,21000,82050,35850,46200,127000,58000,69000,185000,80000,105000,18600,
33,18,494320,291720,139640,152080,74820,24940,49880,29400,12600,16800,69300,35700,33600,118200,66400,51800,184000,64000,120000,18600,
33,19,425025,277225,116645,160580,93525,43645,49880,35700,14700,21000,46200,18900,27300,101800,39400,62400,123000,48000,75000,24800,
33,20,504425,295625,135845,159780,93525,43645,49880,37800,14700,23100,77700,31500,46200,86600,46000,40600,184000,64000,120000,24800,
33,21,435490,279890,137145,142745,87290,43645,43645,39900,10500,29400,60900,37800,23100,91800,45200,46600,137000,32000,105000,18600,
33,22,524160,301160,135580,165580,99760,49880,49880,37800,21000,16800,71400,35700,35700,92200,29000,63200,192000,72000,120000,31000,
33,23,568525,306725,134075,172650,93525,31175,62350,33600,18900,14700,87000,49200,37800,92600,34800,57800,237000,72000,165000,24800,
33,24,482445,272845,124360,148485,105995,37410,68585,37800,12600,25200,65250,33750,31500,63800,40600,23200,191000,56000,135000,18600,
33,25,510055,299455,141410,158045,81055,37410,43645,44100,16800,27300,75900,29400,46500,98400,57800,40600,192000,72000,120000,18600,
33,26,425525,306925,121345,185580,106425,43645,62780,31500,6300,25200,71400,29400,42000,97600,42000,55600,100000,40000,60000,18600,
33,27,481310,279710,142750,136960,99760,62350,37410,33600,12600,21000,71550,33600,37950,74800,34200,40600,183000,48000,135000,18600,
33,28,434025,277425,138915,138510,93525,56115,37410,42000,18900,23100,73500,35700,37800,68400,28200,40200,138000,48000,90000,18600,
33,29,496065,257265,99810,157455,118465,37410,81055,21000,14700,6300,66000,30300,35700,51800,17400,34400,214000,64000,150000,24800,
33,30,441350,263550,126240,137310,62350,24940,37410,35700,14700,21000,73500,46200,27300,92000,40400,51600,153000,48000,105000,24800,
34,0,471385,292585,120750,171835,75235,33000,42235,45000,19500,25500,66150,43050,23100,106200,25200,81000,154000,64000,90000,24800,
34,1,523325,314525,138210,176315,93525,37410,56115,39900,16800,23100,77700,37800,39900,103400,46200,57200,184000,64000,120000,24800,
34,2,465750,288950,105550,183400,86200,30000,56200,43350,23850,19500,72000,32100,39900,87400,19600,67800,152000,32000,120000,24800,
34,3,512070,277470,102870,174600,70370,27470,42900,60900,30450,30450,78000,21750,56250,68200,23200,45000,216000,96000,120000,18600,
34,4,489200,286600,134100,152500,73300,27000,46300,47850,21750,26100,92850,51750,41100,72600,33600,39000,184000,64000,120000,18600,
34,5,489450,303650,111050,192600,63500,24000,39500,46800,19500,27300,95550,45150,50400,97800,22400,75400,161000,56000,105000,24800,
34,6,441450,292650,119450,173200,59200,31300,27900,40500,17400,23100,76350,34350,42000,116600,36400,80200,124000,64000,60000,24800,
34,7,549350,325550,129900,195650,57000,27000,30000,58950,28200,30750,96600,41100,55500,113000,33600,79400,199000,64000,135000,24800,
34,8,435650,240050,116900,123150,48000,21000,27000,49950,23850,26100,71700,41250,30450,70400,30800,39600,177000,72000,105000,18600,
34,9,564150,284550,120600,163950,60000,15000,45000,47700,19500,28200,110850,54300,56550,66000,31800,34200,261000,96000,165000,18600,
34,10,462385,284585,121200,163385,57235,21000,36235,43350,19500,23850,78600,47100,31500,105400,33600,71800,153000,48000,105000,24800,
34,11,433000,262200,123700,138500,63000,33000,30000,45600,19500,26100,73200,32400,40800,80400,38800,41600,146000,56000,90000,24800,
34,12,510200,292400,150050,142350,39000,21000,18000,58650,23850,34800,93150,54000,39150,101600,51200,50400,193000,88000,105000,24800,
34,13,454635,298835,127435,171400,77435,18235,59200,42900,14700,28200,95100,42900,52200,83400,51600,31800,131000,56000,75000,24800,
34,14,510535,316735,115800,200935,87735,30000,57735,40800,17400,23400,89400,43200,46200,98800,25200,73600,169000,64000,105000,24800,
34,15,504300,294900,140800,154100,67300,30000,37300,56550,21750,34800,82050,49650,32400,89000,39400,49600,197000,32000,165000,12400,
34,16,485100,241300,85800,155500,49300,18000,31300,49950,23850,26100,73650,32550,41100,68400,11400,57000,219000,24000,195000,24800,
34,17,471985,263185,115450,147735,40535,12000,28535,50700,23850,26850,99150,51600,47550,72800,28000,44800,184000,64000,120000,24800,
34,18,463950,268350,122300,146050,60000,18000,42000,49950,21750,28200,97200,51750,45450,61200,30800,30400,177000,72000,105000,18600,
34,19,434050,255250,121650,133600,63000,33000,30000,41850,20250,21600,63000,34800,28200,87400,33600,53800,154000,64000,90000,24800,
34,20,381220,253620,130020,123600,69470,30470,39000,43050,23550,19500,77100,38400,38700,64000,37600,26400,109000,64000,45000,18600,
34,21,465685,295885,114300,181585,75735,24000,51735,42300,21300,21000,93450,40800,52650,84400,28200,56200,145000,40000,105000,24800,
34,22,494300,307500,136800,170700,50600,22300,28300,58650,23850,34800,89250,51450,37800,109000,39200,69800,162000,72000,90000,24800,
34,23,452650,274050,153750,120300,69500,36500,33000,49800,23850,25950,64350,42600,21750,90400,50800,39600,160000,40000,120000,18600,
34,24,413285,271685,107550,164135,42235,18000,24235,43500,19500,24000,76350,36450,39900,109600,33600,76000,123000,48000,75000,18600,
34,25,429235,272635,124500,148135,63235,21000,42235,57300,19500,37800,84900,49200,35700,67200,34800,32400,138000,48000,90000,18600,
34,26,438485,290685,106900,183785,71435,21000,50435,42600,19500,23100,74250,30000,44250,102400,36400,66000,123000,48000,75000,24800,
34,27,521020,274220,113900,160320,63470,24000,39470,58650,23850,34800,101700,52050,49650,50400,14000,36400,222000,72000,150000,24800,
34,28,506050,274250,128450,145800,78000,24000,54000,36900,26100,10800,90750,55950,34800,68600,22400,46200,207000,72000,135000,24800,
34,29,522400,341800,140350,201450,61300,27000,34300,38250,12900,25350,106650,58050,48600,135600,42400,93200,162000,72000,90000,18600,
34,30,499450,294450,124800,169650,64300,21000,43300,39450,13800,25650,92100,53400,38700,98600,36600,62000,174000,24000,150000,31000,
35,0,461020,276220,137600,138620,66470,24000,42470,35400,11550,23850,102750,55650,47100,71600,46400,25200,160000,40000,120000,24800,
35,1,446720,275120,127310,147810,74820,37410,37410,29400,16800,12600,73500,35700,37800,97400,37400,60000,153000,48000,105000,18600,
35,2,455350,265950,124250,141700,45000,24000,21000,41100,19500,21600,95250,58350,36900,84600,22400,62200,177000,72000,105000,12400,
35,3,386800,266400,124700,141700,62600,30000,32600,39900,20400,19500,80700,40500,40200,83200,33800,49400,108000,48000,60000,12400,
35,4,526800,326000,129000,197000,78100,18000,60100,62250,30450,31800,78450,46950,31500,107200,33600,73600,176000,56000,120000,24800,
35,5,427900,234100,117000,117100,51000,27000,24000,43350,17400,25950,78150,39000,39150,61600,33600,28000,169000,64000,105000,24800,
35,6,422865,244265,123545,120720,56115,43645,12470,42000,16800,25200,73950,31500,42450,72200,31600,40600,160000,40000,120000,18600,
35,7,460190,287590,133640,153950,87290,24940,62350,39900,16800,23100,71400,39900,31500,89000,52000,37000,154000,64000,90000,18600,
35,8,475300,258500,105850,152650,42000,33000,9000,47700,21750,25950,88800,36900,51900,80000,14200,65800,192000,72000,120000,24800,
35,9,430635,258835,134000,124835,57235,21000,36235,39000,17400,21600,92400,53400,39000,70200,42200,28000,147000,72000,75000,24800,
35,10,423600,253800,123650,130150,61300,28300,33000,42900,22500,20400,70800,36450,34350,78800,36400,42400,145000,40000,105000,24800,
35,11,444100,266300,130800,135500,60000,21000,39000,55200,21750,33450,93900,53250,40650,57200,34800,22400,153000,48000,105000,24800,
35,12,425650,261050,122250,138800,60900,24000,36900,36900,15150,21750,90450,49500,40950,72800,33600,39200,146000,56000,90000,18600,
35,13,480650,248850,108700,140150,51000,18000,33000,52050,17250,34800,45600,30450,15150,100200,43000,57200,207000,72000,135000,24800,
35,14,551170,334370,135900,198470,79770,33000,46770,52500,19500,33000,114900,58200,56700,87200,25200,62000,192000,72000,120000,24800,
35,15,487450,322850,162250,160600,68600,33000,35600,58500,25950,32550,81750,35700,46050,114000,67600,46400,146000,56000,90000,18600,
35,16,487400,263600,127350,136250,60000,30000,30000,47550,17250,30300,65250,43500,21750,90800,36600,54200,199000,64000,135000,24800,
35,17,364985,224185,85400,138785,58535,24000,34535,28800,12750,16050,88050,34650,53400,48800,14000,34800,116000,56000,60000,24800,
35,18,423235,275435,126000,149435,77835,32600,45235,46200,17400,28800,69600,38400,31200,81800,37600,44200,123000,48000,75000,24800,
35,19,462200,298400,126300,172100,69900,24000,45900,38850,23850,15000,94050,53250,40800,95600,25200,70400,139000,64000,75000,24800,
35,20,397720,265120,118250,146870,78070,28300,49770,27600,10800,16800,78450,51150,27300,81000,28000,53000,114000,24000,90000,18600,
35,21,385850,250250,126500,123750,60000,27000,33000,52950,28200,24750,81300,48900,32400,56000,22400,33600,117000,72000,45000,18600,
35,22,433500,260900,116100,144800,55300,24000,31300,55200,21750,33450,94200,53550,40650,56200,16800,39400,154000,64000,90000,18600,
35,23,363800,221200,90550,130650,45000,21000,24000,31200,15150,16050,64800,17400,47400,80200,37000,43200,124000,64000,60000,18600,
35,24,422350,228750,102900,125850,36000,15000,21000,52050,23850,28200,73500,38850,34650,67200,25200,42000,175000,40000,135000,18600,
35,25,465420,286620,123950,162670,72470,18000,54470,61650,23850,37800,80700,42900,37800,71800,39200,32600,154000,64000,90000,24800,
35,26,482600,303800,117450,186350,54900,15000,39900,56100,23550,32550,81000,45300,35700,111800,33600,78200,154000,64000,90000,24800,
35,27,452750,297150,99550,197600,76800,24000,52800,40500,17400,23100,74250,38550,35700,105600,19600,86000,137000,32000,105000,18600,
35,28,513235,304635,135150,169485,72235,27000,45235,62400,23850,38550,85200,49500,35700,84800,34800,50000,190000,40000,150000,18600,
35,29,506200,289400,134450,154950,64300,30000,34300,60600,21450,39150,93300,52200,41100,71200,30800,40400,192000,72000,120000,24800,
35,30,504800,282800,124250,158550,78500,30000,48500,43350,21600,21750,99150,47250,51900,61800,25400,36400,191000,56000,135000,31000,
36,0,542045,339445,147460,191985,105995,37410,68585,35700,16800,18900,96750,52650,44100,101000,40600,60400,184000,64000,120000,18600,
36,1,400390,236590,100510,136080,87290,37410,49880,29400,12600,16800,56700,18900,37800,63200,31600,31600,139000,64000,75000,24800,
36,2,431985,247185,121075,126110,68585,31175,37410,35700,18900,16800,65100,42000,23100,77800,29000,48800,160000,40000,120000,24800,
36,3,395920,272120,102475,169645,109620,40175,69445,23100,14700,8400,71400,25200,46200,68000,22400,45600,99000,24000,75000,24800,
36,4,571490,352890,158410,194480,87290,37410,49880,52500,18900,33600,102900,44100,58800,110200,58000,52200,200000,80000,120000,18600,
36,5,523325,314525,138210,176315,93525,37410,56115,39900,16800,23100,77700,37800,39900,103400,46200,57200,184000,64000,120000,24800,
36,6,332450,198850,87340,111510,62350,24940,37410,25200,10500,14700,48300,23100,25200,63000,28800,34200,115000,40000,75000,18600,
36,7,459440,265840,95085,170755,87290,6235,81055,31500,10500,21000,55050,31950,23100,92000,46400,45600,175000,40000,135000,18600,
36,8,509290,275490,136545,138945,87290,43645,43645,37800,14700,23100,57600,31800,25800,92800,46400,46400,209000,104000,105000,24800,
36,9,511155,293355,119440,173915,81055,24940,56115,44100,18900,25200,61200,23400,37800,107000,52200,54800,193000,88000,105000,24800,
36,10,554415,315615,152780,162835,118465,49880,68585,39900,21000,18900,82050,35700,46350,75200,46200,29000,214000,64000,150000,24800,
36,11,517990,286190,121110,165080,87290,37410,49880,39900,14700,25200,54600,16800,37800,104400,52200,52200,207000,72000,135000,24800,
36,12,541810,295010,143995,151015,99760,43645,56115,33600,21000,12600,71850,44550,27300,89800,34800,55000,222000,72000,150000,24800,
36,13,534875,288075,123210,164865,93525,37410,56115,42000,12600,29400,82950,38400,44550,69600,34800,34800,222000,72000,150000,24800,
36,14,524100,315300,154045,161255,124700,43645,81055,39900,16800,23100,81900,58800,23100,68800,34800,34000,184000,64000,120000,24800,
36,15,574860,322060,138345,183715,99760,43645,56115,18900,10500,8400,79800,37800,42000,123600,46400,77200,228000,48000,180000,24800,
36,16,505690,304090,140480,163610,87290,49880,37410,33600,16800,16800,71400,33600,37800,111800,40200,71600,183000,48000,135000,18600,
36,17,473395,301795,96675,205120,118895,31175,87720,37800,14700,23100,67500,27600,39900,77600,23200,54400,153000,48000,105000,18600,
36,18,584380,342780,155165,187615,112230,56115,56115,29400,14700,14700,88350,37950,50400,112800,46400,66400,223000,88000,135000,18600,
36,19,482360,320560,129510,191050,99760,37410,62350,48300,21000,27300,69300,31500,37800,103200,39600,63600,137000,32000,105000,24800,
36,20,410195,297595,116380,181215,114595,49880,64715,33600,21000,12600,54600,23100,31500,94800,22400,72400,94000,64000,30000,18600,
36,21,494655,269855,90605,179250,81055,18705,62350,35700,14700,21000,81300,45600,35700,71800,11600,60200,200000,80000,120000,24800,
36,22,445925,281325,131510,149815,93525,37410,56115,33600,12600,21000,79800,35700,44100,74400,45800,28600,146000,56000,90000,18600,
36,23,440485,259885,106605,153280,68585,18705,49880,29400,16800,12600,61500,36300,25200,100400,34800,65600,162000,72000,90000,18600,
36,24,415255,278855,137810,141045,81055,37410,43645,33600,16800,16800,67200,29400,37800,97000,54200,42800,124000,64000,60000,12400,
36,25,526265,262465,119460,143005,56115,37410,18705,31500,16800,14700,82050,30450,51600,92800,34800,58000,239000,104000,135000,24800,
36,26,575745,305945,106060,199885,105995,37410,68585,40200,15000,25200,61350,13050,48300,98400,40600,57800,245000,80000,165000,24800,
36,27,504605,279805,97925,181880,81055,31175,49880,39900,12600,27300,80850,36750,44100,78000,17400,60600,200000,80000,120000,24800,
36,28,561025,313225,142410,170815,93525,37410,56115,33600,16800,16800,67500,36000,31500,118600,52200,66400,223000,88000,135000,24800,
36,29,392520,275720,94875,180845,92020,31175,60845,37800,16800,21000,65100,27300,37800,80800,19600,61200,92000,32000,60000,24800,
36,30,347490,235890,116010,119880,87290,37410,49880,18900,8400,10500,81900,50400,31500,47800,19800,28000,93000,48000,45000,18600,
37,0,461020,276220,137600,138620,66470,24000,42470,35400,11550,23850,102750,55650,47100,71600,46400,25200,160000,40000,120000,24800,
37,1,438400,245600,99050,146550,40300,12000,28300,43500,21750,21750,79800,34500,45300,82000,30800,51200,168000,48000,120000,24800,
37,2,584050,306450,121000,185450,56200,15000,41200,56550,17400,39150,101700,45600,56100,92000,43000,49000,259000,64000,195000,18600,
37,3,386800,266400,124700,141700,62600,30000,32600,39900,20400,19500,80700,40500,40200,83200,33800,49400,108000,48000,60000,12400,
37,4,526800,326000,129000,197000,78100,18000,60100,62250,30450,31800,78450,46950,31500,107200,33600,73600,176000,56000,120000,24800,
37,5,441595,270795,121945,148850,105995,43645,62350,31500,14700,16800,73500,29400,44100,59800,34200,25600,146000,56000,90000,24800,
37,6,384385,258585,126245,132340,68585,43645,24940,35700,14700,21000,60900,31500,29400,93400,36400,57000,101000,56000,45000,24800,
37,7,534985,301385,126040,175345,68585,24940,43645,25200,12600,12600,63600,36300,27300,144000,52200,91800,215000,80000,135000,18600,
37,8,544060,311260,143180,168080,99760,49880,49880,35700,16800,18900,63000,27300,35700,112800,49200,63600,208000,88000,120000,24800,
37,9,538210,291410,135960,155450,99760,37410,62350,44100,14700,29400,72150,31650,40500,75400,52200,23200,222000,72000,150000,24800,
37,10,550725,302125,144875,157250,93525,31175,62350,42000,18900,23100,59400,42600,16800,107200,52200,55000,230000,80000,150000,18600,
37,11,438125,251525,114645,136880,93525,43645,49880,50400,25200,25200,61200,16800,44400,46400,29000,17400,168000,48000,120000,18600,
37,12,499825,311225,140945,170280,93525,43645,49880,25200,12600,12600,86100,35700,50400,106400,49000,57400,170000,80000,90000,18600,
37,13,345220,241420,110740,130680,82120,24940,57180,33600,12600,21000,60900,42000,18900,64800,31200,33600,79000,64000,15000,24800,
37,14,460025,286625,119575,167050,93525,31175,62350,35700,16800,18900,58800,25200,33600,98600,46400,52200,161000,56000,105000,12400,
37,15,481490,272690,112260,160430,87290,37410,49880,42000,14700,27300,73800,25350,48450,69600,34800,34800,184000,64000,120000,24800,
37,16,473955,241355,100540,140815,81055,24940,56115,23100,8400,14700,79200,32400,46800,58000,34800,23200,214000,64000,150000,18600,
37,17,511160,287360,137710,149650,99760,37410,62350,25200,12600,12600,67200,35700,31500,95200,52000,43200,199000,64000,135000,24800,
37,18,452840,266240,101820,164420,87290,12470,74820,29400,6300,23100,65550,42450,23100,84000,40600,43400,168000,48000,120000,18600,
37,19,406955,244155,115975,128180,81055,31175,49880,25200,12600,12600,52500,29400,23100,85400,42800,42600,138000,48000,90000,24800,
37,20,574315,326715,130030,196685,118465,49880,68585,31500,16800,14700,75750,16950,58800,101000,46400,54600,229000,64000,165000,18600,
37,21,456860,277260,122610,154650,99760,37410,62350,27300,12600,14700,58800,37800,21000,91400,34800,56600,161000,56000,105000,18600,
37,22,516340,270540,127045,143495,87290,43645,43645,37800,16800,21000,70050,31800,38250,75400,34800,40600,221000,56000,165000,24800,
37,23,487365,337565,141280,196285,118465,49880,68585,50400,21000,29400,77700,42000,35700,91000,28400,62600,125000,80000,45000,24800,
37,24,425525,247725,102005,145720,96525,18705,77820,25200,8400,16800,54600,31500,23100,71400,43400,28000,153000,48000,105000,24800,
37,25,453755,290955,152180,138775,81055,49880,31175,39900,16800,23100,63000,27300,35700,107000,58200,48800,138000,48000,90000,24800,
37,26,494130,313530,112045,201485,112230,43645,68585,42000,14700,27300,65100,18900,46200,94200,34800,59400,162000,72000,90000,18600,
37,27,504030,318230,130980,187250,112230,49880,62350,37800,16800,21000,79800,35700,44100,88400,28600,59800,161000,56000,105000,24800,
37,28,464090,264290,123810,140480,87290,37410,49880,50400,21000,29400,54600,33600,21000,72000,31800,40200,175000,40000,135000,24800,
37,29,573990,303390,133945,169445,87290,43645,43645,37800,14700,23100,68100,40800,27300,110200,34800,75400,252000,72000,180000,18600,
37,30,535865,325265,162050,163215,118465,62350,56115,29400,14700,14700,96600,50400,46200,80800,34600,46200,192000,72000,120000,18600,
38,0,421685,272885,107050,165835,57235,21000,36235,52200,26100,26100,76050,40350,35700,87400,19600,67800,124000,64000,60000,24800,
38,1,493240,276440,109725,166715,87290,31175,56115,29400,16800,12600,67950,38550,29400,91800,23200,68600,192000,72000,120000,24800,
38,2,545815,299015,133860,165155,56115,37410,18705,42000,18900,23100,67500,25350,42150,133400,52200,81200,222000,72000,150000,24800,
38,3,528465,334665,150780,183885,118465,49880,68585,37800,16800,21000,88200,52500,35700,90200,31600,58600,169000,64000,105000,24800,
38,4,409585,246785,118510,128275,68585,37410,31175,33600,18900,14700,67200,25200,42000,77400,37000,40400,138000,48000,90000,24800,
38,5,485775,283175,128125,155050,93525,31175,62350,46200,18900,27300,56850,31650,25200,86600,46400,40200,184000,64000,120000,18600,
38,6,505160,308560,144645,163915,99760,43645,56115,33600,18900,14700,79800,35700,44100,95400,46400,49000,178000,88000,90000,18600,
38,7,472915,256115,121825,134290,56115,31175,24940,42000,16800,25200,59400,27450,31950,98600,46400,52200,192000,72000,120000,24800,
38,8,477780,267180,154975,112205,49880,31175,18705,31500,14700,16800,61200,48300,12900,124600,60800,63800,192000,72000,120000,18600,
38,9,505955,297355,141880,155475,81055,49880,31175,37800,18900,18900,77700,35700,42000,100800,37400,63400,190000,40000,150000,18600,
38,10,431920,301120,134875,166245,74820,31175,43645,37800,16800,21000,86100,52500,33600,102400,34400,68000,106000,16000,90000,24800,
38,11,508140,284340,130710,153630,87290,37410,49880,16800,8400,8400,90450,35700,54750,89800,49200,40600,199000,64000,135000,24800,
38,12,522700,290100,138490,151610,62350,24940,37410,35700,23100,12600,76050,38250,37800,116000,52200,63800,214000,64000,150000,18600,
38,13,541560,323960,129145,194815,99760,43645,56115,44100,14700,29400,75900,36000,39900,104200,34800,69400,199000,64000,135000,18600,
38,14,501155,320555,124205,196350,81055,18705,62350,42000,16800,25200,84300,42300,42000,113200,46400,66800,162000,72000,90000,18600,
38,15,470255,297655,140640,157015,81055,24940,56115,37800,18900,18900,92400,42000,50400,86400,54800,31600,154000,64000,90000,18600,
38,16,439995,291395,122445,168950,105995,43645,62350,33600,14700,18900,63000,27300,35700,88800,36800,52000,130000,40000,90000,18600,
38,17,516935,313335,133490,179845,68585,24940,43645,35700,14700,21000,82050,35850,46200,127000,58000,69000,185000,80000,105000,18600,
38,18,494320,291720,139640,152080,74820,24940,49880,29400,12600,16800,69300,35700,33600,118200,66400,51800,184000,64000,120000,18600,
38,19,425025,277225,116645,160580,93525,43645,49880,35700,14700,21000,46200,18900,27300,101800,39400,62400,123000,48000,75000,24800,
38,20,504425,295625,135845,159780,93525,43645,49880,37800,14700,23100,77700,31500,46200,86600,46000,40600,184000,64000,120000,24800,
38,21,435490,279890,137145,142745,87290,43645,43645,39900,10500,29400,60900,37800,23100,91800,45200,46600,137000,32000,105000,18600,
38,22,524160,301160,135580,165580,99760,49880,49880,37800,21000,16800,71400,35700,35700,92200,29000,63200,192000,72000,120000,31000,
38,23,568525,306725,134075,172650,93525,31175,62350,33600,18900,14700,87000,49200,37800,92600,34800,57800,237000,72000,165000,24800,
38,24,482445,272845,124360,148485,105995,37410,68585,37800,12600,25200,65250,33750,31500,63800,40600,23200,191000,56000,135000,18600,
38,25,510055,299455,141410,158045,81055,37410,43645,44100,16800,27300,75900,29400,46500,98400,57800,40600,192000,72000,120000,18600,
38,26,425525,306925,121345,185580,106425,43645,62780,31500,6300,25200,71400,29400,42000,97600,42000,55600,100000,40000,60000,18600,
38,27,481310,279710,142750,136960,99760,62350,37410,33600,12600,21000,71550,33600,37950,74800,34200,40600,183000,48000,135000,18600,
38,28,434025,277425,138915,138510,93525,56115,37410,42000,18900,23100,73500,35700,37800,68400,28200,40200,138000,48000,90000,18600,
38,29,496065,257265,99810,157455,118465,37410,81055,21000,14700,6300,66000,30300,35700,51800,17400,34400,214000,64000,150000,24800,
38,30,441350,263550,126240,137310,62350,24940,37410,35700,14700,21000,73500,46200,27300,92000,40400,51600,153000,48000,105000,24800,
39,0,528620,326020,143200,182820,75470,27000,48470,49950,26100,23850,106200,62100,44100,94400,28000,66400,184000,64000,120000,18600,
39,1,523325,314525,138210,176315,93525,37410,56115,39900,16800,23100,77700,37800,39900,103400,46200,57200,184000,64000,120000,24800,
39,2,523325,314525,138210,176315,93525,37410,56115,39900,16800,23100,77700,37800,39900,103400,46200,57200,184000,64000,120000,24800,
39,3,523325,314525,138210,176315,93525,37410,56115,39900,16800,23100,77700,37800,39900,103400,46200,57200,184000,64000,120000,24800,
39,4,523325,314525,138210,176315,93525,37410,56115,39900,16800,23100,77700,37800,39900,103400,46200,57200,184000,64000,120000,24800,
39,5,523325,314525,138210,176315,93525,37410,56115,39900,16800,23100,77700,37800,39900,103400,46200,57200,184000,64000,120000,24800,
39,6,332450,198850,87340,111510,62350,24940,37410,25200,10500,14700,48300,23100,25200,63000,28800,34200,115000,40000,75000,18600,
39,7,249545,145145,67105,78040,43645,18705,24940,18900,8400,10500,33600,16800,16800,49000,23200,25800,92000,32000,60000,12400,
39,8,523325,314525,138210,176315,93525,37410,56115,39900,16800,23100,77700,37800,39900,103400,46200,57200,184000,64000,120000,24800,
39,9,519100,310300,132650,177650,69900,27000,42900,47250,16950,30300,99150,51900,47250,94000,36800,57200,184000,64000,120000,24800,
39,10,518250,309450,131850,177600,67300,27000,40300,56400,23850,32550,95550,47400,48150,90200,33600,56600,184000,64000,120000,24800,
39,11,516835,308035,129835,178200,71435,27235,44200,49500,16950,32550,99300,52050,47250,87800,33600,54200,184000,64000,120000,24800,
39,12,515250,306450,132650,173800,66000,27000,39000,51900,21600,30300,94350,47250,47100,94200,36800,57400,184000,64000,120000,24800,
39,13,321000,187400,83650,103750,42000,18000,24000,30000,12900,17100,64800,30150,34650,50600,22600,28000,115000,40000,75000,18600,
39,14,237300,132900,60650,72250,30000,12000,18000,23850,10800,13050,45450,23850,21600,33600,14000,19600,92000,32000,60000,12400,
39,15,514250,305450,131850,173600,67300,27000,40300,55050,23850,31200,92100,47400,44700,91000,33600,57400,184000,64000,120000,24800,
39,16,514320,305520,133050,172470,69470,27000,42470,54150,23850,30300,89700,47400,42300,92200,34800,57400,184000,64000,120000,24800,
39,17,516535,307735,129835,177900,67535,27235,40300,49500,16950,32550,99300,52050,47250,91400,33600,57800,184000,64000,120000,24800,
39,18,518450,309650,131850,177800,69900,27000,42900,56400,23850,32550,91950,47400,44550,91400,33600,57800,184000,64000,120000,24800,
39,19,513350,304550,131850,172700,67300,27000,40300,54150,23850,30300,92100,47400,44700,91000,33600,57400,184000,64000,120000,24800,
39,20,323050,189450,85700,103750,42000,18000,24000,34650,15150,19500,62400,30150,32250,50400,22400,28000,115000,40000,75000,18600,
39,21,237300,132900,60650,72250,30000,12000,18000,23850,10800,13050,45450,23850,21600,33600,14000,19600,92000,32000,60000,12400,
39,22,511635,302835,129835,173000,66235,27235,39000,51900,21600,30300,92100,47400,44700,92600,33600,59000,184000,64000,120000,24800,
39,23,517350,308550,131850,176700,71200,27000,44200,56400,23850,32550,91950,47400,44550,89000,33600,55400,184000,64000,120000,24800,
39,24,513520,304720,131850,172870,69470,27000,42470,54150,23850,30300,89700,47400,42300,91400,33600,57800,184000,64000,120000,24800,
39,25,519500,310700,131850,178850,73800,27000,46800,54150,23850,30300,91950,47400,44550,90800,33600,57200,184000,64000,120000,24800,
39,26,512340,303540,132600,170940,72940,27000,45940,51900,21600,30300,89700,47400,42300,89000,36600,52400,184000,64000,120000,24800,
39,27,323050,189450,85700,103750,42000,18000,24000,34650,15150,19500,62400,30150,32250,50400,22400,28000,115000,40000,75000,18600,
39,28,237300,132900,60650,72250,30000,12000,18000,23850,10800,13050,45450,23850,21600,33600,14000,19600,92000,32000,60000,12400,
39,29,513250,304450,131850,172600,66000,27000,39000,50400,19200,31200,97050,52050,45000,91000,33600,57400,184000,64000,120000,24800,
39,30,514850,306050,131850,174200,71200,27000,44200,54150,23850,30300,89700,47400,42300,91000,33600,57400,184000,64000,120000,24800,
40,0,461020,276220,137600,138620,66470,24000,42470,35400,11550,23850,102750,55650,47100,71600,46400,25200,160000,40000,120000,24800,
40,1,400390,236590,100510,136080,87290,37410,49880,29400,12600,16800,56700,18900,37800,63200,31600,31600,139000,64000,75000,24800,
40,2,431985,247185,121075,126110,68585,31175,37410,35700,18900,16800,65100,42000,23100,77800,29000,48800,160000,40000,120000,24800,
40,3,395920,272120,102475,169645,109620,40175,69445,23100,14700,8400,71400,25200,46200,68000,22400,45600,99000,24000,75000,24800,
40,4,526800,326000,129000,197000,78100,18000,60100,62250,30450,31800,78450,46950,31500,107200,33600,73600,176000,56000,120000,24800,
40,5,427900,234100,117000,117100,51000,27000,24000,43350,17400,25950,78150,39000,39150,61600,33600,28000,169000,64000,105000,24800,
40,6,422865,244265,123545,120720,56115,43645,12470,42000,16800,25200,73950,31500,42450,72200,31600,40600,160000,40000,120000,18600,
40,7,458355,271755,111200,160555,77005,24000,53005,49800,23850,25950,91950,40950,51000,53000,22400,30600,168000,48000,120000,18600,
40,8,475300,258500,105850,152650,42000,33000,9000,47700,21750,25950,88800,36900,51900,80000,14200,65800,192000,72000,120000,24800,
40,9,430635,258835,134000,124835,57235,21000,36235,39000,17400,21600,92400,53400,39000,70200,42200,28000,147000,72000,75000,24800,
40,10,423600,253800,123650,130150,61300,28300,33000,42900,22500,20400,70800,36450,34350,78800,36400,42400,145000,40000,105000,24800,
40,11,444100,266300,130800,135500,60000,21000,39000,55200,21750,33450,93900,53250,40650,57200,34800,22400,153000,48000,105000,24800,
40,12,425650,261050,122250,138800,60900,24000,36900,36900,15150,21750,90450,49500,40950,72800,33600,39200,146000,56000,90000,18600,
40,13,480650,248850,108700,140150,51000,18000,33000,52050,17250,34800,45600,30450,15150,100200,43000,57200,207000,72000,135000,24800,
40,14,551170,334370,135900,198470,79770,33000,46770,52500,19500,33000,114900,58200,56700,87200,25200,62000,192000,72000,120000,24800,
40,15,487450,322850,162250,160600,68600,33000,35600,58500,25950,32550,81750,35700,46050,114000,67600,46400,146000,56000,90000,18600,
40,16,487400,263600,127350,136250,60000,30000,30000,47550,17250,30300,65250,43500,21750,90800,36600,54200,199000,64000,135000,24800,
40,17,364985,224185,85400,138785,58535,24000,34535,28800,12750,16050,88050,34650,53400,48800,14000,34800,116000,56000,60000,24800,
40,18,423235,275435,126000,149435,77835,32600,45235,46200,17400,28800,69600,38400,31200,81800,37600,44200,123000,48000,75000,24800,
40,19,462200,298400,126300,172100,69900,24000,45900,38850,23850,15000,94050,53250,40800,95600,25200,70400,139000,64000,75000,24800,
40,20,397720,265120,118250,146870,78070,28300,49770,27600,10800,16800,78450,51150,27300,81000,28000,53000,114000,24000,90000,18600,
40,21,385850,250250,126500,123750,60000,27000,33000,52950,28200,24750,81300,48900,32400,56000,22400,33600,117000,72000,45000,18600,
40,22,433500,260900,116100,144800,55300,24000,31300,55200,21750,33450,94200,53550,40650,56200,16800,39400,154000,64000,90000,18600,
40,23,363800,221200,90550,130650,45000,21000,24000,31200,15150,16050,64800,17400,47400,80200,37000,43200,124000,64000,60000,18600,
40,24,422350,228750,102900,125850,36000,15000,21000,52050,23850,28200,73500,38850,34650,67200,25200,42000,175000,40000,135000,18600,
40,25,465420,286620,123950,162670,72470,18000,54470,61650,23850,37800,80700,42900,37800,71800,39200,32600,154000,64000,90000,24800,
40,26,482600,303800,117450,186350,54900,15000,39900,56100,23550,32550,81000,45300,35700,111800,33600,78200,154000,64000,90000,24800,
40,27,452750,297150,99550,197600,76800,24000,52800,40500,17400,23100,74250,38550,35700,105600,19600,86000,137000,32000,105000,18600,
40,28,513235,304635,135150,169485,72235,27000,45235,62400,23850,38550,85200,49500,35700,84800,34800,50000,190000,40000,150000,18600,
40,29,506200,289400,134450,154950,64300,30000,34300,60600,21450,39150,93300,52200,41100,71200,30800,40400,192000,72000,120000,24800,
40,30,504800,282800,124250,158550,78500,30000,48500,43350,21600,21750,99150,47250,51900,61800,25400,36400,191000,56000,135000,31000,
41,0,542045,339445,147460,191985,105995,37410,68585,35700,16800,18900,96750,52650,44100,101000,40600,60400,184000,64000,120000,18600,
41,1,466225,271625,127010,144615,93525,37410,56115,33600,12600,21000,52500,33600,18900,92000,43400,48600,176000,56000,120000,18600,
41,2,528485,288885,138185,150700,63235,30235,33000,33300,21600,11700,102150,49950,52200,90200,36400,53800,221000,56000,165000,18600,
41,3,540250,337650,133400,204250,85800,27000,58800,47250,23850,23400,117000,68550,48450,87600,14000,73600,184000,64000,120000,18600,
41,4,461320,281720,131300,150420,63470,21000,42470,56400,30450,25950,85650,49050,36600,76200,30800,45400,161000,56000,105000,18600,
41,5,440785,284185,150150,134035,55535,34300,21235,48600,16050,32550,91050,44400,46650,89000,55400,33600,138000,48000,90000,18600,
41,6,494750,315150,160250,154900,62600,22300,40300,58650,19500,39150,78300,46650,31650,115600,71800,43800,161000,56000,105000,18600,
41,7,416870,290270,119300,170970,60470,18000,42470,42300,21300,21000,89100,57600,31500,98400,22400,76000,108000,48000,60000,18600,
41,8,423550,227950,95600,132350,54000,24000,30000,52050,13050,39000,65100,32550,32550,56800,26000,30800,177000,72000,105000,18600,
41,9,405100,249500,91250,158250,52300,15000,37300,32100,17400,14700,72300,36450,35850,92800,22400,70400,137000,32000,105000,18600,
41,10,457600,263800,110000,153800,57000,27000,30000,49950,21750,28200,82050,30450,51600,74800,30800,44000,169000,64000,105000,24800,
41,11,483285,289485,127085,162400,72235,30235,42000,61650,28200,33450,94200,32250,61950,61400,36400,25000,169000,64000,105000,24800,
41,12,464085,292285,116850,175435,98835,27000,71835,60900,32550,28350,51150,32100,19050,81400,25200,56200,147000,72000,75000,24800,
41,13,419150,270350,110600,159750,63000,21000,42000,49650,28200,21450,50700,27600,23100,107000,33800,73200,124000,64000,60000,24800,
41,14,429585,218985,106350,112635,36235,24000,12235,34800,13050,21750,56550,26100,30450,91400,43200,48200,192000,72000,120000,18600,
41,15,410900,238100,123500,114600,48000,30000,18000,28200,17400,10800,105900,45300,60600,56000,30800,25200,148000,88000,60000,24800,
41,16,506600,297800,115700,182100,83200,36000,47200,54300,19500,34800,83100,34800,48300,77200,25400,51800,184000,64000,120000,24800,
41,17,396750,256150,114300,141850,43300,27000,16300,49800,23850,25950,103650,55050,48600,59400,8400,51000,122000,32000,90000,18600,
41,18,463450,282850,143150,139700,55300,28300,27000,52950,20400,32550,107400,58050,49350,67200,36400,30800,162000,72000,90000,18600,
41,19,495950,324150,128350,195800,62600,21000,41600,48300,17400,30900,101850,61950,39900,111400,28000,83400,147000,72000,75000,24800,
41,20,464720,254120,107720,146400,49770,15470,34300,23850,8700,15150,106500,49950,56550,74000,33600,40400,192000,72000,120000,18600,
41,21,522190,297390,109370,188020,57940,18470,39470,52050,23850,28200,76800,30450,46350,110600,36600,74000,200000,80000,120000,24800,
41,22,497100,285500,123700,161800,68600,24000,44600,60900,26100,34800,84600,45600,39000,71400,28000,43400,193000,88000,105000,18600,
41,23,421685,287885,104685,183200,53835,18235,35600,42750,17250,25500,93900,46800,47100,97400,22400,75000,109000,64000,45000,24800,
41,24,472885,286085,101600,184485,63235,27000,36235,51150,17400,33750,95700,43200,52500,76000,14000,62000,162000,72000,90000,24800,
41,25,458770,280970,127400,153570,64770,30000,34770,54150,23850,30300,82650,59550,23100,79400,14000,65400,153000,48000,105000,24800,
41,26,461970,298170,117700,180470,52770,21000,31770,46950,21750,25200,95250,46950,48300,103200,28000,75200,139000,64000,75000,24800,
41,27,447200,259600,99850,159750,73300,27000,46300,43350,19500,23850,81750,21750,60000,61200,31600,29600,169000,64000,105000,18600,
41,28,497350,269750,128500,141250,24000,18000,6000,54300,26100,28200,104250,56400,47850,87200,28000,59200,209000,104000,105000,18600,
41,29,486020,298420,134650,163770,79770,30000,49770,58650,21750,36900,102600,45300,57300,57400,37600,19800,169000,64000,105000,18600,
41,30,478250,277450,116850,160600,76300,24000,52300,54300,19500,34800,55650,36750,18900,91200,36600,54600,176000,56000,120000,24800,
42,0,421685,272885,107050,165835,57235,21000,36235,52200,26100,26100,76050,40350,35700,87400,19600,67800,124000,64000,60000,24800,
42,1,494400,285600,113920,171680,62350,12470,49880,46200,16800,29400,76050,38250,37800,101000,46400,54600,184000,64000,120000,24800,
42,2,514255,288655,109310,179345,81055,37410,43645,44100,12600,31500,50700,12900,37800,112800,46400,66400,207000,72000,135000,18600,
42,3,466925,334125,148345,185780,93525,43645,49880,50400,25200,25200,84000,39900,44100,106200,39600,66600,108000,48000,60000,24800,
42,4,521150,304350,127200,177150,44600,18000,26600,52050,21600,30450,111300,54000,57300,96400,33600,62800,192000,72000,120000,24800,
42,5,403300,247500,134850,112650,41600,35600,6000,54300,19500,34800,74400,36150,38250,77200,43600,33600,131000,56000,75000,24800,
42,6,473150,295350,127350,168000,77200,18000,59200,43050,15150,27900,92100,57600,34500,83000,36600,46400,153000,48000,105000,24800,
42,7,429670,264070,98900,165170,60470,24000,36470,56400,28200,28200,48600,6300,42300,98600,40400,58200,147000,72000,75000,18600,
42,8,447935,261335,123700,137635,27235,12000,15235,49950,26100,23850,85950,40800,45150,98200,44800,53400,168000,48000,120000,18600,
42,9,510350,284750,129800,154950,79300,21000,58300,37800,17400,20400,108450,60600,47850,59200,30800,28400,207000,72000,135000,18600,
42,10,473800,333000,139500,193500,62200,24000,38200,47100,26100,21000,96900,48600,48300,126800,40800,86000,116000,56000,60000,24800,
42,11,516200,299400,153900,145500,60000,27000,33000,68100,34650,33450,102900,57450,45450,68400,34800,33600,192000,72000,120000,24800,
42,12,528655,296855,127250,169605,69705,27000,42705,67350,23850,43500,88200,54000,34200,71600,22400,49200,207000,72000,135000,24800,
42,13,390600,257000,101600,155400,61300,15000,46300,38250,21750,16500,76050,42450,33600,81400,22400,59000,115000,40000,75000,18600,
42,14,463035,260435,115600,144835,60235,33000,27235,61650,23850,37800,67350,39150,28200,71200,19600,51600,184000,64000,120000,18600,
42,15,409335,263335,136500,126835,61535,34300,27235,30600,10200,20400,67800,33600,34200,103400,58400,45000,115000,40000,75000,31000,
42,16,492700,275900,111250,164650,69000,30000,39000,32400,19500,12900,93300,39150,54150,81200,22600,58600,192000,72000,120000,24800,
42,17,438420,262620,86700,175920,64370,12000,52370,42900,21750,21150,76950,27750,49200,78400,25200,53200,151000,16000,135000,24800,
42,18,413350,248750,120650,128100,57000,21000,36000,34650,17250,17400,101100,51600,49500,56000,30800,25200,146000,56000,90000,18600,
42,19,429235,265635,121900,143735,57235,24000,33235,49950,19500,30450,91650,40800,50850,66800,37600,29200,145000,40000,105000,18600,
42,20,409635,255035,89100,165935,71835,27000,44835,38250,19350,18900,67950,25950,42000,77000,16800,60200,136000,16000,120000,18600,
42,21,467750,295150,114300,180850,62600,18000,44600,51450,30300,21150,76500,40800,35700,104600,25200,79400,154000,64000,90000,18600,
42,22,486900,299300,132500,166800,40300,15000,25300,50700,17250,33450,89700,58050,31650,118600,42200,76400,169000,64000,105000,18600,
42,23,519350,285750,131450,154300,72000,33000,39000,69600,34800,34800,86550,49650,36900,57600,14000,43600,215000,80000,135000,18600,
42,24,555900,279100,139650,139450,63000,36000,27000,69450,28200,41250,69450,41250,28200,77200,34200,43000,252000,72000,180000,24800,
42,25,384950,222950,113800,109150,57000,30000,27000,56400,28200,28200,61950,27600,34350,47600,28000,19600,131000,56000,75000,31000,
42,26,498100,280500,113100,167400,65600,24000,41600,45600,26100,19500,86700,34800,51900,82600,28200,54400,199000,64000,135000,18600,
42,27,402935,266535,122050,144485,66235,21000,45235,55950,28200,27750,72750,36450,36300,71600,36400,35200,124000,64000,60000,12400,
42,28,476450,288050,117400,170650,57000,18000,39000,41250,23850,17400,98400,47550,50850,91400,28000,63400,176000,56000,120000,12400,
42,29,520250,270650,147650,123000,33000,30000,3000,45600,28200,17400,121650,58650,63000,70400,30800,39600,231000,96000,135000,18600,
42,30,501600,284000,129400,154600,60900,27000,33900,56400,19500,36900,82500,43500,39000,84200,39400,44800,199000,64000,135000,18600,
43,0,427395,265595,118745,146850,105995,43645,62350,31500,18900,12600,65100,33600,31500,63000,22600,40400,137000,32000,105000,24800,
43,1,494400,285600,113920,171680,62350,12470,49880,46200,16800,29400,76050,38250,37800,101000,46400,54600,184000,64000,120000,24800,
43,2,553200,328400,134050,194350,63000,24000,39000,45450,23850,21600,119550,58200,61350,100400,28000,72400,200000,80000,120000,24800,
43,3,424400,297800,121700,176100,79400,28300,51100,36150,15150,21000,86850,40650,46200,95400,37600,57800,108000,48000,60000,18600,
43,4,452020,281220,137875,143345,74820,31175,43645,42000,16800,25200,75600,44100,31500,88800,45800,43000,146000,56000,90000,24800,
43,5,389900,235100,86200,148900,43300,15000,28300,35550,10800,24750,86250,40800,45450,70000,19600,50400,130000,40000,90000,24800,
43,6,414635,265835,137450,128385,70535,31300,39235,31200,24750,6450,102900,42600,60300,61200,38800,22400,124000,64000,60000,24800,
43,7,444600,258000,100900,157100,68600,24000,44600,45450,15150,30300,75750,21750,54000,68200,40000,28200,168000,48000,120000,18600,
43,8,502750,270150,119100,151050,61300,18000,43300,59550,26100,33450,101700,58200,43500,47600,16800,30800,214000,64000,150000,18600,
43,9,432385,289785,137350,152435,57735,21000,36735,48300,28800,19500,97950,55350,42600,85800,32200,53600,124000,64000,60000,18600,
43,10,520350,266550,117400,149150,57000,24000,33000,52050,25950,26100,95700,47850,47850,61800,19600,42200,229000,64000,165000,24800,
43,11,492205,344405,115885,228520,88705,18235,70470,44400,15000,29400,97500,40650,56850,113800,42000,71800,123000,48000,75000,24800,
43,12,533750,316150,142250,173900,77200,34300,42900,63750,21600,42150,73200,49950,23250,102000,36400,65600,199000,64000,135000,18600,
43,13,463950,283550,104450,179100,68600,15000,53600,43950,15150,28800,82200,43500,38700,88800,30800,58000,168000,48000,120000,12400,
43,14,463870,255070,105800,149270,69470,24000,45470,63750,25950,37800,62850,30450,32400,59000,25400,33600,184000,64000,120000,24800,
43,15,473350,255750,117350,138400,57000,33000,24000,45600,19500,26100,82350,30450,51900,70800,34400,36400,199000,64000,135000,18600,
43,16,437100,255700,121600,134100,72000,27000,45000,26100,4350,21750,69600,47850,21750,88000,42400,45600,169000,64000,105000,12400,
43,17,403500,232700,100200,132500,52300,21000,31300,43500,21750,21750,75300,32250,43050,61600,25200,36400,146000,56000,90000,24800,
43,18,509205,294405,127700,166705,69705,30000,39705,49950,19500,30450,98550,47400,51150,76200,30800,45400,190000,40000,150000,24800,
43,19,461185,291385,124000,167385,85135,25300,59835,43200,21750,21450,67650,31950,35700,95400,45000,50400,145000,40000,105000,24800,
43,20,511500,302700,134850,167850,73300,30000,43300,58650,23850,34800,91950,55800,36150,78800,25200,53600,184000,64000,120000,24800,
43,21,499940,297340,127800,169540,63940,27000,36940,52050,30450,21600,106950,45150,61800,74400,25200,49200,184000,64000,120000,18600,
43,22,435785,262985,114000,148985,60235,24000,36235,50850,21750,29100,90300,34650,55650,61600,33600,28000,148000,88000,60000,24800,
43,23,438385,272985,130700,142285,63235,33000,30235,54300,23850,30450,98250,51450,46800,57200,22400,34800,153000,48000,105000,12400,
43,24,529635,359035,167400,191635,87335,35200,52135,37800,21000,16800,93300,50400,42900,140600,60800,79800,152000,32000,120000,18600,
43,25,447500,289900,116650,173250,80200,24000,56200,50850,19500,31350,58650,36750,21900,100200,36400,63800,139000,64000,75000,18600,
43,26,528800,289800,106900,182900,42000,21000,21000,30450,17400,13050,90150,19500,70650,127200,49000,78200,208000,88000,120000,31000,
43,27,494550,309750,135850,173900,61300,24000,37300,48450,21750,26700,108000,51300,56700,92000,38800,53200,160000,40000,120000,24800,
43,28,565085,331485,149335,182150,73135,27235,45900,62850,17250,45600,126900,62850,64050,68600,42000,26600,215000,80000,135000,18600,
43,29,474600,272000,123800,148200,39000,30000,9000,53850,21750,32100,86550,41250,45300,92600,30800,61800,184000,64000,120000,18600,
43,30,534650,314250,133450,180800,58300,18000,40300,45450,19500,25950,105900,56550,49350,104600,39400,65200,208000,88000,120000,12400,
44,0,443150,242350,112950,129400,48000,18000,30000,49800,21600,28200,79950,45150,34800,64600,28200,36400,176000,56000,120000,24800,
44,1,490835,259035,113300,145735,63235,27000,36235,60750,26100,34650,84450,34800,49650,50600,25400,25200,207000,72000,135000,24800,
44,2,499200,311600,127350,184250,70300,33000,37300,59400,23850,35550,95700,45300,50400,86200,25200,61000,169000,64000,105000,18600,
44,3,453000,281400,122650,158750,55300,30000,25300,49800,23850,25950,95700,49200,46500,80600,19600,61000,153000,48000,105000,18600,
44,4,400650,238850,109750,129100,58300,21000,37300,52350,16950,35400,62400,40800,21600,65800,31000,34800,137000,32000,105000,24800,
44,5,448785,276185,120500,155685,45235,27000,18235,47700,23850,23850,90450,30450,60000,92800,39200,53600,154000,64000,90000,18600,
44,6,351800,212000,102750,109250,57000,24000,33000,43500,21750,21750,55500,23400,32100,56000,33600,22400,115000,40000,75000,24800,
44,7,458625,304625,137545,167080,93525,43645,49880,37800,21000,16800,86100,35700,50400,87200,37200,50000,123000,48000,75000,31000,
44,8,565345,308745,158280,150465,105995,49880,56115,31500,14700,16800,95850,53100,42750,75400,40600,34800,238000,88000,150000,18600,
44,9,428490,254890,107475,147415,87290,31175,56115,31500,12600,18900,61500,40500,21000,74600,23200,51400,155000,80000,75000,18600,
44,10,421055,267255,99040,168215,89655,24940,64715,33600,21000,12600,71400,27300,44100,72600,25800,46800,129000,24000,105000,24800,
44,11,419360,270560,101010,169550,99760,37410,62350,42000,21000,21000,58800,16800,42000,70000,25800,44200,124000,64000,60000,24800,
44,12,482495,294895,135845,159050,105995,43645,62350,23100,6300,16800,71400,39900,31500,94400,46000,48400,169000,64000,105000,18600,
44,13,448785,278985,134345,144640,68585,43645,24940,37800,21000,16800,67200,35700,31500,105400,34000,71400,145000,40000,105000,24800,
44,14,482955,297155,117775,179380,81055,31175,49880,37800,16800,21000,60900,29400,31500,117400,40400,77000,161000,56000,105000,24800,
44,15,452815,268015,115305,152710,56115,18705,37410,33600,16800,16800,69300,33600,35700,109000,46200,62800,160000,40000,120000,24800,
44,16,490025,294425,152845,141580,93525,43645,49880,29400,16800,12600,65100,37800,27300,106400,54600,51800,177000,72000,105000,18600,
44,17,521810,314010,124490,189520,99760,24940,74820,29400,14700,14700,69450,44250,25200,115400,40600,74800,183000,48000,135000,24800,
44,18,440385,276585,127110,149475,68585,37410,31175,35700,16800,18900,77700,27300,50400,94600,45600,49000,139000,64000,75000,24800,
44,19,493820,270020,122110,147910,74820,37410,37410,35700,14700,21000,78300,46800,31500,81200,23200,58000,199000,64000,135000,24800,
44,20,509970,285170,126825,158345,74820,31175,43645,29400,12600,16800,82350,42450,39900,98600,40600,58000,200000,80000,120000,24800,
44,21,470590,274990,110310,164680,87290,37410,49880,33600,14700,18900,59100,23400,35700,95000,34800,60200,177000,72000,105000,18600,
44,22,400620,232620,112775,119845,74820,31175,43645,29400,18900,10500,54600,23100,31500,73800,39600,34200,137000,32000,105000,31000,
44,23,458675,294075,110725,183350,93525,31175,62350,25200,8400,16800,79950,42150,37800,95400,29000,66400,146000,56000,90000,18600,
44,24,466625,307225,115010,192215,93525,37410,56115,39900,18900,21000,78000,29700,48300,95800,29000,66800,147000,72000,75000,12400,
44,25,435390,264590,110310,154280,87290,37410,49880,33600,12600,21000,69300,23100,46200,74400,37200,37200,146000,56000,90000,24800,
44,26,489840,274040,144245,129795,87290,43645,43645,25200,12600,12600,86550,42000,44550,75000,46000,29000,191000,56000,135000,24800,
44,27,408390,259790,120345,139445,87290,43645,43645,27300,10500,16800,54600,29400,25200,90600,36800,53800,130000,40000,90000,18600,
44,28,454770,246970,107690,139280,74820,24940,49880,23100,10500,12600,48450,31650,16800,100600,40600,60000,183000,48000,135000,24800,
44,29,404360,255760,112645,143115,99760,43645,56115,23100,12600,10500,65100,25200,39900,67800,31200,36600,130000,40000,90000,18600,
44,30,562370,304770,127790,176980,74820,24940,49880,44100,18900,25200,81450,43350,38100,104400,40600,63800,239000,104000,135000,18600,
45,0,414000,240400,106250,134150,48000,21000,27000,49800,19500,30300,78000,43350,34650,64600,22400,42200,155000,80000,75000,18600,
45,1,419735,240135,105700,134435,48235,15000,33235,52050,21750,30300,83850,40950,42900,56000,28000,28000,161000,56000,105000,18600,
45,2,510695,323095,131645,191450,105995,43645,62350,39900,10500,29400,75600,39900,35700,101600,37600,64000,169000,64000,105000,18600,
45,3,469195,290595,134745,155850,105995,43645,62350,27300,16800,10500,77700,48300,29400,79600,26000,53600,160000,40000,120000,18600,
45,4,505595,302995,141210,161785,105995,37410,68585,35700,16800,18900,69300,37800,31500,92000,49200,42800,184000,64000,120000,18600,
45,5,403300,247500,134850,112650,41600,35600,6000,54300,19500,34800,74400,36150,38250,77200,43600,33600,131000,56000,75000,24800,
45,6,473150,295350,127350,168000,77200,18000,59200,43050,15150,27900,92100,57600,34500,83000,36600,46400,153000,48000,105000,24800,
45,7,429670,264070,98900,165170,60470,24000,36470,56400,28200,28200,48600,6300,42300,98600,40400,58200,147000,72000,75000,18600,
45,8,447935,261335,123700,137635,27235,12000,15235,49950,26100,23850,85950,40800,45150,98200,44800,53400,168000,48000,120000,18600,
45,9,510350,284750,129800,154950,79300,21000,58300,37800,17400,20400,108450,60600,47850,59200,30800,28400,207000,72000,135000,18600,
45,10,473800,333000,139500,193500,62200,24000,38200,47100,26100,21000,96900,48600,48300,126800,40800,86000,116000,56000,60000,24800,
45,11,516200,299400,153900,145500,60000,27000,33000,68100,34650,33450,102900,57450,45450,68400,34800,33600,192000,72000,120000,24800,
45,12,528655,296855,127250,169605,69705,27000,42705,67350,23850,43500,88200,54000,34200,71600,22400,49200,207000,72000,135000,24800,
45,13,390600,257000,101600,155400,61300,15000,46300,38250,21750,16500,76050,42450,33600,81400,22400,59000,115000,40000,75000,18600,
45,14,463035,260435,115600,144835,60235,33000,27235,61650,23850,37800,67350,39150,28200,71200,19600,51600,184000,64000,120000,18600,
45,15,409335,263335,136500,126835,61535,34300,27235,30600,10200,20400,67800,33600,34200,103400,58400,45000,115000,40000,75000,31000,
45,16,492700,275900,111250,164650,69000,30000,39000,32400,19500,12900,93300,39150,54150,81200,22600,58600,192000,72000,120000,24800,
45,17,438420,262620,86700,175920,64370,12000,52370,42900,21750,21150,76950,27750,49200,78400,25200,53200,151000,16000,135000,24800,
45,18,413350,248750,120650,128100,57000,21000,36000,34650,17250,17400,101100,51600,49500,56000,30800,25200,146000,56000,90000,18600,
45,19,429235,265635,121900,143735,57235,24000,33235,49950,19500,30450,91650,40800,50850,66800,37600,29200,145000,40000,105000,18600,
45,20,409635,255035,89100,165935,71835,27000,44835,38250,19350,18900,67950,25950,42000,77000,16800,60200,136000,16000,120000,18600,
45,21,467750,295150,114300,180850,62600,18000,44600,51450,30300,21150,76500,40800,35700,104600,25200,79400,154000,64000,90000,18600,
45,22,486900,299300,132500,166800,40300,15000,25300,50700,17250,33450,89700,58050,31650,118600,42200,76400,169000,64000,105000,18600,
45,23,519350,285750,131450,154300,72000,33000,39000,69600,34800,34800,86550,49650,36900,57600,14000,43600,215000,80000,135000,18600,
45,24,555900,279100,139650,139450,63000,36000,27000,69450,28200,41250,69450,41250,28200,77200,34200,43000,252000,72000,180000,24800,
45,25,384950,222950,113800,109150,57000,30000,27000,56400,28200,28200,61950,27600,34350,47600,28000,19600,131000,56000,75000,31000,
45,26,498100,280500,113100,167400,65600,24000,41600,45600,26100,19500,86700,34800,51900,82600,28200,54400,199000,64000,135000,18600,
45,27,402935,266535,122050,144485,66235,21000,45235,55950,28200,27750,72750,36450,36300,71600,36400,35200,124000,64000,60000,12400,
45,28,476450,288050,117400,170650,57000,18000,39000,41250,23850,17400,98400,47550,50850,91400,28000,63400,176000,56000,120000,12400,
45,29,520250,270650,147650,123000,33000,30000,3000,45600,28200,17400,121650,58650,63000,70400,30800,39600,231000,96000,135000,18600,
45,30,501600,284000,129400,154600,60900,27000,33900,56400,19500,36900,82500,43500,39000,84200,39400,44800,199000,64000,135000,18600,
46,0,431000,269200,112800,156400,46300,15000,31300,28050,15150,12900,84450,49050,35400,110400,33600,76800,137000,32000,105000,24800,
46,1,515190,306390,134250,172140,72940,27000,45940,47250,16950,30300,96600,54300,42300,89600,36000,53600,184000,64000,120000,24800,
46,2,515135,306335,129835,176500,68835,27235,41600,49500,16950,32550,96600,52050,44550,91400,33600,57800,184000,64000,120000,24800,
46,3,496700,281900,112450,169450,60000,21000,39000,42900,15150,27750,79200,36900,42300,99800,39400,60400,190000,40000,150000,24800,
46,4,505595,302995,141210,161785,105995,37410,68585,35700,16800,18900,69300,37800,31500,92000,49200,42800,184000,64000,120000,18600,
46,5,518250,309450,132650,176800,72500,27000,45500,49500,16950,32550,96450,51900,44550,91000,36800,54200,184000,64000,120000,24800,
46,6,323050,189450,85700,103750,42000,18000,24000,34650,15150,19500,62400,30150,32250,50400,22400,28000,115000,40000,75000,18600,
46,7,237300,132900,60650,72250,30000,12000,18000,23850,10800,13050,45450,23850,21600,33600,14000,19600,92000,32000,60000,12400,
46,8,509575,300775,129835,170940,73175,27235,45940,51900,21600,30300,89700,47400,42300,86000,33600,52400,184000,64000,120000,24800,
46,9,519100,310300,132650,177650,69900,27000,42900,47250,16950,30300,99150,51900,47250,94000,36800,57200,184000,64000,120000,24800,
46,10,518250,309450,131850,177600,67300,27000,40300,56400,23850,32550,95550,47400,48150,90200,33600,56600,184000,64000,120000,24800,
46,11,516835,308035,129835,178200,71435,27235,44200,49500,16950,32550,99300,52050,47250,87800,33600,54200,184000,64000,120000,24800,
46,12,515250,306450,132650,173800,66000,27000,39000,51900,21600,30300,94350,47250,47100,94200,36800,57400,184000,64000,120000,24800,
46,13,321000,187400,83650,103750,42000,18000,24000,30000,12900,17100,64800,30150,34650,50600,22600,28000,115000,40000,75000,18600,
46,14,237300,132900,60650,72250,30000,12000,18000,23850,10800,13050,45450,23850,21600,33600,14000,19600,92000,32000,60000,12400,
46,15,514250,305450,131850,173600,67300,27000,40300,55050,23850,31200,92100,47400,44700,91000,33600,57400,184000,64000,120000,24800,
46,16,514320,305520,133050,172470,69470,27000,42470,54150,23850,30300,89700,47400,42300,92200,34800,57400,184000,64000,120000,24800,
46,17,516535,307735,129835,177900,67535,27235,40300,49500,16950,32550,99300,52050,47250,91400,33600,57800,184000,64000,120000,24800,
46,18,518450,309650,131850,177800,69900,27000,42900,56400,23850,32550,91950,47400,44550,91400,33600,57800,184000,64000,120000,24800,
46,19,513350,304550,131850,172700,67300,27000,40300,54150,23850,30300,92100,47400,44700,91000,33600,57400,184000,64000,120000,24800,
46,20,323050,189450,85700,103750,42000,18000,24000,34650,15150,19500,62400,30150,32250,50400,22400,28000,115000,40000,75000,18600,
46,21,237300,132900,60650,72250,30000,12000,18000,23850,10800,13050,45450,23850,21600,33600,14000,19600,92000,32000,60000,12400,
46,22,511635,302835,129835,173000,66235,27235,39000,51900,21600,30300,92100,47400,44700,92600,33600,59000,184000,64000,120000,24800,
46,23,517350,308550,131850,176700,71200,27000,44200,56400,23850,32550,91950,47400,44550,89000,33600,55400,184000,64000,120000,24800,
46,24,513520,304720,131850,172870,69470,27000,42470,54150,23850,30300,89700,47400,42300,91400,33600,57800,184000,64000,120000,24800,
46,25,519500,310700,131850,178850,73800,27000,46800,54150,23850,30300,91950,47400,44550,90800,33600,57200,184000,64000,120000,24800,
46,26,512340,303540,132600,170940,72940,27000,45940,51900,21600,30300,89700,47400,42300,89000,36600,52400,184000,64000,120000,24800,
46,27,323050,189450,85700,103750,42000,18000,24000,34650,15150,19500,62400,30150,32250,50400,22400,28000,115000,40000,75000,18600,
46,28,237300,132900,60650,72250,30000,12000,18000,23850,10800,13050,45450,23850,21600,33600,14000,19600,92000,32000,60000,12400,
46,29,513250,304450,131850,172600,66000,27000,39000,50400,19200,31200,97050,52050,45000,91000,33600,57400,184000,64000,120000,24800,
46,30,514850,306050,131850,174200,71200,27000,44200,54150,23850,30300,89700,47400,42300,91000,33600,57400,184000,64000,120000,24800,
47,0,371985,230385,83450,146935,54235,24000,30235,50700,19500,31200,72450,25950,46500,53000,14000,39000,123000,48000,75000,18600,
47,1,372450,253850,68770,185080,70950,12470,58480,46200,14700,31500,35700,4200,31500,101000,37400,63600,100000,40000,60000,18600,
47,2,560970,296370,139090,157280,74820,24940,49880,31500,16800,14700,85650,45150,40500,104400,52200,52200,246000,96000,150000,18600,
47,3,501625,292825,118875,173950,93525,31175,62350,29400,14700,14700,60900,21000,39900,109000,52000,57000,184000,64000,120000,24800,
47,4,399385,268585,130275,138310,85785,48375,37410,37800,16800,21000,58800,31500,27300,86200,33600,52600,106000,16000,90000,24800,
47,5,466770,287170,105300,181870,61770,18000,43770,40200,12900,27300,60000,34800,25200,125200,39600,85600,161000,56000,105000,18600,
47,6,523735,261135,100000,161135,51235,6000,45235,45450,8550,36900,97650,47850,49800,66800,37600,29200,244000,64000,180000,18600,
47,7,379785,277985,107285,170700,66235,24235,42000,37200,14700,22500,85350,48750,36600,89200,19600,69600,77000,32000,45000,24800,
47,8,484300,283700,135900,147800,84000,30000,54000,54300,26100,28200,92400,45000,47400,53000,34800,18200,182000,32000,150000,18600,
47,9,501750,284150,135800,148350,49300,18000,31300,52050,21600,30450,97200,62400,34800,85600,33800,51800,199000,64000,135000,18600,
47,10,531400,292600,144050,148550,75000,30000,45000,54300,21750,32550,80100,51900,28200,83200,40400,42800,214000,64000,150000,24800,
47,11,410150,270350,102350,168000,69500,18000,51500,43050,23850,19200,86400,29700,56700,71400,30800,40600,115000,40000,75000,24800,
47,12,531300,292500,156350,136150,57000,27000,30000,49950,19500,30450,129150,73050,56100,56400,36800,19600,214000,64000,150000,24800,
47,13,449135,270535,109250,161285,54235,18000,36235,53850,19500,34350,68250,40950,27300,94200,30800,63400,160000,40000,120000,18600,
47,14,413250,256650,109000,147650,75500,27000,48500,39150,13050,26100,68400,49350,19050,73600,19600,54000,138000,48000,90000,18600,
47,15,489550,308150,127100,181050,63000,27000,36000,49950,15150,34800,115200,54150,61050,80000,30800,49200,169000,64000,105000,12400,
47,16,460150,257550,110400,147150,67300,27000,40300,46500,21750,24750,67350,30450,36900,76400,31200,45200,184000,64000,120000,18600,
47,17,460300,251500,90450,161050,53600,21000,32600,72450,32550,39900,59850,2100,57750,65600,34800,30800,184000,64000,120000,24800,
47,18,561655,290055,138405,151650,51705,21705,30000,39000,19500,19500,108750,52200,56550,90600,45000,45600,253000,88000,165000,18600,
47,19,428320,270720,113650,157070,60470,21000,39470,41100,19500,21600,85950,45150,40800,83200,28000,55200,139000,64000,75000,18600,
47,20,429635,266835,119900,146935,52535,24000,28535,56100,30150,25950,63600,31950,31650,94600,33800,60800,138000,48000,90000,24800,
47,21,438985,266385,110300,156085,60235,21000,39235,25950,15150,10800,111600,60150,51450,68600,14000,54600,154000,64000,90000,18600,
47,22,425400,238600,113100,125500,45000,21000,24000,49950,26100,23850,90450,32400,58050,53200,33600,19600,162000,72000,90000,24800,
47,23,514550,318950,143300,175650,49300,24000,25300,54150,23700,30450,96300,54000,42300,119200,41600,77600,177000,72000,105000,18600,
47,24,393370,304970,112200,192770,78970,22300,56670,47250,18150,29100,71550,29550,42000,107200,42200,65000,76000,16000,60000,12400,
47,25,497200,271600,117500,154100,48000,15000,33000,30000,25800,4200,108600,54300,54300,85000,22400,62600,207000,72000,135000,18600,
47,26,428685,264885,102850,162035,46535,18000,28535,58500,28200,30300,74250,25650,48600,85600,31000,54600,139000,64000,75000,24800,
47,27,480900,295100,115350,179750,72900,36000,36900,40800,14850,25950,100200,47700,52500,81200,16800,64400,161000,56000,105000,24800,
47,28,492600,261000,122450,138550,63000,27000,36000,60750,28200,32550,77850,30450,47400,59400,36800,22600,213000,48000,165000,18600,
47,29,401735,245135,105200,139935,57235,33000,24235,47700,17400,30300,75000,40800,34200,65200,14000,51200,138000,48000,90000,18600,
47,30,333135,237535,98335,139200,48235,24235,24000,37950,14850,23100,61350,34050,27300,90000,25200,64800,77000,32000,45000,18600,
48,0,421685,272885,107050,165835,57235,21000,36235,52200,26100,26100,76050,40350,35700,87400,19600,67800,124000,64000,60000,24800,
48,1,523325,314525,138210,176315,93525,37410,56115,39900,16800,23100,77700,37800,39900,103400,46200,57200,184000,64000,120000,24800,
48,2,462350,274750,119800,154950,62600,24000,38600,67200,32550,34650,68550,32250,36300,76400,31000,45400,169000,64000,105000,18600,
48,3,496700,281900,112450,169450,60000,21000,39000,42900,15150,27750,79200,36900,42300,99800,39400,60400,190000,40000,150000,24800,
48,4,505595,302995,141210,161785,105995,37410,68585,35700,16800,18900,69300,37800,31500,92000,49200,42800,184000,64000,120000,18600,
48,5,463935,285335,119250,166085,66235,21000,45235,52050,19500,32550,97650,45150,52500,69400,33600,35800,160000,40000,120000,18600,
48,6,496050,263450,151800,111650,49300,31300,18000,58200,27750,30450,73950,39150,34800,82000,53600,28400,214000,64000,150000,18600,
48,7,394800,235400,111450,123950,39000,15000,24000,54300,19500,34800,77700,43350,34350,64400,33600,30800,147000,72000,75000,12400,
48,8,421585,250785,100750,150035,63235,18000,45235,36750,17250,19500,62400,26100,36300,88400,39400,49000,146000,56000,90000,24800,
48,9,429655,304055,128635,175420,78305,31535,46770,35100,19500,15600,92850,36000,56850,97800,41600,56200,107000,32000,75000,18600,
48,10,534870,301270,115300,185970,61770,18000,43770,47700,21750,25950,85800,32550,53250,106000,43000,63000,215000,80000,135000,18600,
48,11,400200,236400,112800,123600,21000,21000,0,49950,19500,30450,89850,38700,51150,75600,33600,42000,139000,64000,75000,24800,
48,12,433685,270085,100950,169135,60235,21000,39235,34050,17250,16800,72600,26100,46500,103200,36600,66600,145000,40000,105000,18600,
48,13,441050,292450,149100,143350,55800,35200,20600,60750,36900,23850,84300,42000,42300,91600,35000,56600,130000,40000,90000,18600,
48,14,518950,281150,123900,157250,61300,21000,40300,52950,26100,26850,81900,51600,30300,85000,25200,59800,213000,48000,165000,24800,
48,15,514770,313970,114900,199070,61770,27000,34770,56700,19500,37200,108300,43200,65100,87200,25200,62000,176000,56000,120000,24800,
48,16,497200,280400,125900,154500,72000,30000,42000,55200,26100,29100,67200,39000,28200,86000,30800,55200,192000,72000,120000,24800,
48,17,462750,237150,121950,115200,36000,18000,18000,30300,19500,10800,100050,47850,52200,70800,36600,34200,207000,72000,135000,18600,
48,18,531600,329800,140550,189250,62600,28300,34300,55800,34350,21450,99600,47100,52500,111800,30800,81000,177000,72000,105000,24800,
48,19,513500,265900,134600,131300,63000,27000,36000,30300,8550,21750,112800,73650,39150,59800,25400,34400,229000,64000,165000,18600,
48,20,452600,297000,115850,181150,72500,27000,45500,55650,28200,27450,84450,38250,46200,84400,22400,62000,137000,32000,105000,18600,
48,21,418670,255070,101300,153770,75470,27000,48470,36300,2100,34200,85500,49800,35700,57800,22400,35400,145000,40000,105000,18600,
48,22,487585,276985,99785,177200,45235,12235,33000,52200,21750,30450,98550,34800,63750,81000,31000,50000,192000,72000,120000,18600,
48,23,477520,274920,111050,163870,63470,15000,48470,36600,6300,30300,101850,49950,51900,73000,39800,33200,184000,64000,120000,18600,
48,24,439900,254100,109150,144950,64300,27000,37300,52050,28200,23850,69150,25950,43200,68600,28000,40600,161000,56000,105000,24800,
48,25,498700,274900,123800,151100,67300,30000,37300,32400,17400,15000,102000,45600,56400,73200,30800,42400,199000,64000,135000,24800,
48,26,511040,316440,141250,175190,77240,31300,45940,59400,24750,34650,93600,51600,42000,86200,33600,52600,176000,56000,120000,18600,
48,27,489250,278650,123050,155600,51000,15000,36000,36750,6300,30450,112500,56550,55950,78400,45200,33200,192000,72000,120000,18600,
48,28,460985,267185,122700,144485,63235,18000,45235,52200,21750,30450,106950,57750,49200,44800,25200,19600,169000,64000,105000,24800,
48,29,500935,315135,120550,194585,77435,30000,47435,57300,21750,35550,82800,40800,42000,97600,28000,69600,161000,56000,105000,24800,
48,30,496400,316800,120900,195900,81900,33000,48900,59100,30300,28800,82800,32400,50400,93000,25200,67800,161000,56000,105000,18600,
49,0,431725,297125,114575,182550,93525,31175,62350,31500,14700,16800,77700,31500,46200,94400,37200,57200,116000,56000,60000,18600,
49,1,509075,277275,124945,152330,93525,43645,49880,44100,18900,25200,70050,27600,42450,69600,34800,34800,207000,72000,135000,24800,
49,2,512665,326065,131710,194355,127065,37410,89655,37800,18900,18900,75600,37800,37800,85600,37600,48000,168000,48000,120000,18600,
49,3,496700,281900,112450,169450,60000,21000,39000,42900,15150,27750,79200,36900,42300,99800,39400,60400,190000,40000,150000,24800,
49,4,505595,302995,141210,161785,105995,37410,68585,35700,16800,18900,69300,37800,31500,92000,49200,42800,184000,64000,120000,18600,
49,5,441595,270795,121945,148850,105995,43645,62350,31500,14700,16800,73500,29400,44100,59800,34200,25600,146000,56000,90000,24800,
49,6,385350,229550,111605,117945,62350,18705,43645,35700,8400,27300,56700,44100,12600,74800,40400,34400,131000,56000,75000,24800,
49,7,492255,306655,144110,162545,81055,37410,43645,35700,16800,18900,73500,44100,29400,116400,45800,70600,167000,32000,135000,18600,
49,8,516570,316770,132115,184655,137170,56115,81055,42000,16800,25200,50400,33600,16800,87200,25600,61600,175000,40000,135000,24800,
49,9,478870,247070,99375,147695,74820,31175,43645,31500,10500,21000,76950,34500,42450,63800,23200,40600,207000,72000,135000,24800,
49,10,489465,273665,92120,181545,56115,12470,43645,35700,12600,23100,74250,32250,42000,107600,34800,72800,191000,56000,135000,24800,
49,11,464245,276645,139560,137085,105995,37410,68585,33600,18900,14700,73650,48450,25200,63400,34800,28600,169000,64000,105000,18600,
49,12,519340,301540,141095,160445,87290,43645,43645,31500,12600,18900,84150,44250,39900,98600,40600,58000,193000,88000,105000,24800,
49,13,398125,270525,122710,147815,93525,37410,56115,29400,10500,18900,67200,37800,29400,80400,37000,43400,109000,64000,45000,18600,
49,14,564730,362130,137880,224250,112230,49880,62350,31500,12600,18900,79800,29400,50400,138600,46000,92600,184000,64000,120000,18600,
49,15,503460,296660,148310,148350,99760,37410,62350,16800,10500,6300,94500,54600,39900,85600,45800,39800,182000,32000,150000,24800,
49,16,492125,319525,158480,161045,93525,49880,43645,33600,16800,16800,92400,46200,46200,100000,45600,54400,154000,64000,90000,18600,
49,17,489200,287600,134490,153110,62350,24940,37410,27300,18900,8400,88350,44250,44100,109600,46400,63200,183000,48000,135000,18600,
49,18,465620,286020,145975,140045,74820,31175,43645,33600,18900,14700,71400,52500,18900,106200,43400,62800,161000,56000,105000,18600,
49,19,461490,265890,98505,167385,87290,18705,68585,25200,12600,12600,52800,15000,37800,100600,52200,48400,177000,72000,105000,18600,
49,20,485670,261070,111325,149745,74820,31175,43645,44100,14700,29400,55350,36450,18900,86800,29000,57800,206000,56000,150000,18600,
49,21,520560,288560,118210,170350,99760,37410,62350,25200,10500,14700,65400,29700,35700,98200,40600,57600,201000,96000,105000,31000,
49,22,459385,262785,108360,154425,68585,37410,31175,27300,4200,23100,74100,31950,42150,92800,34800,58000,178000,88000,90000,18600,
49,23,482695,319895,133210,186685,105995,37410,68585,39900,18900,21000,79800,39900,39900,94200,37000,57200,138000,48000,90000,24800,
49,24,459590,302990,136210,166780,87290,37410,49880,35700,12600,23100,79800,37800,42000,100200,48400,51800,138000,48000,90000,18600,
49,25,455820,268220,122810,145410,74820,37410,37410,35700,10500,25200,65100,31500,33600,92600,43400,49200,169000,64000,105000,18600,
49,26,418890,285290,115075,170215,87290,31175,56115,39900,10500,29400,73500,33600,39900,84600,39800,44800,115000,40000,75000,18600,
49,27,448125,284525,122910,161615,93525,37410,56115,37800,18900,18900,58800,29400,29400,94400,37200,57200,145000,40000,105000,18600,
49,28,505030,283230,131445,151785,112230,43645,68585,37800,12600,25200,50400,37800,12600,82800,37400,45400,197000,32000,165000,24800,
49,29,487825,284225,145075,139150,93525,31175,62350,29400,16800,12600,80100,50700,29400,81200,46400,34800,185000,80000,105000,18600,
49,30,533675,300875,118360,182515,93525,37410,56115,37800,12600,25200,73950,27750,46200,95600,40600,55000,208000,88000,120000,24800,
50,0,431000,269200,112800,156400,46300,15000,31300,28050,15150,12900,84450,49050,35400,110400,33600,76800,137000,32000,105000,24800,
50,1,515190,306390,134250,172140,72940,27000,45940,47250,16950,30300,96600,54300,42300,89600,36000,53600,184000,64000,120000,24800,
50,2,515135,306335,129835,176500,68835,27235,41600,49500,16950,32550,96600,52050,44550,91400,33600,57800,184000,64000,120000,24800,
50,3,516685,307885,132085,175800,67535,27235,40300,49500,16950,32550,100650,54300,46350,90200,33600,56600,184000,64000,120000,24800,
50,4,511655,302855,132085,170770,69705,27235,42470,48150,16950,31200,99000,54300,44700,86000,33600,52400,184000,64000,120000,24800,
50,5,518250,309450,132650,176800,72500,27000,45500,49500,16950,32550,96450,51900,44550,91000,36800,54200,184000,64000,120000,24800,
50,6,494750,315150,160250,154900,62600,22300,40300,58650,19500,39150,78300,46650,31650,115600,71800,43800,161000,56000,105000,18600,
50,7,416870,290270,119300,170970,60470,18000,42470,42300,21300,21000,89100,57600,31500,98400,22400,76000,108000,48000,60000,18600,
50,8,423550,227950,95600,132350,54000,24000,30000,52050,13050,39000,65100,32550,32550,56800,26000,30800,177000,72000,105000,18600,
50,9,405100,249500,91250,158250,52300,15000,37300,32100,17400,14700,72300,36450,35850,92800,22400,70400,137000,32000,105000,18600,
50,10,457600,263800,110000,153800,57000,27000,30000,49950,21750,28200,82050,30450,51600,74800,30800,44000,169000,64000,105000,24800,
50,11,483285,289485,127085,162400,72235,30235,42000,61650,28200,33450,94200,32250,61950,61400,36400,25000,169000,64000,105000,24800,
50,12,464085,292285,116850,175435,98835,27000,71835,60900,32550,28350,51150,32100,19050,81400,25200,56200,147000,72000,75000,24800,
50,13,419150,270350,110600,159750,63000,21000,42000,49650,28200,21450,50700,27600,23100,107000,33800,73200,124000,64000,60000,24800,
50,14,429585,218985,106350,112635,36235,24000,12235,34800,13050,21750,56550,26100,30450,91400,43200,48200,192000,72000,120000,18600,
50,15,410900,238100,123500,114600,48000,30000,18000,28200,17400,10800,105900,45300,60600,56000,30800,25200,148000,88000,60000,24800,
50,16,506600,297800,115700,182100,83200,36000,47200,54300,19500,34800,83100,34800,48300,77200,25400,51800,184000,64000,120000,24800,
50,17,396750,256150,114300,141850,43300,27000,16300,49800,23850,25950,103650,55050,48600,59400,8400,51000,122000,32000,90000,18600,
50,18,463450,282850,143150,139700,55300,28300,27000,52950,20400,32550,107400,58050,49350,67200,36400,30800,162000,72000,90000,18600,
50,19,495950,324150,128350,195800,62600,21000,41600,48300,17400,30900,101850,61950,39900,111400,28000,83400,147000,72000,75000,24800,
50,20,464720,254120,107720,146400,49770,15470,34300,23850,8700,15150,106500,49950,56550,74000,33600,40400,192000,72000,120000,18600,
50,21,522190,297390,109370,188020,57940,18470,39470,52050,23850,28200,76800,30450,46350,110600,36600,74000,200000,80000,120000,24800,
50,22,497100,285500,123700,161800,68600,24000,44600,60900,26100,34800,84600,45600,39000,71400,28000,43400,193000,88000,105000,18600,
50,23,421685,287885,104685,183200,53835,18235,35600,42750,17250,25500,93900,46800,47100,97400,22400,75000,109000,64000,45000,24800,
50,24,472885,286085,101600,184485,63235,27000,36235,51150,17400,33750,95700,43200,52500,76000,14000,62000,162000,72000,90000,24800,
50,25,458770,280970,127400,153570,64770,30000,34770,54150,23850,30300,82650,59550,23100,79400,14000,65400,153000,48000,105000,24800,
50,26,461970,298170,117700,180470,52770,21000,31770,46950,21750,25200,95250,46950,48300,103200,28000,75200,139000,64000,75000,24800,
50,27,447200,259600,99850,159750,73300,27000,46300,43350,19500,23850,81750,21750,60000,61200,31600,29600,169000,64000,105000,18600,
50,28,497350,269750,128500,141250,24000,18000,6000,54300,26100,28200,104250,56400,47850,87200,28000,59200,209000,104000,105000,18600,
50,29,486020,298420,134650,163770,79770,30000,49770,58650,21750,36900,102600,45300,57300,57400,37600,19800,169000,64000,105000,18600,
50,30,478250,277450,116850,160600,76300,24000,52300,54300,19500,34800,55650,36750,18900,91200,36600,54600,176000,56000,120000,24800,
51,0,540470,307670,108020,199650,72070,15470,56600,45450,17400,28050,72150,32550,39600,118000,42600,75400,208000,88000,120000,24800,
51,1,488750,277150,126800,150350,45000,27000,18000,57300,23850,33450,76050,39150,36900,98800,36800,62000,193000,88000,105000,18600,
51,2,516100,276500,127550,148950,60000,27000,33000,58650,23850,34800,101250,36900,64350,56600,39800,16800,221000,56000,165000,18600,
51,3,444025,283025,95710,187315,93525,37410,56115,23100,6300,16800,67200,29400,37800,99200,22600,76600,130000,40000,90000,31000,
51,4,452020,281220,137875,143345,74820,31175,43645,42000,16800,25200,75600,44100,31500,88800,45800,43000,146000,56000,90000,24800,
51,5,445625,281825,123875,157950,93525,31175,62350,23100,12600,10500,71400,31500,39900,93800,48600,45200,139000,64000,75000,24800,
51,6,460250,226450,110540,115910,62350,24940,37410,25200,10500,14700,69300,34500,34800,69600,40600,29000,209000,104000,105000,24800,
51,7,458625,304625,137545,167080,93525,43645,49880,37800,21000,16800,86100,35700,50400,87200,37200,50000,123000,48000,75000,31000,
51,8,565345,308745,158280,150465,105995,49880,56115,31500,14700,16800,95850,53100,42750,75400,40600,34800,238000,88000,150000,18600,
51,9,428490,254890,107475,147415,87290,31175,56115,31500,12600,18900,61500,40500,21000,74600,23200,51400,155000,80000,75000,18600,
51,10,421055,267255,99040,168215,89655,24940,64715,33600,21000,12600,71400,27300,44100,72600,25800,46800,129000,24000,105000,24800,
51,11,419360,270560,101010,169550,99760,37410,62350,42000,21000,21000,58800,16800,42000,70000,25800,44200,124000,64000,60000,24800,
51,12,482495,294895,135845,159050,105995,43645,62350,23100,6300,16800,71400,39900,31500,94400,46000,48400,169000,64000,105000,18600,
51,13,448785,278985,134345,144640,68585,43645,24940,37800,21000,16800,67200,35700,31500,105400,34000,71400,145000,40000,105000,24800,
51,14,482955,297155,117775,179380,81055,31175,49880,37800,16800,21000,60900,29400,31500,117400,40400,77000,161000,56000,105000,24800,
51,15,452815,268015,115305,152710,56115,18705,37410,33600,16800,16800,69300,33600,35700,109000,46200,62800,160000,40000,120000,24800,
51,16,490025,294425,152845,141580,93525,43645,49880,29400,16800,12600,65100,37800,27300,106400,54600,51800,177000,72000,105000,18600,
51,17,521810,314010,124490,189520,99760,24940,74820,29400,14700,14700,69450,44250,25200,115400,40600,74800,183000,48000,135000,24800,
51,18,440385,276585,127110,149475,68585,37410,31175,35700,16800,18900,77700,27300,50400,94600,45600,49000,139000,64000,75000,24800,
51,19,493820,270020,122110,147910,74820,37410,37410,35700,14700,21000,78300,46800,31500,81200,23200,58000,199000,64000,135000,24800,
51,20,509970,285170,126825,158345,74820,31175,43645,29400,12600,16800,82350,42450,39900,98600,40600,58000,200000,80000,120000,24800,
51,21,470590,274990,110310,164680,87290,37410,49880,33600,14700,18900,59100,23400,35700,95000,34800,60200,177000,72000,105000,18600,
51,22,400620,232620,112775,119845,74820,31175,43645,29400,18900,10500,54600,23100,31500,73800,39600,34200,137000,32000,105000,31000,
51,23,458675,294075,110725,183350,93525,31175,62350,25200,8400,16800,79950,42150,37800,95400,29000,66400,146000,56000,90000,18600,
51,24,466625,307225,115010,192215,93525,37410,56115,39900,18900,21000,78000,29700,48300,95800,29000,66800,147000,72000,75000,12400,
51,25,435390,264590,110310,154280,87290,37410,49880,33600,12600,21000,69300,23100,46200,74400,37200,37200,146000,56000,90000,24800,
51,26,489840,274040,144245,129795,87290,43645,43645,25200,12600,12600,86550,42000,44550,75000,46000,29000,191000,56000,135000,24800,
51,27,408390,259790,120345,139445,87290,43645,43645,27300,10500,16800,54600,29400,25200,90600,36800,53800,130000,40000,90000,18600,
51,28,454770,246970,107690,139280,74820,24940,49880,23100,10500,12600,48450,31650,16800,100600,40600,60000,183000,48000,135000,24800,
51,29,404360,255760,112645,143115,99760,43645,56115,23100,12600,10500,65100,25200,39900,67800,31200,36600,130000,40000,90000,18600,
51,30,562370,304770,127790,176980,74820,24940,49880,44100,18900,25200,81450,43350,38100,104400,40600,63800,239000,104000,135000,18600,
52,0,415000,282200,127550,154650,60500,24000,36500,50100,25950,24150,69600,44400,25200,102000,33200,68800,108000,48000,60000,24800,
52,1,485620,277820,122875,154945,74820,31175,43645,31500,14700,16800,81900,33600,48300,89600,43400,46200,183000,48000,135000,24800,
52,2,465750,288950,105550,183400,86200,30000,56200,43350,23850,19500,72000,32100,39900,87400,19600,67800,152000,32000,120000,24800,
52,3,512070,277470,102870,174600,70370,27470,42900,60900,30450,30450,78000,21750,56250,68200,23200,45000,216000,96000,120000,18600,
52,4,489200,286600,134100,152500,73300,27000,46300,47850,21750,26100,92850,51750,41100,72600,33600,39000,184000,64000,120000,18600,
52,5,489450,303650,111050,192600,63500,24000,39500,46800,19500,27300,95550,45150,50400,97800,22400,75400,161000,56000,105000,24800,
52,6,441450,292650,119450,173200,59200,31300,27900,40500,17400,23100,76350,34350,42000,116600,36400,80200,124000,64000,60000,24800,
52,7,549350,325550,129900,195650,57000,27000,30000,58950,28200,30750,96600,41100,55500,113000,33600,79400,199000,64000,135000,24800,
52,8,435650,240050,116900,123150,48000,21000,27000,49950,23850,26100,71700,41250,30450,70400,30800,39600,177000,72000,105000,18600,
52,9,564150,284550,120600,163950,60000,15000,45000,47700,19500,28200,110850,54300,56550,66000,31800,34200,261000,96000,165000,18600,
52,10,462385,284585,121200,163385,57235,21000,36235,43350,19500,23850,78600,47100,31500,105400,33600,71800,153000,48000,105000,24800,
52,11,433000,262200,123700,138500,63000,33000,30000,45600,19500,26100,73200,32400,40800,80400,38800,41600,146000,56000,90000,24800,
52,12,510200,292400,150050,142350,39000,21000,18000,58650,23850,34800,93150,54000,39150,101600,51200,50400,193000,88000,105000,24800,
52,13,454635,298835,127435,171400,77435,18235,59200,42900,14700,28200,95100,42900,52200,83400,51600,31800,131000,56000,75000,24800,
52,14,510535,316735,115800,200935,87735,30000,57735,40800,17400,23400,89400,43200,46200,98800,25200,73600,169000,64000,105000,24800,
52,15,504300,294900,140800,154100,67300,30000,37300,56550,21750,34800,82050,49650,32400,89000,39400,49600,197000,32000,165000,12400,
52,16,485100,241300,85800,155500,49300,18000,31300,49950,23850,26100,73650,32550,41100,68400,11400,57000,219000,24000,195000,24800,
52,17,471985,263185,115450,147735,40535,12000,28535,50700,23850,26850,99150,51600,47550,72800,28000,44800,184000,64000,120000,24800,
52,18,463950,268350,122300,146050,60000,18000,42000,49950,21750,28200,97200,51750,45450,61200,30800,30400,177000,72000,105000,18600,
52,19,434050,255250,121650,133600,63000,33000,30000,41850,20250,21600,63000,34800,28200,87400,33600,53800,154000,64000,90000,24800,
52,20,381220,253620,130020,123600,69470,30470,39000,43050,23550,19500,77100,38400,38700,64000,37600,26400,109000,64000,45000,18600,
52,21,465685,295885,114300,181585,75735,24000,51735,42300,21300,21000,93450,40800,52650,84400,28200,56200,145000,40000,105000,24800,
52,22,494300,307500,136800,170700,50600,22300,28300,58650,23850,34800,89250,51450,37800,109000,39200,69800,162000,72000,90000,24800,
52,23,452650,274050,153750,120300,69500,36500,33000,49800,23850,25950,64350,42600,21750,90400,50800,39600,160000,40000,120000,18600,
52,24,413285,271685,107550,164135,42235,18000,24235,43500,19500,24000,76350,36450,39900,109600,33600,76000,123000,48000,75000,18600,
52,25,429235,272635,124500,148135,63235,21000,42235,57300,19500,37800,84900,49200,35700,67200,34800,32400,138000,48000,90000,18600,
52,26,438485,290685,106900,183785,71435,21000,50435,42600,19500,23100,74250,30000,44250,102400,36400,66000,123000,48000,75000,24800,
52,27,521020,274220,113900,160320,63470,24000,39470,58650,23850,34800,101700,52050,49650,50400,14000,36400,222000,72000,150000,24800,
52,28,506050,274250,128450,145800,78000,24000,54000,36900,26100,10800,90750,55950,34800,68600,22400,46200,207000,72000,135000,24800,
52,29,522400,341800,140350,201450,61300,27000,34300,38250,12900,25350,106650,58050,48600,135600,42400,93200,162000,72000,90000,18600,
52,30,499450,294450,124800,169650,64300,21000,43300,39450,13800,25650,92100,53400,38700,98600,36600,62000,174000,24000,150000,31000,
53,0,554035,330235,138190,192045,68585,24940,43645,39900,16800,23100,92550,44250,48300,129200,52200,77000,199000,64000,135000,24800,
53,1,506145,295545,127260,168285,105995,37410,68585,14700,4200,10500,97050,50850,46200,77800,34800,43000,192000,72000,120000,18600,
53,2,490985,281385,125450,155935,69235,33000,36235,57300,19500,37800,86250,39150,47100,68600,33800,34800,191000,56000,135000,18600,
53,3,540250,337650,133400,204250,85800,27000,58800,47250,23850,23400,117000,68550,48450,87600,14000,73600,184000,64000,120000,18600,
53,4,461320,281720,131300,150420,63470,21000,42470,56400,30450,25950,85650,49050,36600,76200,30800,45400,161000,56000,105000,18600,
53,5,440785,284185,150150,134035,55535,34300,21235,48600,16050,32550,91050,44400,46650,89000,55400,33600,138000,48000,90000,18600,
53,6,441300,255500,116150,139350,64300,27000,37300,56250,25800,30450,73350,32550,40800,61600,30800,30800,161000,56000,105000,24800,
53,7,470350,275750,135950,139800,49300,28300,21000,58650,36900,21750,88200,34350,53850,79600,36400,43200,176000,56000,120000,18600,
53,8,524735,313335,138800,174535,83835,30000,53835,58650,19500,39150,111450,58500,52950,59400,30800,28600,199000,64000,135000,12400,
53,9,446500,243900,107900,136000,54000,12000,42000,43200,21450,21750,93300,52050,41250,53400,22400,31000,184000,64000,120000,18600,
53,10,471150,270150,140550,129600,60000,30000,30000,49800,21600,28200,84150,49350,34800,76200,39600,36600,170000,80000,90000,31000,
53,11,469300,253500,111350,142150,57000,24000,33000,43500,17400,26100,101400,55950,45450,51600,14000,37600,191000,56000,135000,24800,
53,12,509750,278950,115750,163200,65600,24000,41600,46350,21600,24750,116400,47550,68850,50600,22600,28000,206000,56000,150000,24800,
53,13,560400,280800,134050,146750,54000,27000,27000,39000,12900,26100,104400,56550,47850,83400,37600,45800,261000,96000,165000,18600,
53,14,589800,375000,147000,228000,92300,26600,65700,62250,21750,40500,108450,51450,57000,112000,47200,64800,190000,40000,150000,24800,
53,15,565335,317735,139550,178185,58535,18000,40535,54150,19500,34650,124650,71250,53400,80400,30800,49600,229000,64000,165000,18600,
53,16,408555,276755,131285,145470,53005,28535,24470,60450,25950,34500,102900,50400,52500,60400,26400,34000,107000,32000,75000,24800,
53,17,483000,274200,121400,152800,63000,27000,36000,60300,23850,36450,94500,45150,49350,56400,25400,31000,184000,64000,120000,24800,
53,18,491050,272650,122000,150650,63000,27000,36000,45150,17400,27750,78300,34800,43500,86200,42800,43400,206000,56000,150000,12400,
53,19,422250,249650,104250,145400,54000,24000,30000,39000,17250,21750,82050,34800,47250,74600,28200,46400,154000,64000,90000,18600,
53,20,544800,305000,139100,165900,55300,24000,31300,56400,23850,32550,120900,60450,60450,72400,30800,41600,215000,80000,135000,24800,
53,21,518100,284500,133350,151150,72000,30000,42000,32400,21600,10800,123900,56550,67350,56200,25200,31000,215000,80000,135000,18600,
53,22,510750,276150,129700,146450,63000,21000,42000,47700,23850,23850,82650,30450,52200,82800,54400,28400,216000,96000,120000,18600,
53,23,495085,295285,132150,163135,50835,25300,25535,48600,20400,28200,95850,47250,48600,100000,39200,60800,175000,40000,135000,24800,
53,24,514800,283000,130350,152650,62600,21000,41600,47700,21750,25950,99900,45600,54300,72800,42000,30800,207000,72000,135000,24800,
53,25,603050,317450,136400,181050,78000,33000,45000,67200,28200,39000,93450,34800,58650,78800,40400,38400,267000,72000,195000,18600,
53,26,448850,253250,138100,115150,48000,24000,24000,43500,17400,26100,114150,60300,53850,47600,36400,11200,177000,72000,105000,18600,
53,27,563700,293900,130750,163150,63000,27000,36000,54300,23850,30450,91200,36900,54300,85400,43000,42400,245000,80000,165000,24800,
53,28,486900,261300,119200,142100,60000,9000,51000,47700,21750,25950,73800,52050,21750,79800,36400,43400,207000,72000,135000,18600,
53,29,478335,277535,119600,157935,54235,24000,30235,47850,13050,34800,88050,43350,44700,87400,39200,48200,176000,56000,120000,24800,
53,30,492500,268700,112950,155750,45000,24000,21000,71550,25950,45600,90150,34800,55350,62000,28200,33800,199000,64000,135000,24800,
54,0,249545,145145,67105,78040,43645,18705,24940,18900,8400,10500,33600,16800,16800,49000,23200,25800,92000,32000,60000,12400,
54,1,523325,314525,138210,176315,93525,37410,56115,39900,16800,23100,77700,37800,39900,103400,46200,57200,184000,64000,120000,24800,
54,2,523325,314525,138210,176315,93525,37410,56115,39900,16800,23100,77700,37800,39900,103400,46200,57200,184000,64000,120000,24800,
54,3,428590,296790,106210,190580,107490,40410,67080,23100,10500,12600,71400,27300,44100,94800,28000,66800,107000,32000,75000,24800,
54,4,523325,314525,138210,176315,93525,37410,56115,39900,16800,23100,77700,37800,39900,103400,46200,57200,184000,64000,120000,24800,
54,5,523325,314525,138210,176315,93525,37410,56115,39900,16800,23100,77700,37800,39900,103400,46200,57200,184000,64000,120000,24800,
54,6,473380,290980,132695,158285,112230,43645,68585,42000,18900,23100,42150,29550,12600,94600,40600,54000,170000,80000,90000,12400,
54,7,249545,145145,67105,78040,43645,18705,24940,18900,8400,10500,33600,16800,16800,49000,23200,25800,92000,32000,60000,12400,
54,8,523325,314525,138210,176315,93525,37410,56115,39900,16800,23100,77700,37800,39900,103400,46200,57200,184000,64000,120000,24800,
54,9,523325,314525,138210,176315,93525,37410,56115,39900,16800,23100,77700,37800,39900,103400,46200,57200,184000,64000,120000,24800,
54,10,523325,314525,138210,176315,93525,37410,56115,39900,16800,23100,77700,37800,39900,103400,46200,57200,184000,64000,120000,24800,
54,11,523325,314525,138210,176315,93525,37410,56115,39900,16800,23100,77700,37800,39900,103400,46200,57200,184000,64000,120000,24800,
54,12,523325,314525,138210,176315,93525,37410,56115,39900,16800,23100,77700,37800,39900,103400,46200,57200,184000,64000,120000,24800,
54,13,332450,198850,87340,111510,62350,24940,37410,25200,10500,14700,48300,23100,25200,63000,28800,34200,115000,40000,75000,18600,
54,14,249545,145145,67105,78040,43645,18705,24940,18900,8400,10500,33600,16800,16800,49000,23200,25800,92000,32000,60000,12400,
54,15,523325,314525,138210,176315,93525,37410,56115,39900,16800,23100,77700,37800,39900,103400,46200,57200,184000,64000,120000,24800,
54,16,523325,314525,138210,176315,93525,37410,56115,39900,16800,23100,77700,37800,39900,103400,46200,57200,184000,64000,120000,24800,
54,17,523325,314525,138210,176315,93525,37410,56115,39900,16800,23100,77700,37800,39900,103400,46200,57200,184000,64000,120000,24800,
54,18,523325,314525,138210,176315,93525,37410,56115,39900,16800,23100,77700,37800,39900,103400,46200,57200,184000,64000,120000,24800,
54,19,523325,314525,138210,176315,93525,37410,56115,39900,16800,23100,77700,37800,39900,103400,46200,57200,184000,64000,120000,24800,
54,20,332450,198850,87340,111510,62350,24940,37410,25200,10500,14700,48300,23100,25200,63000,28800,34200,115000,40000,75000,18600,
54,21,249545,145145,67105,78040,43645,18705,24940,18900,8400,10500,33600,16800,16800,49000,23200,25800,92000,32000,60000,12400,
54,22,523325,314525,138210,176315,93525,37410,56115,39900,16800,23100,77700,37800,39900,103400,46200,57200,184000,64000,120000,24800,
54,23,523325,314525,138210,176315,93525,37410,56115,39900,16800,23100,77700,37800,39900,103400,46200,57200,184000,64000,120000,24800,
54,24,523325,314525,138210,176315,93525,37410,56115,39900,16800,23100,77700,37800,39900,103400,46200,57200,184000,64000,120000,24800,
54,25,523325,314525,138210,176315,93525,37410,56115,39900,16800,23100,77700,37800,39900,103400,46200,57200,184000,64000,120000,24800,
54,26,523325,314525,138210,176315,93525,37410,56115,39900,16800,23100,77700,37800,39900,103400,46200,57200,184000,64000,120000,24800,
54,27,332450,198850,87340,111510,62350,24940,37410,25200,10500,14700,48300,23100,25200,63000,28800,34200,115000,40000,75000,18600,
54,28,249545,145145,67105,78040,43645,18705,24940,18900,8400,10500,33600,16800,16800,49000,23200,25800,92000,32000,60000,12400,
54,29,523325,314525,138210,176315,93525,37410,56115,39900,16800,23100,77700,37800,39900,103400,46200,57200,184000,64000,120000,24800,
54,30,523325,314525,138210,176315,93525,37410,56115,39900,16800,23100,77700,37800,39900,103400,46200,57200,184000,64000,120000,24800,
55,0,515345,306545,122325,184220,105995,31175,74820,37800,16800,21000,71550,33750,37800,91200,40600,50600,184000,64000,120000,24800,
55,1,509075,277275,124945,152330,93525,43645,49880,44100,18900,25200,70050,27600,42450,69600,34800,34800,207000,72000,135000,24800,
55,2,490985,281385,125450,155935,69235,33000,36235,57300,19500,37800,86250,39150,47100,68600,33800,34800,191000,56000,135000,18600,
55,3,538220,304620,126475,178145,74820,31175,43645,39900,14700,25200,74100,34200,39900,115800,46400,69400,215000,80000,135000,18600,
55,4,449030,277230,108845,168385,112230,43645,68585,42000,23100,18900,71400,18900,52500,51600,23200,28400,147000,72000,75000,24800,
55,5,398985,265385,124270,141115,68585,12470,56115,42000,16800,25200,67200,46200,21000,87600,48800,38800,115000,40000,75000,18600,
55,6,515825,284225,135445,148780,93525,43645,49880,25200,6300,18900,67500,50700,16800,98000,34800,63200,213000,48000,165000,18600,
55,7,524950,314350,154105,160245,62350,18705,43645,37800,18900,18900,75600,44100,31500,138600,72400,66200,192000,72000,120000,18600,
55,8,436255,287455,113610,173845,81055,37410,43645,27300,8400,18900,86100,33600,52500,93000,34200,58800,124000,64000,60000,24800,
55,9,478060,306260,137110,169150,99760,37410,62350,35700,12600,23100,84000,44100,39900,86800,43000,43800,147000,72000,75000,24800,
55,10,439430,289030,128180,160850,112230,49880,62350,33600,14700,18900,75600,37800,37800,67600,25800,41800,138000,48000,90000,12400,
55,11,471185,269385,141710,127675,68585,37410,31175,18900,12600,6300,69300,39900,29400,112600,51800,60800,177000,72000,105000,24800,
55,12,460420,267620,116110,151510,74820,37410,37410,33600,14700,18900,67200,21000,46200,92000,43000,49000,168000,48000,120000,24800,
55,13,527290,301690,134510,167180,87290,37410,49880,31500,10500,21000,75900,40200,35700,107000,46400,60600,207000,72000,135000,18600,
55,14,511490,286690,123710,162980,87290,37410,49880,39900,18900,21000,69900,38400,31500,89600,29000,60600,200000,80000,120000,24800,
55,15,479390,286590,105610,180980,87290,37410,49880,39900,14700,25200,63000,18900,44100,96400,34600,61800,168000,48000,120000,24800,
55,16,498955,281355,145345,136010,81055,43645,37410,31500,10500,21000,42000,25200,16800,126800,66000,60800,199000,64000,135000,18600,
55,17,425420,262620,130145,132475,74820,43645,31175,37800,18900,18900,58800,33600,25200,91200,34000,57200,138000,48000,90000,24800,
55,18,450225,292625,125210,167415,93525,37410,56115,33600,10500,23100,73500,39900,33600,92000,37400,54600,139000,64000,75000,18600,
55,19,493995,321395,146145,175250,105995,43645,62350,35700,16800,18900,77700,31500,46200,102000,54200,47800,154000,64000,90000,18600,
55,20,383285,234685,117375,117310,68585,31175,37410,33600,10500,23100,52500,35700,16800,80000,40000,40000,130000,40000,90000,18600,
55,21,458395,317595,136680,180915,105995,49880,56115,33600,8400,25200,105000,50400,54600,73000,28000,45000,116000,56000,60000,24800,
55,22,456120,248320,111310,137010,74820,37410,37410,31500,16800,14700,69600,33900,35700,72400,23200,49200,183000,48000,135000,24800,
55,23,483070,287470,123925,163545,74820,31175,43645,27300,10500,16800,67350,35850,31500,118000,46400,71600,177000,72000,105000,18600,
55,24,552675,297075,119090,177985,93525,24940,68585,42000,16800,25200,74550,36750,37800,87000,40600,46400,237000,72000,165000,18600,
55,25,465750,250950,111310,139640,62350,37410,24940,23100,12600,10500,84300,38100,46200,81200,23200,58000,190000,40000,150000,24800,
55,26,468155,289555,135710,153845,81055,37410,43645,31500,10500,21000,79800,42000,37800,97200,45800,51400,160000,40000,120000,18600,
55,27,501190,301390,142180,159210,87290,49880,37410,46200,18900,27300,90300,42000,48300,77600,31400,46200,175000,40000,135000,24800,
55,28,529185,287585,118655,168930,68585,18705,49880,37800,14700,23100,76800,38850,37950,104400,46400,58000,223000,88000,135000,18600,
55,29,510300,277500,123205,154295,62350,18705,43645,37800,21000,16800,78750,42900,35850,98600,40600,58000,208000,88000,120000,24800,
55,30,409950,260350,103840,156510,62350,24940,37410,35700,16800,18900,69300,27300,42000,93000,34800,58200,131000,56000,75000,18600,
56,0,453455,289855,111000,178855,69305,15000,54305,30300,13050,17250,110250,49350,60900,80000,33600,46400,145000,40000,105000,18600,
56,1,494400,285600,113920,171680,62350,12470,49880,46200,16800,29400,76050,38250,37800,101000,46400,54600,184000,64000,120000,24800,
56,2,462350,274750,119800,154950,62600,24000,38600,67200,32550,34650,68550,32250,36300,76400,31000,45400,169000,64000,105000,18600,
56,3,496700,281900,112450,169450,60000,21000,39000,42900,15150,27750,79200,36900,42300,99800,39400,60400,190000,40000,150000,24800,
56,4,505595,302995,141210,161785,105995,37410,68585,35700,16800,18900,69300,37800,31500,92000,49200,42800,184000,64000,120000,18600,
56,5,463935,285335,119250,166085,66235,21000,45235,52050,19500,32550,97650,45150,52500,69400,33600,35800,160000,40000,120000,18600,
56,6,496050,263450,151800,111650,49300,31300,18000,58200,27750,30450,73950,39150,34800,82000,53600,28400,214000,64000,150000,18600,
56,7,394800,235400,111450,123950,39000,15000,24000,54300,19500,34800,77700,43350,34350,64400,33600,30800,147000,72000,75000,12400,
56,8,421585,250785,100750,150035,63235,18000,45235,36750,17250,19500,62400,26100,36300,88400,39400,49000,146000,56000,90000,24800,
56,9,429655,304055,128635,175420,78305,31535,46770,35100,19500,15600,92850,36000,56850,97800,41600,56200,107000,32000,75000,18600,
56,10,534870,301270,115300,185970,61770,18000,43770,47700,21750,25950,85800,32550,53250,106000,43000,63000,215000,80000,135000,18600,
56,11,400200,236400,112800,123600,21000,21000,0,49950,19500,30450,89850,38700,51150,75600,33600,42000,139000,64000,75000,24800,
56,12,433685,270085,100950,169135,60235,21000,39235,34050,17250,16800,72600,26100,46500,103200,36600,66600,145000,40000,105000,18600,
56,13,441050,292450,149100,143350,55800,35200,20600,60750,36900,23850,84300,42000,42300,91600,35000,56600,130000,40000,90000,18600,
56,14,518950,281150,123900,157250,61300,21000,40300,52950,26100,26850,81900,51600,30300,85000,25200,59800,213000,48000,165000,24800,
56,15,514770,313970,114900,199070,61770,27000,34770,56700,19500,37200,108300,43200,65100,87200,25200,62000,176000,56000,120000,24800,
56,16,497200,280400,125900,154500,72000,30000,42000,55200,26100,29100,67200,39000,28200,86000,30800,55200,192000,72000,120000,24800,
56,17,462750,237150,121950,115200,36000,18000,18000,30300,19500,10800,100050,47850,52200,70800,36600,34200,207000,72000,135000,18600,
56,18,531600,329800,140550,189250,62600,28300,34300,55800,34350,21450,99600,47100,52500,111800,30800,81000,177000,72000,105000,24800,
56,19,513500,265900,134600,131300,63000,27000,36000,30300,8550,21750,112800,73650,39150,59800,25400,34400,229000,64000,165000,18600,
56,20,452600,297000,115850,181150,72500,27000,45500,55650,28200,27450,84450,38250,46200,84400,22400,62000,137000,32000,105000,18600,
56,21,418670,255070,101300,153770,75470,27000,48470,36300,2100,34200,85500,49800,35700,57800,22400,35400,145000,40000,105000,18600,
56,22,487585,276985,99785,177200,45235,12235,33000,52200,21750,30450,98550,34800,63750,81000,31000,50000,192000,72000,120000,18600,
56,23,477520,274920,111050,163870,63470,15000,48470,36600,6300,30300,101850,49950,51900,73000,39800,33200,184000,64000,120000,18600,
56,24,439900,254100,109150,144950,64300,27000,37300,52050,28200,23850,69150,25950,43200,68600,28000,40600,161000,56000,105000,24800,
56,25,498700,274900,123800,151100,67300,30000,37300,32400,17400,15000,102000,45600,56400,73200,30800,42400,199000,64000,135000,24800,
56,26,511040,316440,141250,175190,77240,31300,45940,59400,24750,34650,93600,51600,42000,86200,33600,52600,176000,56000,120000,18600,
56,27,489250,278650,123050,155600,51000,15000,36000,36750,6300,30450,112500,56550,55950,78400,45200,33200,192000,72000,120000,18600,
56,28,460985,267185,122700,144485,63235,18000,45235,52200,21750,30450,106950,57750,49200,44800,25200,19600,169000,64000,105000,24800,
56,29,500935,315135,120550,194585,77435,30000,47435,57300,21750,35550,82800,40800,42000,97600,28000,69600,161000,56000,105000,24800,
56,30,496400,316800,120900,195900,81900,33000,48900,59100,30300,28800,82800,32400,50400,93000,25200,67800,161000,56000,105000,18600,
57,0,431000,269200,112800,156400,46300,15000,31300,28050,15150,12900,84450,49050,35400,110400,33600,76800,137000,32000,105000,24800,
57,1,515190,306390,134250,172140,72940,27000,45940,47250,16950,30300,96600,54300,42300,89600,36000,53600,184000,64000,120000,24800,
57,2,515135,306335,129835,176500,68835,27235,41600,49500,16950,32550,96600,52050,44550,91400,33600,57800,184000,64000,120000,24800,
57,3,523325,314525,138210,176315,93525,37410,56115,39900,16800,23100,77700,37800,39900,103400,46200,57200,184000,64000,120000,24800,
57,4,523325,314525,138210,176315,93525,37410,56115,39900,16800,23100,77700,37800,39900,103400,46200,57200,184000,64000,120000,24800,
57,5,494550,315750,143100,172650,87900,29600,58300,50850,21750,29100,66000,42750,23250,111000,49000,62000,154000,64000,90000,24800,
57,6,460920,272320,110850,161470,66470,24000,42470,49950,23850,26100,65100,34800,30300,90800,28200,62600,170000,80000,90000,18600,
57,7,385535,281935,110650,171285,86835,39000,47835,36150,19200,16950,82350,38250,44100,76600,14200,62400,85000,40000,45000,18600,
57,8,523325,314525,138210,176315,93525,37410,56115,39900,16800,23100,77700,37800,39900,103400,46200,57200,184000,64000,120000,24800,
57,9,523325,314525,138210,176315,93525,37410,56115,39900,16800,23100,77700,37800,39900,103400,46200,57200,184000,64000,120000,24800,
57,10,523325,314525,138210,176315,93525,37410,56115,39900,16800,23100,77700,37800,39900,103400,46200,57200,184000,64000,120000,24800,
57,11,523325,314525,138210,176315,93525,37410,56115,39900,16800,23100,77700,37800,39900,103400,46200,57200,184000,64000,120000,24800,
57,12,523325,314525,138210,176315,93525,37410,56115,39900,16800,23100,77700,37800,39900,103400,46200,57200,184000,64000,120000,24800,
57,13,332450,198850,87340,111510,62350,24940,37410,25200,10500,14700,48300,23100,25200,63000,28800,34200,115000,40000,75000,18600,
57,14,249545,145145,67105,78040,43645,18705,24940,18900,8400,10500,33600,16800,16800,49000,23200,25800,92000,32000,60000,12400,
57,15,523325,314525,138210,176315,93525,37410,56115,39900,16800,23100,77700,37800,39900,103400,46200,57200,184000,64000,120000,24800,
57,16,523325,314525,138210,176315,93525,37410,56115,39900,16800,23100,77700,37800,39900,103400,46200,57200,184000,64000,120000,24800,
57,17,523325,314525,138210,176315,93525,37410,56115,39900,16800,23100,77700,37800,39900,103400,46200,57200,184000,64000,120000,24800,
57,18,523325,314525,138210,176315,93525,37410,56115,39900,16800,23100,77700,37800,39900,103400,46200,57200,184000,64000,120000,24800,
57,19,523325,314525,138210,176315,93525,37410,56115,39900,16800,23100,77700,37800,39900,103400,46200,57200,184000,64000,120000,24800,
57,20,332450,198850,87340,111510,62350,24940,37410,25200,10500,14700,48300,23100,25200,63000,28800,34200,115000,40000,75000,18600,
57,21,249545,145145,67105,78040,43645,18705,24940,18900,8400,10500,33600,16800,16800,49000,23200,25800,92000,32000,60000,12400,
57,22,523325,314525,138210,176315,93525,37410,56115,39900,16800,23100,77700,37800,39900,103400,46200,57200,184000,64000,120000,24800,
57,23,523325,314525,138210,176315,93525,37410,56115,39900,16800,23100,77700,37800,39900,103400,46200,57200,184000,64000,120000,24800,
57,24,523325,314525,138210,176315,93525,37410,56115,39900,16800,23100,77700,37800,39900,103400,46200,57200,184000,64000,120000,24800,
57,25,523325,314525,138210,176315,93525,37410,56115,39900,16800,23100,77700,37800,39900,103400,46200,57200,184000,64000,120000,24800,
57,26,523325,314525,138210,176315,93525,37410,56115,39900,16800,23100,77700,37800,39900,103400,46200,57200,184000,64000,120000,24800,
57,27,332450,198850,87340,111510,62350,24940,37410,25200,10500,14700,48300,23100,25200,63000,28800,34200,115000,40000,75000,18600,
57,28,249545,145145,67105,78040,43645,18705,24940,18900,8400,10500,33600,16800,16800,49000,23200,25800,92000,32000,60000,12400,
57,29,523325,314525,138210,176315,93525,37410,56115,39900,16800,23100,77700,37800,39900,103400,46200,57200,184000,64000,120000,24800,
57,30,523325,314525,138210,176315,93525,37410,56115,39900,16800,23100,77700,37800,39900,103400,46200,57200,184000,64000,120000,24800,
58,0,528620,326020,143200,182820,75470,27000,48470,49950,26100,23850,106200,62100,44100,94400,28000,66400,184000,64000,120000,18600,
58,1,554050,290450,130350,160100,36000,12000,24000,41250,26100,15150,126000,58650,67350,87200,33600,53600,245000,80000,165000,18600,
58,2,518850,293250,150200,143050,64300,28300,36000,58650,26100,32550,75900,49800,26100,94400,46000,48400,207000,72000,135000,18600,
58,3,484685,281085,128275,152810,68585,31175,37410,33600,12600,21000,63300,38100,25200,115600,46400,69200,185000,80000,105000,18600,
58,4,461720,267120,123950,143170,48470,24000,24470,45450,19500,25950,94800,41250,53550,78400,39200,39200,176000,56000,120000,18600,
58,5,494550,315750,143100,172650,87900,29600,58300,50850,21750,29100,66000,42750,23250,111000,49000,62000,154000,64000,90000,24800,
58,6,460920,272320,110850,161470,66470,24000,42470,49950,23850,26100,65100,34800,30300,90800,28200,62600,170000,80000,90000,18600,
58,7,484500,274900,127900,147000,49300,18000,31300,36900,19500,17400,126900,70800,56100,61800,19600,42200,191000,56000,135000,18600,
58,8,426250,254650,134400,120250,69000,27000,42000,41250,26100,15150,70800,44700,26100,73600,36600,37000,153000,48000,105000,18600,
58,9,451600,257800,114200,143600,64300,27000,37300,32550,15150,17400,78150,41250,36900,82800,30800,52000,169000,64000,105000,24800,
58,10,509400,290800,112150,178650,67300,27000,40300,50850,21750,29100,90450,34800,55650,82200,28600,53600,200000,80000,120000,18600,
58,11,478550,270750,124200,146550,75000,30000,45000,36900,23850,13050,92850,45150,47700,66000,25200,40800,183000,48000,135000,24800,
58,12,366220,234420,82800,151620,60470,21000,39470,30000,19500,10500,57150,25500,31650,86800,16800,70000,107000,32000,75000,24800,
58,13,498600,304800,112800,192000,75000,27000,48000,39150,21750,17400,72450,38850,33600,118200,25200,93000,169000,64000,105000,24800,
58,14,546900,330100,126500,203600,61300,18000,43300,47100,30450,16650,99900,47250,52650,121800,30800,91000,192000,72000,120000,24800,
58,15,427570,256970,84400,172570,54470,15000,39470,34200,17400,16800,93300,40800,52500,75000,11200,63800,152000,32000,120000,18600,
58,16,389100,255500,105750,149750,90500,24000,66500,53850,21600,32250,52950,31950,21000,58200,28200,30000,115000,40000,75000,18600,
58,17,480800,271000,140900,130100,82300,37300,45000,45600,17400,28200,95100,58200,36900,48000,28000,20000,185000,80000,105000,24800,
58,18,416050,267450,102650,164800,68200,21000,47200,38550,15150,23400,63900,34500,29400,96800,32000,64800,130000,40000,90000,18600,
58,19,421950,275150,109100,166050,68600,24000,44600,45000,15150,29850,72750,36150,36600,88800,33800,55000,122000,32000,90000,24800,
58,20,461000,251200,125300,125900,36000,21000,15000,60750,23850,36900,76050,41250,34800,78400,39200,39200,185000,80000,105000,24800,
58,21,535335,318535,138200,180335,78735,36000,42735,60750,23850,36900,94050,55950,38100,85000,22400,62600,192000,72000,120000,24800,
58,22,515000,312400,144200,168200,69000,30000,39000,50700,21600,29100,98700,55800,42900,94000,36800,57200,184000,64000,120000,18600,
58,23,432585,283785,114535,169250,45235,27235,18000,49950,19500,30450,63600,25800,37800,125000,42000,83000,124000,64000,60000,24800,
58,24,511750,324150,131350,192800,56200,30000,26200,38400,17400,21000,97950,47550,50400,131600,36400,95200,169000,64000,105000,18600,
58,25,500600,269600,124400,145200,63000,18000,45000,36900,21750,15150,75900,45450,30450,93800,39200,54600,200000,80000,120000,31000,
58,26,417600,254800,113750,141050,48000,27000,21000,34650,17400,17250,83550,38550,45000,88600,30800,57800,138000,48000,90000,24800,
58,27,501550,293750,142550,151200,45000,12000,33000,35550,20400,15150,118800,62550,56250,94400,47600,46800,183000,48000,135000,24800,
58,28,475120,290320,134085,156235,60470,27235,33235,49950,23850,26100,93300,51000,42300,86600,32000,54600,160000,40000,120000,24800,
58,29,468750,281150,146550,134600,50600,29600,21000,46350,33300,13050,79800,47250,32550,104400,36400,68000,169000,64000,105000,18600,
58,30,484000,258400,119600,138800,42000,15000,27000,52200,26100,26100,91200,47700,43500,73000,30800,42200,207000,72000,135000,18600,
59,0,427395,265595,118745,146850,105995,43645,62350,31500,18900,12600,65100,33600,31500,63000,22600,40400,137000,32000,105000,24800,
59,1,554050,290450,130350,160100,36000,12000,24000,41250,26100,15150,126000,58650,67350,87200,33600,53600,245000,80000,165000,18600,
59,2,455350,265950,124250,141700,45000,24000,21000,41100,19500,21600,95250,58350,36900,84600,22400,62200,177000,72000,105000,12400,
59,3,386320,273720,106600,167120,66470,27000,39470,36300,13050,23250,80550,38550,42000,90400,28000,62400,94000,64000,30000,18600,
59,4,410250,259850,123650,136200,57000,24000,33000,56400,23850,32550,95850,45000,50850,50600,30800,19800,138000,48000,90000,12400,
59,5,549435,296635,147085,149550,57235,36235,21000,41100,8550,32550,108300,54300,54000,90000,48000,42000,228000,48000,180000,24800,
59,6,451850,257050,108550,148500,43300,24000,19300,46500,17400,29100,88650,39150,49500,78600,28000,50600,170000,80000,90000,24800,
59,7,499655,289055,139045,150010,81055,43645,37410,37800,14700,23100,54600,23100,31500,115600,57600,58000,192000,72000,120000,18600,
59,8,623110,335510,149895,185615,99760,43645,56115,42000,16800,25200,66150,43050,23100,127600,46400,81200,269000,104000,165000,18600,
59,9,496690,264890,107560,157330,87290,37410,49880,31500,12600,18900,76500,34350,42150,69600,23200,46400,207000,72000,135000,24800,
59,10,476805,288405,130225,158180,81055,31175,49880,35700,16800,18900,73650,35850,37800,98000,46400,51600,176000,56000,120000,12400,
59,11,449050,272250,132245,140005,62350,43645,18705,37800,14700,23100,69300,31500,37800,102800,42400,60400,152000,32000,120000,24800,
59,12,447920,301120,118640,182480,74820,24940,49880,37800,16800,21000,86100,39900,46200,102400,37000,65400,122000,32000,90000,24800,
59,13,474630,274630,114880,159750,112230,49880,62350,23100,6300,16800,65100,27300,37800,74200,31400,42800,169000,64000,105000,31000,
59,14,532555,299155,135960,163195,81055,37410,43645,39900,18900,21000,91200,44850,46350,87000,34800,52200,221000,56000,165000,12400,
59,15,406525,280725,129045,151680,93525,43645,49880,39900,16800,23100,73500,37800,35700,73800,30800,43000,101000,56000,45000,24800,
59,16,501505,276905,107125,169780,81055,31175,49880,29400,4200,25200,82650,42750,39900,83800,29000,54800,206000,56000,150000,18600,
59,17,465570,286970,123325,163645,74820,31175,43645,42000,18900,23100,100950,44250,56700,69200,29000,40200,160000,40000,120000,18600,
59,18,448255,263455,141980,121475,81055,49880,31175,39900,16800,23100,48300,27300,21000,94200,48000,46200,160000,40000,120000,24800,
59,19,466100,263500,126460,137040,62350,37410,24940,27300,12600,14700,69450,35850,33600,104400,40600,63800,184000,64000,120000,18600,
59,20,504895,309295,149345,159950,105995,43645,62350,29400,21000,8400,81900,35700,46200,92000,49000,43000,177000,72000,105000,18600,
59,21,382020,226220,115275,110945,74820,31175,43645,33600,10500,23100,46200,33600,12600,71600,40000,31600,131000,56000,75000,24800,
59,22,519170,279570,103725,175845,74820,31175,43645,42000,18900,23100,61950,30450,31500,100800,23200,77600,221000,56000,165000,18600,
59,23,440185,269385,105070,164315,68585,12470,56115,35700,10500,25200,69300,27300,42000,95800,54800,41000,146000,56000,90000,24800,
59,24,393860,245260,110980,134280,99760,49880,49880,31500,16800,14700,54600,18900,35700,59400,25400,34000,130000,40000,90000,18600,
59,25,468260,283460,124575,158885,99760,31175,68585,35700,14700,21000,67200,35700,31500,80800,43000,37800,160000,40000,120000,24800,
59,26,520355,303555,126340,177215,81055,24940,56115,39900,12600,27300,58800,25200,33600,123800,63600,60200,192000,72000,120000,24800,
59,27,488660,300260,150310,149950,99760,37410,62350,33600,12600,21000,69300,39900,29400,97600,60400,37200,176000,56000,120000,12400,
59,28,510450,278650,137110,141540,62350,37410,24940,37800,21000,16800,74100,38100,36000,104400,40600,63800,207000,72000,135000,24800,
59,29,505335,289535,141710,147825,68585,37410,31175,35700,14700,21000,101250,46200,55050,84000,43400,40600,191000,56000,135000,24800,
59,30,554675,292875,145160,147715,93525,37410,56115,31500,16800,14700,63450,44550,18900,104400,46400,58000,237000,72000,165000,24800,
60,0,415000,282200,127550,154650,60500,24000,36500,50100,25950,24150,69600,44400,25200,102000,33200,68800,108000,48000,60000,24800,
60,1,493650,291050,127600,163450,50600,24000,26600,49800,23850,25950,103050,51750,51300,87600,28000,59600,184000,64000,120000,18600,
60,2,455350,265950,124250,141700,45000,24000,21000,41100,19500,21600,95250,58350,36900,84600,22400,62200,177000,72000,105000,12400,
60,3,424400,297800,121700,176100,79400,28300,51100,36150,15150,21000,86850,40650,46200,95400,37600,57800,108000,48000,60000,18600,
60,4,443900,248300,108350,139950,36000,18000,18000,47700,15150,32550,105600,58200,47400,59000,17000,42000,177000,72000,105000,18600,
60,5,478535,292735,119050,173685,55535,27000,28535,47250,17400,29850,63750,23850,39900,126200,50800,75400,161000,56000,105000,24800,
60,6,414250,235650,117050,118600,39000,30000,9000,60750,23850,36900,85500,40800,44700,50400,22400,28000,160000,40000,120000,18600,
60,7,449250,276650,124600,152050,59600,15000,44600,57300,23850,33450,90150,49350,40800,69600,36400,33200,154000,64000,90000,18600,
60,8,452885,286285,118150,168135,60235,21000,39235,60750,26100,34650,107100,59850,47250,58200,11200,47000,148000,88000,60000,18600,
60,9,438000,257400,106800,150600,62600,18000,44600,58650,19500,39150,69150,41100,28050,67000,28200,38800,162000,72000,90000,18600,
60,10,579870,342070,142285,199785,92670,30235,62435,48300,16050,32250,101100,54000,47100,100000,42000,58000,213000,48000,165000,24800,
60,11,502570,279770,123250,156520,76770,24000,52770,46350,28200,18150,94650,51450,43200,62000,19600,42400,198000,48000,150000,24800,
60,12,481900,252100,123550,128550,51000,18000,33000,32550,21750,10800,86550,47400,39150,82000,36400,45600,205000,40000,165000,24800,
60,13,476700,251100,120100,131000,27000,12000,15000,36900,21750,15150,117000,58350,58650,70200,28000,42200,207000,72000,135000,18600,
60,14,516435,291835,124250,167585,72235,24000,48235,47550,21600,25950,90450,47850,42600,81600,30800,50800,206000,56000,150000,18600,
60,15,514550,295950,114450,181500,81900,30000,51900,52050,21750,30300,81600,36900,44700,80400,25800,54600,200000,80000,120000,18600,
60,16,552300,311700,137750,173950,78900,33000,45900,56550,21750,34800,92850,60600,32250,83400,22400,61000,222000,72000,150000,18600,
60,17,525285,314485,144150,170335,73535,31300,42235,55200,17400,37800,105750,56250,49500,80000,39200,40800,186000,96000,90000,24800,
60,18,522505,306705,117700,189005,83005,24000,59005,43050,15150,27900,83250,39150,44100,97400,39400,58000,191000,56000,135000,24800,
60,19,476105,258305,134500,123805,45705,27000,18705,34650,15150,19500,67350,32550,34800,110600,59800,50800,193000,88000,105000,24800,
60,20,464800,268200,114300,153900,51000,18000,33000,52050,19500,32550,81750,28200,53550,83400,48600,34800,178000,88000,90000,18600,
60,21,460155,287755,118250,169505,69705,24000,45705,25950,12900,13050,77100,39150,37950,115000,42200,72800,160000,40000,120000,12400,
60,22,452200,249600,113900,135700,54000,18000,36000,47700,32550,15150,80100,40950,39150,67800,22400,45400,184000,64000,120000,18600,
60,23,470500,281900,121850,160050,63900,21000,42900,49800,19500,30300,103200,55950,47250,65000,25400,39600,170000,80000,90000,18600,
60,24,533900,281100,124750,156350,54000,21000,33000,57300,19500,37800,99600,56250,43350,70200,28000,42200,228000,48000,180000,24800,
60,25,538290,309490,141335,168155,84940,42235,42705,46350,16050,30300,91800,53850,37950,86400,29200,57200,204000,24000,180000,24800,
60,26,473850,270250,102050,168200,55300,24000,31300,51900,17250,34650,97050,34800,62250,66000,26000,40000,185000,80000,105000,18600,
60,27,438550,236950,104750,132200,57000,18000,39000,43350,15150,28200,63000,34800,28200,73600,36800,36800,183000,48000,135000,18600,
60,28,485400,297800,106250,191550,62200,21000,41200,62400,30450,31950,87000,32400,54600,86200,22400,63800,169000,64000,105000,18600,
60,29,496300,284700,139800,144900,70300,33000,37300,60750,28200,32550,80250,39000,41250,73400,39600,33800,193000,88000,105000,18600,
60,30,523400,304000,142250,161750,64300,27000,37300,49950,19500,30450,102150,56550,45600,87600,39200,48400,207000,72000,135000,12400,
61,0,516100,323300,125600,197700,59200,21000,38200,59700,30300,29400,80400,40500,39900,124000,33800,90200,168000,48000,120000,24800,
61,1,421685,250085,108600,141485,66235,27000,39235,25800,8550,17250,76050,30450,45600,82000,42600,39400,153000,48000,105000,18600,
61,2,516100,276500,127550,148950,60000,27000,33000,58650,23850,34800,101250,36900,64350,56600,39800,16800,221000,56000,165000,18600,
61,3,408390,259790,120345,139445,87290,43645,43645,27300,10500,16800,54600,29400,25200,90600,36800,53800,130000,40000,90000,18600,
61,4,452020,281220,137875,143345,74820,31175,43645,42000,16800,25200,75600,44100,31500,88800,45800,43000,146000,56000,90000,24800,
61,5,445625,281825,123875,157950,93525,31175,62350,23100,12600,10500,71400,31500,39900,93800,48600,45200,139000,64000,75000,24800,
61,6,351800,212000,102750,109250,57000,24000,33000,43500,21750,21750,55500,23400,32100,56000,33600,22400,115000,40000,75000,24800,
61,7,458625,304625,137545,167080,93525,43645,49880,37800,21000,16800,86100,35700,50400,87200,37200,50000,123000,48000,75000,31000,
61,8,565345,308745,158280,150465,105995,49880,56115,31500,14700,16800,95850,53100,42750,75400,40600,34800,238000,88000,150000,18600,
61,9,428490,254890,107475,147415,87290,31175,56115,31500,12600,18900,61500,40500,21000,74600,23200,51400,155000,80000,75000,18600,
61,10,421055,267255,99040,168215,89655,24940,64715,33600,21000,12600,71400,27300,44100,72600,25800,46800,129000,24000,105000,24800,
61,11,419360,270560,101010,169550,99760,37410,62350,42000,21000,21000,58800,16800,42000,70000,25800,44200,124000,64000,60000,24800,
61,12,482495,294895,135845,159050,105995,43645,62350,23100,6300,16800,71400,39900,31500,94400,46000,48400,169000,64000,105000,18600,
61,13,448785,278985,134345,144640,68585,43645,24940,37800,21000,16800,67200,35700,31500,105400,34000,71400,145000,40000,105000,24800,
61,14,482955,297155,117775,179380,81055,31175,49880,37800,16800,21000,60900,29400,31500,117400,40400,77000,161000,56000,105000,24800,
61,15,452815,268015,115305,152710,56115,18705,37410,33600,16800,16800,69300,33600,35700,109000,46200,62800,160000,40000,120000,24800,
61,16,470590,274990,110310,164680,87290,37410,49880,33600,14700,18900,59100,23400,35700,95000,34800,60200,177000,72000,105000,18600,
61,17,521810,314010,124490,189520,99760,24940,74820,29400,14700,14700,69450,44250,25200,115400,40600,74800,183000,48000,135000,24800,
61,18,440385,276585,127110,149475,68585,37410,31175,35700,16800,18900,77700,27300,50400,94600,45600,49000,139000,64000,75000,24800,
61,19,493820,270020,122110,147910,74820,37410,37410,35700,14700,21000,78300,46800,31500,81200,23200,58000,199000,64000,135000,24800,
61,20,509970,285170,126825,158345,74820,31175,43645,29400,12600,16800,82350,42450,39900,98600,40600,58000,200000,80000,120000,24800,
61,21,490025,294425,152845,141580,93525,43645,49880,29400,16800,12600,65100,37800,27300,106400,54600,51800,177000,72000,105000,18600,
61,22,400620,232620,112775,119845,74820,31175,43645,29400,18900,10500,54600,23100,31500,73800,39600,34200,137000,32000,105000,31000,
61,23,458675,294075,110725,183350,93525,31175,62350,25200,8400,16800,79950,42150,37800,95400,29000,66400,146000,56000,90000,18600,
61,24,466625,307225,115010,192215,93525,37410,56115,39900,18900,21000,78000,29700,48300,95800,29000,66800,147000,72000,75000,12400,
61,25,435390,264590,110310,154280,87290,37410,49880,33600,12600,21000,69300,23100,46200,74400,37200,37200,146000,56000,90000,24800,
61,26,489840,274040,144245,129795,87290,43645,43645,25200,12600,12600,86550,42000,44550,75000,46000,29000,191000,56000,135000,24800,
61,27,408390,259790,120345,139445,87290,43645,43645,27300,10500,16800,54600,29400,25200,90600,36800,53800,130000,40000,90000,18600,
61,28,454770,246970,107690,139280,74820,24940,49880,23100,10500,12600,48450,31650,16800,100600,40600,60000,183000,48000,135000,24800,
61,29,404360,255760,112645,143115,99760,43645,56115,23100,12600,10500,65100,25200,39900,67800,31200,36600,130000,40000,90000,18600,
61,30,562370,304770,127790,176980,74820,24940,49880,44100,18900,25200,81450,43350,38100,104400,40600,63800,239000,104000,135000,18600,
62,0,450885,264085,121210,142875,68585,37410,31175,37800,18900,18900,56700,27300,29400,101000,37600,63400,162000,72000,90000,24800,
62,1,493240,276440,109725,166715,87290,31175,56115,29400,16800,12600,67950,38550,29400,91800,23200,68600,192000,72000,120000,24800,
62,2,545815,299015,133860,165155,56115,37410,18705,42000,18900,23100,67500,25350,42150,133400,52200,81200,222000,72000,150000,24800,
62,3,528465,334665,150780,183885,118465,49880,68585,37800,16800,21000,88200,52500,35700,90200,31600,58600,169000,64000,105000,24800,
62,4,571490,352890,158410,194480,87290,37410,49880,52500,18900,33600,102900,44100,58800,110200,58000,52200,200000,80000,120000,18600,
62,5,523720,345120,129940,215180,74820,24940,49880,46200,12600,33600,81900,37800,44100,142200,54600,87600,160000,40000,120000,18600,
62,6,566810,333210,126690,206520,99760,24940,74820,29400,14700,14700,86850,40650,46200,117200,46400,70800,215000,80000,135000,18600,
62,7,459440,265840,95085,170755,87290,6235,81055,31500,10500,21000,55050,31950,23100,92000,46400,45600,175000,40000,135000,18600,
62,8,509290,275490,136545,138945,87290,43645,43645,37800,14700,23100,57600,31800,25800,92800,46400,46400,209000,104000,105000,24800,
62,9,511155,293355,119440,173915,81055,24940,56115,44100,18900,25200,61200,23400,37800,107000,52200,54800,193000,88000,105000,24800,
62,10,554415,315615,152780,162835,118465,49880,68585,39900,21000,18900,82050,35700,46350,75200,46200,29000,214000,64000,150000,24800,
62,11,517990,286190,121110,165080,87290,37410,49880,39900,14700,25200,54600,16800,37800,104400,52200,52200,207000,72000,135000,24800,
62,12,541810,295010,143995,151015,99760,43645,56115,33600,21000,12600,71850,44550,27300,89800,34800,55000,222000,72000,150000,24800,
62,13,534875,288075,123210,164865,93525,37410,56115,42000,12600,29400,82950,38400,44550,69600,34800,34800,222000,72000,150000,24800,
62,14,524100,315300,154045,161255,124700,43645,81055,39900,16800,23100,81900,58800,23100,68800,34800,34000,184000,64000,120000,24800,
62,15,574860,322060,138345,183715,99760,43645,56115,18900,10500,8400,79800,37800,42000,123600,46400,77200,228000,48000,180000,24800,
62,16,505690,304090,140480,163610,87290,49880,37410,33600,16800,16800,71400,33600,37800,111800,40200,71600,183000,48000,135000,18600,
62,17,473395,301795,96675,205120,118895,31175,87720,37800,14700,23100,67500,27600,39900,77600,23200,54400,153000,48000,105000,18600,
62,18,584380,342780,155165,187615,112230,56115,56115,29400,14700,14700,88350,37950,50400,112800,46400,66400,223000,88000,135000,18600,
62,19,482360,320560,129510,191050,99760,37410,62350,48300,21000,27300,69300,31500,37800,103200,39600,63600,137000,32000,105000,24800,
62,20,410195,297595,116380,181215,114595,49880,64715,33600,21000,12600,54600,23100,31500,94800,22400,72400,94000,64000,30000,18600,
62,21,494655,269855,90605,179250,81055,18705,62350,35700,14700,21000,81300,45600,35700,71800,11600,60200,200000,80000,120000,24800,
62,22,445925,281325,131510,149815,93525,37410,56115,33600,12600,21000,79800,35700,44100,74400,45800,28600,146000,56000,90000,18600,
62,23,440485,259885,106605,153280,68585,18705,49880,29400,16800,12600,61500,36300,25200,100400,34800,65600,162000,72000,90000,18600,
62,24,415255,278855,137810,141045,81055,37410,43645,33600,16800,16800,67200,29400,37800,97000,54200,42800,124000,64000,60000,12400,
62,25,526265,262465,119460,143005,56115,37410,18705,31500,16800,14700,82050,30450,51600,92800,34800,58000,239000,104000,135000,24800,
62,26,575745,305945,106060,199885,105995,37410,68585,40200,15000,25200,61350,13050,48300,98400,40600,57800,245000,80000,165000,24800,
62,27,504605,279805,97925,181880,81055,31175,49880,39900,12600,27300,80850,36750,44100,78000,17400,60600,200000,80000,120000,24800,
62,28,561025,313225,142410,170815,93525,37410,56115,33600,16800,16800,67500,36000,31500,118600,52200,66400,223000,88000,135000,24800,
62,29,392520,275720,94875,180845,92020,31175,60845,37800,16800,21000,65100,27300,37800,80800,19600,61200,92000,32000,60000,24800,
62,30,347490,235890,116010,119880,87290,37410,49880,18900,8400,10500,81900,50400,31500,47800,19800,28000,93000,48000,45000,18600,
63,0,453455,289855,111000,178855,69305,15000,54305,30300,13050,17250,110250,49350,60900,80000,33600,46400,145000,40000,105000,18600,
63,1,450550,255950,127250,128700,51000,21000,30000,71700,28200,43500,77250,47250,30000,56000,30800,25200,176000,56000,120000,18600,
63,2,490985,281385,125450,155935,69235,33000,36235,57300,19500,37800,86250,39150,47100,68600,33800,34800,191000,56000,135000,18600,
63,3,424835,263035,125400,137635,67535,25300,42235,52950,24750,28200,70950,44550,26400,71600,30800,40800,137000,32000,105000,24800,
63,4,476750,275150,111150,164000,63000,21000,42000,36750,15150,21600,101400,49800,51600,74000,25200,48800,183000,48000,135000,18600,
63,5,510900,317100,126700,190400,60900,15000,45900,51450,23850,27600,87150,51450,35700,117600,36400,81200,169000,64000,105000,24800,
63,6,504300,263700,127100,136600,51000,27000,24000,56400,23850,32550,82500,30450,52050,73800,45800,28000,222000,72000,150000,18600,
63,7,478085,284285,123300,160985,60235,27000,33235,47700,21600,26100,91950,49500,42450,84400,25200,59200,169000,64000,105000,24800,
63,8,461450,251850,123700,128150,48000,18000,30000,60750,28200,32550,75900,41100,34800,67200,36400,30800,191000,56000,135000,18600,
63,9,454000,245200,128550,116650,54000,30000,24000,43500,21750,21750,80100,43200,36900,67600,33600,34000,184000,64000,120000,24800,
63,10,445650,260850,104800,156050,66900,27000,39900,45600,21750,23850,74550,36450,38100,73800,19600,54200,160000,40000,120000,24800,
63,11,529555,304755,104100,200655,78705,24000,54705,49800,23850,25950,80850,30450,50400,95400,25800,69600,200000,80000,120000,24800,
63,12,412500,240900,123000,117900,51000,21000,30000,46200,15750,30450,65100,41250,23850,78600,45000,33600,153000,48000,105000,18600,
63,13,460350,283550,117850,165700,70300,36000,34300,47250,15150,32100,70200,47100,23100,95800,19600,76200,152000,32000,120000,24800,
63,14,493300,262500,133000,129500,57000,21000,36000,34650,19500,15150,122850,72900,49950,48000,19600,28400,206000,56000,150000,24800,
63,15,435250,257450,106300,151150,43300,18000,25300,49650,21450,28200,96300,47250,49050,68200,19600,48600,153000,48000,105000,24800,
63,16,535685,311085,126050,185035,75235,30000,45235,52050,26100,25950,89400,39150,50250,94400,30800,63600,206000,56000,150000,18600,
63,17,449650,232050,98750,133300,30000,9000,21000,58650,23850,34800,93000,51900,41100,50400,14000,36400,199000,64000,135000,18600,
63,18,398450,266650,106200,160450,63500,28300,35200,55350,21600,33750,69600,25500,44100,78200,30800,47400,107000,32000,75000,24800,
63,19,487255,299655,125350,174305,66705,24000,42705,49800,23850,25950,97950,41100,56850,85200,36400,48800,169000,64000,105000,18600,
63,20,413400,243600,93550,150050,47600,18000,29600,52200,21750,30450,81000,25800,55200,62800,28000,34800,145000,40000,105000,24800,
63,21,527535,303735,133385,170350,70135,36235,33900,47400,21300,26100,108000,47850,60150,78200,28000,50200,199000,64000,135000,24800,
63,22,497150,295350,121150,174200,68200,24000,44200,57300,26100,31200,96450,43050,53400,73400,28000,45400,177000,72000,105000,24800,
63,23,494050,285450,121850,163600,58300,24000,34300,54300,15150,39150,96450,51900,44550,76400,30800,45600,190000,40000,150000,18600,
63,24,520500,333700,149200,184500,64300,18000,46300,43950,23850,20100,99450,57750,41700,126000,49600,76400,162000,72000,90000,24800,
63,25,485200,291400,96900,194500,71200,9000,62200,48300,28200,20100,78900,34500,44400,93000,25200,67800,169000,64000,105000,24800,
63,26,398900,235100,110000,125100,54000,21000,33000,43500,13050,30450,81600,45150,36450,56000,30800,25200,139000,64000,75000,24800,
63,27,555970,309170,112700,196470,85770,24000,61770,35100,8700,26400,68700,45600,23100,119600,34400,85200,222000,72000,150000,24800,
63,28,454900,277100,123750,153350,63000,30000,33000,18000,6300,11700,102900,49650,53250,93200,37800,55400,153000,48000,105000,24800,
63,29,459250,266450,112850,153600,59600,30000,29600,61650,23850,37800,75000,28200,46800,70200,30800,39400,168000,48000,120000,24800,
63,30,486800,271000,133750,137250,60000,24000,36000,45600,23850,21750,77400,57900,19500,88000,28000,60000,191000,56000,135000,24800,
64,0,544025,328025,159910,168115,93525,37410,56115,35700,21000,14700,84000,44100,39900,114800,57400,57400,185000,80000,105000,31000,
64,1,502185,290585,130310,160275,68585,37410,31175,39900,16800,23100,54900,29700,25200,127200,46400,80800,193000,88000,105000,18600,
64,2,509855,308055,156845,151210,81055,43645,37410,39900,10500,29400,86100,56700,29400,101000,46000,55000,177000,72000,105000,24800,
64,3,449520,276920,130575,146345,74820,31175,43645,31500,12600,18900,67200,37800,29400,103400,49000,54400,154000,64000,90000,18600,
64,4,404190,279390,126910,152480,91590,41710,49880,37800,18900,18900,67200,31500,35700,82800,34800,48000,100000,40000,60000,24800,
64,5,485775,283175,128125,155050,93525,31175,62350,46200,18900,27300,56850,31650,25200,86600,46400,40200,184000,64000,120000,18600,
64,6,454650,276850,139540,137310,62350,24940,37410,44100,23100,21000,75600,48300,27300,94800,43200,51600,153000,48000,105000,24800,
64,7,470860,306260,150845,155415,99760,43645,56115,37800,18900,18900,69300,39900,29400,99400,48400,51000,146000,56000,90000,18600,
64,8,556095,302295,128275,174020,105995,31175,74820,39900,21000,18900,70200,47100,23100,86200,29000,57200,229000,64000,165000,24800,
64,9,430635,258835,134000,124835,57235,21000,36235,39000,17400,21600,92400,53400,39000,70200,42200,28000,147000,72000,75000,24800,
64,10,494020,279220,115440,163780,74820,24940,49880,48300,16800,31500,69300,27300,42000,86800,46400,40400,190000,40000,150000,24800,
64,11,378490,244690,90840,153850,87290,24940,62350,29400,16800,12600,50400,6300,44100,77600,42800,34800,109000,64000,45000,24800,
64,12,504260,327460,127175,200285,99760,31175,68585,37800,14700,23100,98700,44100,54600,91200,37200,54000,152000,32000,120000,24800,
64,13,478960,300160,145415,154745,99760,56115,43645,35700,14700,21000,73500,37800,35700,91200,36800,54400,154000,64000,90000,24800,
64,14,571950,317150,126470,190680,62350,12470,49880,25200,12600,12600,99600,49200,50400,130000,52200,77800,230000,80000,150000,24800,
64,15,450220,271620,142010,129610,74820,37410,37410,37800,21000,16800,75600,37800,37800,83400,45800,37600,160000,40000,120000,18600,
64,16,464135,240335,113210,127125,68585,37410,31175,14700,4200,10500,52650,25200,27450,104400,46400,58000,199000,64000,135000,24800,
64,17,520695,296895,131845,165050,105995,43645,62350,35700,6300,29400,71400,35700,35700,83800,46200,37600,199000,64000,135000,24800,
64,18,522555,329755,115940,213815,81055,24940,56115,29400,12600,16800,98700,37800,60900,120600,40600,80000,168000,48000,120000,24800,
64,19,521155,309555,131610,177945,81055,37410,43645,42000,14700,27300,82500,44700,37800,104000,34800,69200,193000,88000,105000,18600,
64,20,543875,318275,146025,172250,93525,31175,62350,46200,18900,27300,71550,37950,33600,107000,58000,49000,207000,72000,135000,18600,
64,21,457255,322655,103905,218750,111155,18705,92450,33600,10500,23100,90300,39900,50400,87600,34800,52800,116000,56000,60000,18600,
64,22,484805,273205,113725,159480,81055,31175,49880,37800,12600,25200,52950,23550,29400,101400,46400,55000,193000,88000,105000,18600,
64,23,456625,321225,144175,177050,102125,31175,70950,35700,12600,23100,84000,46200,37800,99400,54200,45200,123000,48000,75000,12400,
64,24,514865,330065,137080,192985,118465,49880,68585,37800,14700,23100,75600,44100,31500,98200,28400,69800,160000,40000,120000,24800,
64,25,538560,298960,119010,179950,99760,37410,62350,39900,16800,23100,69900,30000,39900,89400,34800,54600,221000,56000,165000,18600,
64,26,493355,298755,138910,159845,81055,37410,43645,33600,10500,23100,77700,42000,35700,106400,49000,57400,176000,56000,120000,18600,
64,27,512430,309830,124845,184985,112230,43645,68585,44100,16800,27300,52500,21000,31500,101000,43400,57600,184000,64000,120000,18600,
64,28,520085,288285,144210,144075,68585,37410,31175,33600,16800,16800,75900,37800,38100,110200,52200,58000,207000,72000,135000,24800,
64,29,505655,287055,112705,174350,81055,18705,62350,33600,18900,14700,74400,34500,39900,98000,40600,57400,200000,80000,120000,18600,
64,30,452860,282060,114510,167550,99760,37410,62350,29400,18900,10500,69300,21000,48300,83600,37200,46400,146000,56000,90000,24800,
65,0,249545,145145,67105,78040,43645,18705,24940,18900,8400,10500,33600,16800,16800,49000,23200,25800,92000,32000,60000,12400,
65,1,523325,314525,138210,176315,93525,37410,56115,39900,16800,23100,77700,37800,39900,103400,46200,57200,184000,64000,120000,24800,
65,2,509855,308055,156845,151210,81055,43645,37410,39900,10500,29400,86100,56700,29400,101000,46000,55000,177000,72000,105000,24800,
65,3,429360,249760,103775,145985,99760,31175,68585,48300,16800,31500,61500,38400,23100,40200,17400,22800,161000,56000,105000,18600,
65,4,492605,281205,120525,160680,81055,31175,49880,50400,23100,27300,66150,43050,23100,83600,23200,60400,199000,64000,135000,12400,
65,5,464755,234955,96540,138415,81055,24940,56115,23100,8400,14700,78600,34200,44400,52200,29000,23200,205000,40000,165000,24800,
65,6,539575,312975,147260,165715,93525,37410,56115,42000,23100,18900,76050,40350,35700,101400,46400,55000,208000,88000,120000,18600,
65,7,529415,288015,124740,163275,56115,24940,31175,31500,12600,18900,78600,40800,37800,121800,46400,75400,229000,64000,165000,12400,
65,8,506225,277225,137745,139480,93525,43645,49880,29400,6300,23100,56700,33600,23100,97600,54200,43400,198000,48000,150000,31000,
65,9,565700,334900,138845,196055,124700,43645,81055,31500,14700,16800,81900,31500,50400,96800,49000,47800,206000,56000,150000,24800,
65,10,568860,307860,130745,177115,99760,43645,56115,35700,14700,21000,73800,31800,42000,98600,40600,58000,230000,80000,150000,31000,
65,11,537555,290755,138345,152410,81055,43645,37410,33600,10500,23100,89100,55200,33900,87000,29000,58000,222000,72000,150000,24800,
65,12,537460,299460,142345,157115,99760,43645,56115,29400,12600,16800,77700,39900,37800,92600,46200,46400,207000,72000,135000,31000,
65,13,540875,293275,116625,176650,93525,31175,62350,29400,8400,21000,72150,36450,35700,98200,40600,57600,229000,64000,165000,18600,
65,14,548465,294665,141025,153640,56115,31175,24940,31500,23100,8400,91050,40350,50700,116000,46400,69600,229000,64000,165000,24800,
65,15,502560,323760,120575,203185,99760,31175,68585,27300,8400,18900,98700,46200,52500,98000,34800,63200,154000,64000,90000,24800,
65,16,533910,299510,121195,178315,99760,43645,56115,42000,18900,23100,59550,23850,35700,98200,34800,63400,222000,72000,150000,12400,
65,17,442425,277825,121540,156285,93525,24940,68585,35700,16800,18900,71400,33600,37800,77200,46200,31000,146000,56000,90000,18600,
65,18,490375,273575,117625,155950,93525,31175,62350,31500,14700,16800,58950,25350,33600,89600,46400,43200,192000,72000,120000,24800,
65,19,555685,293085,130240,162845,68585,24940,43645,27300,14700,12600,104400,55800,48600,92800,34800,58000,244000,64000,180000,18600,
65,20,436620,271820,136145,135675,74820,43645,31175,39900,16800,23100,65100,35700,29400,92000,40000,52000,140000,80000,60000,24800,
65,21,445090,304490,125310,179180,87290,37410,49880,35700,14700,21000,77700,33600,44100,103800,39600,64200,122000,32000,90000,18600,
65,22,496975,274975,114060,160915,93525,37410,56115,37800,18900,18900,80250,40350,39900,63400,17400,46000,191000,56000,135000,31000,
65,23,418690,264890,139645,125245,87290,43645,43645,37800,16800,21000,71400,33600,37800,68400,45600,22800,129000,24000,105000,24800,
65,24,531240,314440,116390,198050,87290,24940,62350,37800,14700,23100,82350,36150,46200,107000,40600,66400,192000,72000,120000,24800,
65,25,434815,265015,92535,172480,56115,6235,49880,37800,14700,23100,52500,25200,27300,118600,46400,72200,145000,40000,105000,24800,
65,26,521165,302565,138280,164285,118465,49880,68585,42000,16800,25200,60900,25200,35700,81200,46400,34800,200000,80000,120000,18600,
65,27,494360,300560,136610,163950,99760,37410,62350,48300,21000,27300,69300,37800,31500,83200,40400,42800,169000,64000,105000,24800,
65,28,478570,269770,100890,168880,74820,24940,49880,33600,10500,23100,63150,19050,44100,98200,46400,51800,184000,64000,120000,24800,
65,29,563810,345210,136395,208815,99760,43645,56115,48300,14700,33600,79950,31650,48300,117200,46400,70800,200000,80000,120000,18600,
65,30,435720,295920,130745,165175,82120,50945,31175,39900,14700,25200,73500,31500,42000,100400,33600,66800,115000,40000,75000,24800,
66,0,516100,323300,125600,197700,59200,21000,38200,59700,30300,29400,80400,40500,39900,124000,33800,90200,168000,48000,120000,24800,
66,1,451585,257785,111240,146545,68585,24940,43645,25200,16800,8400,54600,23100,31500,109400,46400,63000,169000,64000,105000,24800,
66,2,499200,311600,127350,184250,70300,33000,37300,59400,23850,35550,95700,45300,50400,86200,25200,61000,169000,64000,105000,18600,
66,3,453000,281400,122650,158750,55300,30000,25300,49800,23850,25950,95700,49200,46500,80600,19600,61000,153000,48000,105000,18600,
66,4,400650,238850,109750,129100,58300,21000,37300,52350,16950,35400,62400,40800,21600,65800,31000,34800,137000,32000,105000,24800,
66,5,419635,248835,113950,134885,69235,27000,42235,41250,19500,21750,87750,36450,51300,50600,31000,19600,146000,56000,90000,24800,
66,6,428490,254890,107475,147415,87290,31175,56115,31500,12600,18900,61500,40500,21000,74600,23200,51400,155000,80000,75000,18600,
66,7,458625,304625,137545,167080,93525,43645,49880,37800,21000,16800,86100,35700,50400,87200,37200,50000,123000,48000,75000,31000,
66,8,565345,308745,158280,150465,105995,49880,56115,31500,14700,16800,95850,53100,42750,75400,40600,34800,238000,88000,150000,18600,
66,9,351800,212000,102750,109250,57000,24000,33000,43500,21750,21750,55500,23400,32100,56000,33600,22400,115000,40000,75000,24800,
66,10,421055,267255,99040,168215,89655,24940,64715,33600,21000,12600,71400,27300,44100,72600,25800,46800,129000,24000,105000,24800,
66,11,419360,270560,101010,169550,99760,37410,62350,42000,21000,21000,58800,16800,42000,70000,25800,44200,124000,64000,60000,24800,
66,12,482495,294895,135845,159050,105995,43645,62350,23100,6300,16800,71400,39900,31500,94400,46000,48400,169000,64000,105000,18600,
66,13,448785,278985,134345,144640,68585,43645,24940,37800,21000,16800,67200,35700,31500,105400,34000,71400,145000,40000,105000,24800,
66,14,482955,297155,117775,179380,81055,31175,49880,37800,16800,21000,60900,29400,31500,117400,40400,77000,161000,56000,105000,24800,
66,15,452815,268015,115305,152710,56115,18705,37410,33600,16800,16800,69300,33600,35700,109000,46200,62800,160000,40000,120000,24800,
66,16,470590,274990,110310,164680,87290,37410,49880,33600,14700,18900,59100,23400,35700,95000,34800,60200,177000,72000,105000,18600,
66,17,521810,314010,124490,189520,99760,24940,74820,29400,14700,14700,69450,44250,25200,115400,40600,74800,183000,48000,135000,24800,
66,18,440385,276585,127110,149475,68585,37410,31175,35700,16800,18900,77700,27300,50400,94600,45600,49000,139000,64000,75000,24800,
66,19,493820,270020,122110,147910,74820,37410,37410,35700,14700,21000,78300,46800,31500,81200,23200,58000,199000,64000,135000,24800,
66,20,509970,285170,126825,158345,74820,31175,43645,29400,12600,16800,82350,42450,39900,98600,40600,58000,200000,80000,120000,24800,
66,21,490025,294425,152845,141580,93525,43645,49880,29400,16800,12600,65100,37800,27300,106400,54600,51800,177000,72000,105000,18600,
66,22,400620,232620,112775,119845,74820,31175,43645,29400,18900,10500,54600,23100,31500,73800,39600,34200,137000,32000,105000,31000,
66,23,458675,294075,110725,183350,93525,31175,62350,25200,8400,16800,79950,42150,37800,95400,29000,66400,146000,56000,90000,18600,
66,24,466625,307225,115010,192215,93525,37410,56115,39900,18900,21000,78000,29700,48300,95800,29000,66800,147000,72000,75000,12400,
66,25,435390,264590,110310,154280,87290,37410,49880,33600,12600,21000,69300,23100,46200,74400,37200,37200,146000,56000,90000,24800,
66,26,489840,274040,144245,129795,87290,43645,43645,25200,12600,12600,86550,42000,44550,75000,46000,29000,191000,56000,135000,24800,
66,27,408390,259790,120345,139445,87290,43645,43645,27300,10500,16800,54600,29400,25200,90600,36800,53800,130000,40000,90000,18600,
66,28,454770,246970,107690,139280,74820,24940,49880,23100,10500,12600,48450,31650,16800,100600,40600,60000,183000,48000,135000,24800,
66,29,404360,255760,112645,143115,99760,43645,56115,23100,12600,10500,65100,25200,39900,67800,31200,36600,130000,40000,90000,18600,
66,30,562370,304770,127790,176980,74820,24940,49880,44100,18900,25200,81450,43350,38100,104400,40600,63800,239000,104000,135000,18600,
67,0,556310,338710,115090,223620,99760,24940,74820,35700,10500,25200,95250,44850,50400,108000,34800,73200,199000,64000,135000,18600,
67,1,372450,253850,68770,185080,70950,12470,58480,46200,14700,31500,35700,4200,31500,101000,37400,63600,100000,40000,60000,18600,
67,2,538365,320565,158645,161920,118465,43645,74820,16800,12600,4200,73500,33600,39900,111800,68800,43000,193000,88000,105000,24800,
67,3,501625,292825,118875,173950,93525,31175,62350,29400,14700,14700,60900,21000,39900,109000,52000,57000,184000,64000,120000,24800,
67,4,399385,268585,130275,138310,85785,48375,37410,37800,16800,21000,58800,31500,27300,86200,33600,52600,106000,16000,90000,24800,
67,5,466770,287170,105300,181870,61770,18000,43770,40200,12900,27300,60000,34800,25200,125200,39600,85600,161000,56000,105000,18600,
67,6,523735,261135,100000,161135,51235,6000,45235,45450,8550,36900,97650,47850,49800,66800,37600,29200,244000,64000,180000,18600,
67,7,550020,325220,121900,203320,66470,27000,39470,43050,17400,25650,84900,26100,58800,130800,51400,79400,200000,80000,120000,24800,
67,8,354600,243800,84550,159250,66500,15000,51500,35850,10500,25350,65850,28050,37800,75600,31000,44600,86000,56000,30000,24800,
67,9,347900,250500,91850,158650,43300,18000,25300,49950,21600,28350,50850,13050,37800,106400,39200,67200,85000,40000,45000,12400,
67,10,438520,251720,111900,139820,69470,24000,45470,43500,17400,26100,88350,53700,34650,50400,16800,33600,162000,72000,90000,24800,
67,11,472750,294950,133800,161150,70300,27000,43300,69900,21600,48300,88950,42600,46350,65800,42600,23200,153000,48000,105000,24800,
67,12,484905,275305,120800,154505,75705,27000,48705,41100,19500,21600,82500,43500,39000,76000,30800,45200,191000,56000,135000,18600,
67,13,487050,247250,132350,114900,45000,27000,18000,47700,19500,28200,71550,52050,19500,83000,33800,49200,215000,80000,135000,24800,
67,14,524750,278150,141100,137050,66000,33000,33000,41250,21750,19500,106500,49950,56550,64400,36400,28000,228000,48000,180000,18600,
67,15,473650,302850,115700,187150,84100,33000,51100,47100,21750,25350,74250,30150,44100,97400,30800,66600,146000,56000,90000,24800,
67,16,488485,307885,119750,188135,70535,24000,46535,43500,19500,24000,77850,45450,32400,116000,30800,85200,162000,72000,90000,18600,
67,17,422450,219650,112450,107200,45000,27000,18000,65100,30300,34800,67350,32550,34800,42200,22600,19600,178000,88000,90000,24800,
67,18,495550,307950,132650,175300,54000,18000,36000,51750,23850,27900,89400,60000,29400,112800,30800,82000,169000,64000,105000,18600,
67,19,375600,219800,117350,102450,39000,18000,21000,41250,15150,26100,75150,45000,30150,64400,39200,25200,131000,56000,75000,24800,
67,20,472850,256050,132350,123700,45000,21000,24000,63000,32550,30450,77850,36600,41250,70200,42200,28000,192000,72000,120000,24800,
67,21,487500,267900,127000,140900,39000,24000,15000,58650,30450,28200,73650,15150,58500,96600,57400,39200,201000,96000,105000,18600,
67,22,536335,309735,135300,174435,78235,27000,51235,58650,19500,39150,82050,52200,29850,90800,36600,54200,208000,88000,120000,18600,
67,23,406250,248650,127850,120800,63000,24000,39000,47700,23850,23850,72750,57600,15150,65200,22400,42800,139000,64000,75000,18600,
67,24,486605,306005,147600,158405,72705,30000,42705,58650,28200,30450,94050,40800,53250,80600,48600,32000,162000,72000,90000,18600,
67,25,518400,331600,113300,218300,85800,24000,61800,31650,15150,16500,91350,43350,48000,122800,30800,92000,162000,72000,90000,24800,
67,26,474650,272850,120200,152650,52300,30000,22300,58500,21600,36900,94650,34800,59850,67400,33800,33600,177000,72000,105000,24800,
67,27,423870,230070,109085,120985,60470,21235,39235,58350,21450,36900,94050,49200,44850,17200,17200,0,169000,64000,105000,24800,
67,28,530400,344600,134500,210100,76800,31300,45500,44850,21750,23100,93150,44850,48300,129800,36600,93200,161000,56000,105000,24800,
67,29,578185,307385,142050,165335,54235,27000,27235,54150,21600,32550,108600,47850,60750,90400,45600,44800,246000,96000,150000,24800,
67,30,490050,319450,97250,222200,59200,18000,41200,48750,17250,31500,86700,45000,41700,124800,17000,107800,152000,32000,120000,18600,
68,0,431725,297125,114575,182550,93525,31175,62350,31500,14700,16800,77700,31500,46200,94400,37200,57200,116000,56000,60000,18600,
68,1,479100,270300,105950,164350,39000,6000,33000,66000,23850,42150,87900,45300,42600,77400,30800,46600,184000,64000,120000,24800,
68,2,482895,282095,127680,154415,105995,49880,56115,35700,14700,21000,54600,31500,23100,85800,31600,54200,176000,56000,120000,24800,
68,3,569275,299475,150960,148515,93525,37410,56115,33600,16800,16800,67950,44550,23400,104400,52200,52200,245000,80000,165000,24800,
68,4,512560,295760,133945,161815,99760,43645,56115,29400,12600,16800,63000,31500,31500,103600,46200,57400,192000,72000,120000,24800,
68,5,407770,243970,98260,145710,74820,37410,37410,27300,16800,10500,76050,38250,37800,65800,5800,60000,139000,64000,75000,24800,
68,6,515825,284225,135445,148780,93525,43645,49880,25200,6300,18900,67500,50700,16800,98000,34800,63200,213000,48000,165000,18600,
68,7,524950,314350,154105,160245,62350,18705,43645,37800,18900,18900,75600,44100,31500,138600,72400,66200,192000,72000,120000,18600,
68,8,436255,287455,113610,173845,81055,37410,43645,27300,8400,18900,86100,33600,52500,93000,34200,58800,124000,64000,60000,24800,
68,9,478060,306260,137110,169150,99760,37410,62350,35700,12600,23100,84000,44100,39900,86800,43000,43800,147000,72000,75000,24800,
68,10,439430,289030,128180,160850,112230,49880,62350,33600,14700,18900,75600,37800,37800,67600,25800,41800,138000,48000,90000,12400,
68,11,471185,269385,141710,127675,68585,37410,31175,18900,12600,6300,69300,39900,29400,112600,51800,60800,177000,72000,105000,24800,
68,12,460420,267620,116110,151510,74820,37410,37410,33600,14700,18900,67200,21000,46200,92000,43000,49000,168000,48000,120000,24800,
68,13,527290,301690,134510,167180,87290,37410,49880,31500,10500,21000,75900,40200,35700,107000,46400,60600,207000,72000,135000,18600,
68,14,511490,286690,123710,162980,87290,37410,49880,39900,18900,21000,69900,38400,31500,89600,29000,60600,200000,80000,120000,24800,
68,15,479390,286590,105610,180980,87290,37410,49880,39900,14700,25200,63000,18900,44100,96400,34600,61800,168000,48000,120000,24800,
68,16,498955,281355,145345,136010,81055,43645,37410,31500,10500,21000,42000,25200,16800,126800,66000,60800,199000,64000,135000,18600,
68,17,425420,262620,130145,132475,74820,43645,31175,37800,18900,18900,58800,33600,25200,91200,34000,57200,138000,48000,90000,24800,
68,18,450225,292625,125210,167415,93525,37410,56115,33600,10500,23100,73500,39900,33600,92000,37400,54600,139000,64000,75000,18600,
68,19,493995,321395,146145,175250,105995,43645,62350,35700,16800,18900,77700,31500,46200,102000,54200,47800,154000,64000,90000,18600,
68,20,383285,234685,117375,117310,68585,31175,37410,33600,10500,23100,52500,35700,16800,80000,40000,40000,130000,40000,90000,18600,
68,21,458395,317595,136680,180915,105995,49880,56115,33600,8400,25200,105000,50400,54600,73000,28000,45000,116000,56000,60000,24800,
68,22,456120,248320,111310,137010,74820,37410,37410,31500,16800,14700,69600,33900,35700,72400,23200,49200,183000,48000,135000,24800,
68,23,483070,287470,123925,163545,74820,31175,43645,27300,10500,16800,67350,35850,31500,118000,46400,71600,177000,72000,105000,18600,
68,24,552675,297075,119090,177985,93525,24940,68585,42000,16800,25200,74550,36750,37800,87000,40600,46400,237000,72000,165000,18600,
68,25,465750,250950,111310,139640,62350,37410,24940,23100,12600,10500,84300,38100,46200,81200,23200,58000,190000,40000,150000,24800,
68,26,468155,289555,135710,153845,81055,37410,43645,31500,10500,21000,79800,42000,37800,97200,45800,51400,160000,40000,120000,18600,
68,27,501190,301390,142180,159210,87290,49880,37410,46200,18900,27300,90300,42000,48300,77600,31400,46200,175000,40000,135000,24800,
68,28,529185,287585,118655,168930,68585,18705,49880,37800,14700,23100,76800,38850,37950,104400,46400,58000,223000,88000,135000,18600,
68,29,510300,277500,123205,154295,62350,18705,43645,37800,21000,16800,78750,42900,35850,98600,40600,58000,208000,88000,120000,24800,
68,30,409950,260350,103840,156510,62350,24940,37410,35700,16800,18900,69300,27300,42000,93000,34800,58200,131000,56000,75000,18600,
69,0,453455,289855,111000,178855,69305,15000,54305,30300,13050,17250,110250,49350,60900,80000,33600,46400,145000,40000,105000,18600,
69,1,417385,221785,106985,114800,45235,18235,27000,49800,23850,25950,67350,36900,30450,59400,28000,31400,177000,72000,105000,18600,
69,2,519650,302850,127600,175250,60000,24000,36000,46500,8700,37800,115950,58500,57450,80400,36400,44000,192000,72000,120000,24800,
69,3,496700,281900,112450,169450,60000,21000,39000,42900,15150,27750,79200,36900,42300,99800,39400,60400,190000,40000,150000,24800,
69,4,505595,302995,141210,161785,105995,37410,68585,35700,16800,18900,69300,37800,31500,92000,49200,42800,184000,64000,120000,18600,
69,5,498390,312590,116810,195780,87290,37410,49880,42000,14700,27300,86100,35700,50400,97200,29000,68200,161000,56000,105000,24800,
69,6,384385,258585,126245,132340,68585,43645,24940,35700,14700,21000,60900,31500,29400,93400,36400,57000,101000,56000,45000,24800,
69,7,554505,307705,126325,181380,81055,31175,49880,37800,16800,21000,76050,31950,44100,112800,46400,66400,222000,72000,150000,24800,
69,8,451525,271925,133110,138815,93525,37410,56115,31500,21000,10500,52500,39900,12600,94400,34800,59600,161000,56000,105000,18600,
69,9,413460,263860,124575,139285,99760,31175,68585,25200,14700,10500,90300,44100,46200,48600,34600,14000,131000,56000,75000,18600,
69,10,486960,301160,128975,172185,99760,31175,68585,27300,10500,16800,77700,44100,33600,96400,43200,53200,161000,56000,105000,24800,
69,11,457860,284460,124910,159550,99760,37410,62350,27300,16800,10500,63000,18900,44100,94400,51800,42600,161000,56000,105000,12400,
69,12,547740,293940,146245,147695,87290,43645,43645,33600,12600,21000,89250,29400,59850,83800,60600,23200,229000,64000,165000,24800,
69,13,516130,290530,108575,181955,112230,31175,81055,35700,14700,21000,68400,45300,23100,74200,17400,56800,207000,72000,135000,18600,
69,14,498920,296120,127475,168645,74820,31175,43645,37800,16800,21000,73500,27300,46200,110000,52200,57800,178000,88000,90000,24800,
69,15,444860,268060,92345,175715,99760,43645,56115,31500,8400,23100,58800,23100,35700,78000,17200,60800,152000,32000,120000,24800,
69,16,482450,258650,136740,121910,62350,24940,37410,42000,23100,18900,61500,42300,19200,92800,46400,46400,199000,64000,135000,24800,
69,17,459530,295730,144780,150950,112230,49880,62350,37800,14700,23100,77700,37800,39900,68000,42400,25600,139000,64000,75000,24800,
69,18,411855,263055,115275,147780,81055,31175,49880,31500,14700,16800,65100,29400,35700,85400,40000,45400,124000,64000,60000,24800,
69,19,540430,323830,140680,183150,112230,49880,62350,37800,14700,23100,50400,27300,23100,123400,48800,74600,198000,48000,150000,18600,
69,20,504425,303625,129610,174015,93525,37410,56115,39900,12600,27300,84000,33600,50400,86200,46000,40200,176000,56000,120000,24800,
69,21,525595,294795,130010,164785,105995,37410,68585,31500,16800,14700,56700,29400,27300,100600,46400,54200,206000,56000,150000,24800,
69,22,576905,316105,138275,177830,81055,31175,49880,35700,16800,18900,94950,38100,56850,104400,52200,52200,236000,56000,180000,24800,
69,23,468625,280225,136745,143480,93525,43645,49880,35700,16800,18900,67200,35700,31500,83800,40600,43200,176000,56000,120000,12400,
69,24,501095,293295,145710,147585,105995,37410,68585,39900,18900,21000,67200,46200,21000,80200,43200,37000,183000,48000,135000,24800,
69,25,534090,318290,142940,175350,87290,24940,62350,42000,21000,21000,88200,42000,46200,100800,55000,45800,191000,56000,135000,24800,
69,26,544530,347130,134510,212620,112230,37410,74820,42000,14700,27300,71700,36000,35700,121200,46400,74800,185000,80000,105000,12400,
69,27,515320,327720,167610,160110,74820,37410,37410,44100,16800,27300,105000,58800,46200,103800,54600,49200,169000,64000,105000,18600,
69,28,515400,290600,140010,150590,62350,37410,24940,35700,16800,18900,82350,33600,48750,110200,52200,58000,200000,80000,120000,24800,
69,29,449190,285390,126675,158715,87290,31175,56115,42000,14700,27300,69300,37800,31500,86800,43000,43800,139000,64000,75000,24800,
69,30,524630,308830,133045,175785,112230,43645,68585,35700,14700,21000,69300,31500,37800,91600,43200,48400,191000,56000,135000,24800,
70,0,450885,264085,121210,142875,68585,37410,31175,37800,18900,18900,56700,27300,29400,101000,37600,63400,162000,72000,90000,24800,
70,1,493240,276440,109725,166715,87290,31175,56115,29400,16800,12600,67950,38550,29400,91800,23200,68600,192000,72000,120000,24800,
70,2,545815,299015,133860,165155,56115,37410,18705,42000,18900,23100,67500,25350,42150,133400,52200,81200,222000,72000,150000,24800,
70,3,449520,276920,130575,146345,74820,31175,43645,31500,12600,18900,67200,37800,29400,103400,49000,54400,154000,64000,90000,18600,
70,4,404190,279390,126910,152480,91590,41710,49880,37800,18900,18900,67200,31500,35700,82800,34800,48000,100000,40000,60000,24800,
70,5,485775,283175,128125,155050,93525,31175,62350,46200,18900,27300,56850,31650,25200,86600,46400,40200,184000,64000,120000,18600,
70,6,454650,276850,139540,137310,62350,24940,37410,44100,23100,21000,75600,48300,27300,94800,43200,51600,153000,48000,105000,24800,
70,7,470860,306260,150845,155415,99760,43645,56115,37800,18900,18900,69300,39900,29400,99400,48400,51000,146000,56000,90000,18600,
70,8,556095,302295,128275,174020,105995,31175,74820,39900,21000,18900,70200,47100,23100,86200,29000,57200,229000,64000,165000,24800,
70,9,586425,293625,151260,142365,93525,37410,56115,37800,21000,16800,75300,40650,34650,87000,52200,34800,268000,88000,180000,24800,
70,10,494020,279220,115440,163780,74820,24940,49880,48300,16800,31500,69300,27300,42000,86800,46400,40400,190000,40000,150000,24800,
70,11,458290,278690,108775,169915,87290,31175,56115,37800,10500,27300,73800,38100,35700,79800,29000,50800,161000,56000,105000,18600,
70,12,544630,342030,152145,189885,112230,43645,68585,33600,16800,16800,92400,48300,44100,103800,43400,60400,184000,64000,120000,18600,
70,13,520485,310885,148210,162675,68585,37410,31175,46200,16800,29400,77700,33600,44100,118400,60400,58000,191000,56000,135000,18600,
70,14,469195,289595,136610,152985,105995,37410,68585,27300,14700,12600,65100,35700,29400,91200,48800,42400,161000,56000,105000,18600,
70,15,488300,310500,134980,175520,124700,49880,74820,42000,16800,25200,71400,31500,39900,72400,36800,35600,153000,48000,105000,24800,
70,16,443130,257330,96020,161310,49880,12470,37410,37800,12600,25200,88650,36150,52500,81000,34800,46200,161000,56000,105000,24800,
70,17,482155,294555,130075,164480,81055,31175,49880,31500,10500,21000,84000,42000,42000,98000,46400,51600,169000,64000,105000,18600,
70,18,560500,326900,144075,182825,62350,31175,31175,37800,10500,27300,99150,44400,54750,127600,58000,69600,215000,80000,135000,18600,
70,19,469555,296955,131540,165415,81055,24940,56115,39900,18900,21000,75600,35700,39900,100400,52000,48400,154000,64000,90000,18600,
70,20,529535,298735,111825,186910,68585,31175,37410,39900,18900,21000,82650,38550,44100,107600,23200,84400,206000,56000,150000,24800,
70,21,490765,274965,127180,147785,118465,49880,68585,23100,14700,8400,58800,25200,33600,74600,37400,37200,191000,56000,135000,24800,
70,22,442290,255490,110440,145050,87290,24940,62350,27300,14700,12600,63300,36000,27300,77600,34800,42800,162000,72000,90000,24800,
70,23,547995,308195,148780,159415,105995,49880,56115,23100,12600,10500,69300,31500,37800,109800,54800,55000,215000,80000,135000,24800,
70,24,456860,291260,125410,165850,99760,37410,62350,35700,14700,21000,75600,35700,39900,80200,37600,42600,147000,72000,75000,18600,
70,25,460760,275960,135945,140015,99760,43645,56115,27300,8400,18900,86100,52500,33600,62800,31400,31400,160000,40000,120000,24800,
70,26,497460,294860,143310,151550,99760,37410,62350,37800,18900,18900,56700,37800,18900,100600,49200,51400,184000,64000,120000,18600,
70,27,464125,291525,125145,166380,93525,43645,49880,37800,10500,27300,79800,33600,46200,80400,37400,43000,154000,64000,90000,18600,
70,28,439955,270355,93405,176950,111155,18705,92450,33600,12600,21000,50400,18900,31500,75200,43200,32000,151000,16000,135000,18600,
70,29,454325,292325,145680,146645,97825,54180,43645,31500,14700,16800,71400,42000,29400,91600,34800,56800,131000,56000,75000,31000,
70,30,484560,313760,123440,190320,99760,24940,74820,29400,8400,21000,88200,44100,44100,96400,46000,50400,146000,56000,90000,24800,
71,0,544025,328025,159910,168115,93525,37410,56115,35700,21000,14700,84000,44100,39900,114800,57400,57400,185000,80000,105000,31000,
71,1,489550,279750,125700,154050,55300,27000,28300,46500,21750,24750,78150,43350,34800,99800,33600,66200,185000,80000,105000,24800,
71,2,509855,308055,156845,151210,81055,43645,37410,39900,10500,29400,86100,56700,29400,101000,46000,55000,177000,72000,105000,24800,
71,3,449520,276920,130575,146345,74820,31175,43645,31500,12600,18900,67200,37800,29400,103400,49000,54400,154000,64000,90000,18600,
71,4,404190,279390,126910,152480,91590,41710,49880,37800,18900,18900,67200,31500,35700,82800,34800,48000,100000,40000,60000,24800,
71,5,485775,283175,128125,155050,93525,31175,62350,46200,18900,27300,56850,31650,25200,86600,46400,40200,184000,64000,120000,18600,
71,6,454650,276850,139540,137310,62350,24940,37410,44100,23100,21000,75600,48300,27300,94800,43200,51600,153000,48000,105000,24800,
71,7,470860,306260,150845,155415,99760,43645,56115,37800,18900,18900,69300,39900,29400,99400,48400,51000,146000,56000,90000,18600,
71,8,556095,302295,128275,174020,105995,31175,74820,39900,21000,18900,70200,47100,23100,86200,29000,57200,229000,64000,165000,24800,
71,9,586425,293625,151260,142365,93525,37410,56115,37800,21000,16800,75300,40650,34650,87000,52200,34800,268000,88000,180000,24800,
71,10,494020,279220,115440,163780,74820,24940,49880,48300,16800,31500,69300,27300,42000,86800,46400,40400,190000,40000,150000,24800,
71,11,378490,244690,90840,153850,87290,24940,62350,29400,16800,12600,50400,6300,44100,77600,42800,34800,109000,64000,45000,24800,
71,12,504260,327460,127175,200285,99760,31175,68585,37800,14700,23100,98700,44100,54600,91200,37200,54000,152000,32000,120000,24800,
71,13,478960,300160,145415,154745,99760,56115,43645,35700,14700,21000,73500,37800,35700,91200,36800,54400,154000,64000,90000,24800,
71,14,571950,317150,126470,190680,62350,12470,49880,25200,12600,12600,99600,49200,50400,130000,52200,77800,230000,80000,150000,24800,
71,15,450220,271620,142010,129610,74820,37410,37410,37800,21000,16800,75600,37800,37800,83400,45800,37600,160000,40000,120000,18600,
71,16,464135,240335,113210,127125,68585,37410,31175,14700,4200,10500,52650,25200,27450,104400,46400,58000,199000,64000,135000,24800,
71,17,520695,296895,131845,165050,105995,43645,62350,35700,6300,29400,71400,35700,35700,83800,46200,37600,199000,64000,135000,24800,
71,18,522555,329755,115940,213815,81055,24940,56115,29400,12600,16800,98700,37800,60900,120600,40600,80000,168000,48000,120000,24800,
71,19,521155,309555,131610,177945,81055,37410,43645,42000,14700,27300,82500,44700,37800,104000,34800,69200,193000,88000,105000,18600,
71,20,543875,318275,146025,172250,93525,31175,62350,46200,18900,27300,71550,37950,33600,107000,58000,49000,207000,72000,135000,18600,
71,21,457255,322655,103905,218750,111155,18705,92450,33600,10500,23100,90300,39900,50400,87600,34800,52800,116000,56000,60000,18600,
71,22,484805,273205,113725,159480,81055,31175,49880,37800,12600,25200,52950,23550,29400,101400,46400,55000,193000,88000,105000,18600,
71,23,456625,321225,144175,177050,102125,31175,70950,35700,12600,23100,84000,46200,37800,99400,54200,45200,123000,48000,75000,12400,
71,24,514865,330065,137080,192985,118465,49880,68585,37800,14700,23100,75600,44100,31500,98200,28400,69800,160000,40000,120000,24800,
71,25,538560,298960,119010,179950,99760,37410,62350,39900,16800,23100,69900,30000,39900,89400,34800,54600,221000,56000,165000,18600,
71,26,493355,298755,138910,159845,81055,37410,43645,33600,10500,23100,77700,42000,35700,106400,49000,57400,176000,56000,120000,18600,
71,27,512430,309830,124845,184985,112230,43645,68585,44100,16800,27300,52500,21000,31500,101000,43400,57600,184000,64000,120000,18600,
71,28,520085,288285,144210,144075,68585,37410,31175,33600,16800,16800,75900,37800,38100,110200,52200,58000,207000,72000,135000,24800,
71,29,505655,287055,112705,174350,81055,18705,62350,33600,18900,14700,74400,34500,39900,98000,40600,57400,200000,80000,120000,18600,
71,30,452860,282060,114510,167550,99760,37410,62350,29400,18900,10500,69300,21000,48300,83600,37200,46400,146000,56000,90000,24800,
72,0,564635,316835,137900,178935,60235,24000,36235,62850,23850,39000,99150,47850,51300,94600,42200,52400,223000,88000,135000,24800,
72,1,421685,250085,108600,141485,66235,27000,39235,25800,8550,17250,76050,30450,45600,82000,42600,39400,153000,48000,105000,18600,
72,2,502620,277020,106185,170835,58770,27235,31535,60750,17400,43350,57900,15150,42750,99600,46400,53200,207000,72000,135000,18600,
72,3,454270,321470,140000,181470,66070,28300,37770,51450,26250,25200,84150,40050,44100,119800,45400,74400,108000,48000,60000,24800,
72,4,477885,306285,150100,156185,66235,24000,42235,44250,29100,15150,102000,55200,46800,93800,41800,52000,153000,48000,105000,18600,
72,5,394300,216500,93600,122900,69000,27000,42000,69450,30300,39150,47250,19500,27750,30800,16800,14000,153000,48000,105000,24800,
72,6,496050,263450,151800,111650,49300,31300,18000,58200,27750,30450,73950,39150,34800,82000,53600,28400,214000,64000,150000,18600,
72,7,394800,235400,111450,123950,39000,15000,24000,54300,19500,34800,77700,43350,34350,64400,33600,30800,147000,72000,75000,12400,
72,8,421585,250785,100750,150035,63235,18000,45235,36750,17250,19500,62400,26100,36300,88400,39400,49000,146000,56000,90000,24800,
72,9,429655,304055,128635,175420,78305,31535,46770,35100,19500,15600,92850,36000,56850,97800,41600,56200,107000,32000,75000,18600,
72,10,534870,301270,115300,185970,61770,18000,43770,47700,21750,25950,85800,32550,53250,106000,43000,63000,215000,80000,135000,18600,
72,11,483285,289485,127085,162400,72235,30235,42000,61650,28200,33450,94200,32250,61950,61400,36400,25000,169000,64000,105000,24800,
72,12,464085,292285,116850,175435,98835,27000,71835,60900,32550,28350,51150,32100,19050,81400,25200,56200,147000,72000,75000,24800,
72,13,419150,270350,110600,159750,63000,21000,42000,49650,28200,21450,50700,27600,23100,107000,33800,73200,124000,64000,60000,24800,
72,14,429585,218985,106350,112635,36235,24000,12235,34800,13050,21750,56550,26100,30450,91400,43200,48200,192000,72000,120000,18600,
72,15,410900,238100,123500,114600,48000,30000,18000,28200,17400,10800,105900,45300,60600,56000,30800,25200,148000,88000,60000,24800,
72,16,506600,297800,115700,182100,83200,36000,47200,54300,19500,34800,83100,34800,48300,77200,25400,51800,184000,64000,120000,24800,
72,17,396750,256150,114300,141850,43300,27000,16300,49800,23850,25950,103650,55050,48600,59400,8400,51000,122000,32000,90000,18600,
72,18,463450,282850,143150,139700,55300,28300,27000,52950,20400,32550,107400,58050,49350,67200,36400,30800,162000,72000,90000,18600,
72,19,495950,324150,128350,195800,62600,21000,41600,48300,17400,30900,101850,61950,39900,111400,28000,83400,147000,72000,75000,24800,
72,20,464720,254120,107720,146400,49770,15470,34300,23850,8700,15150,106500,49950,56550,74000,33600,40400,192000,72000,120000,18600,
72,21,522190,297390,109370,188020,57940,18470,39470,52050,23850,28200,76800,30450,46350,110600,36600,74000,200000,80000,120000,24800,
72,22,497100,285500,123700,161800,68600,24000,44600,60900,26100,34800,84600,45600,39000,71400,28000,43400,193000,88000,105000,18600,
72,23,421685,287885,104685,183200,53835,18235,35600,42750,17250,25500,93900,46800,47100,97400,22400,75000,109000,64000,45000,24800,
72,24,472885,286085,101600,184485,63235,27000,36235,51150,17400,33750,95700,43200,52500,76000,14000,62000,162000,72000,90000,24800,
72,25,458770,280970,127400,153570,64770,30000,34770,54150,23850,30300,82650,59550,23100,79400,14000,65400,153000,48000,105000,24800,
72,26,461970,298170,117700,180470,52770,21000,31770,46950,21750,25200,95250,46950,48300,103200,28000,75200,139000,64000,75000,24800,
72,27,447200,259600,99850,159750,73300,27000,46300,43350,19500,23850,81750,21750,60000,61200,31600,29600,169000,64000,105000,18600,
72,28,497350,269750,128500,141250,24000,18000,6000,54300,26100,28200,104250,56400,47850,87200,28000,59200,209000,104000,105000,18600,
72,29,486020,298420,134650,163770,79770,30000,49770,58650,21750,36900,102600,45300,57300,57400,37600,19800,169000,64000,105000,18600,
72,30,478250,277450,116850,160600,76300,24000,52300,54300,19500,34800,55650,36750,18900,91200,36600,54600,176000,56000,120000,24800,
73,0,542045,339445,147460,191985,105995,37410,68585,35700,16800,18900,96750,52650,44100,101000,40600,60400,184000,64000,120000,18600,
73,1,482995,304195,132210,171985,105995,37410,68585,35700,8400,27300,73500,46200,27300,89000,40200,48800,154000,64000,90000,24800,
73,2,512665,326065,131710,194355,127065,37410,89655,37800,18900,18900,75600,37800,37800,85600,37600,48000,168000,48000,120000,18600,
73,3,540250,337650,133400,204250,85800,27000,58800,47250,23850,23400,117000,68550,48450,87600,14000,73600,184000,64000,120000,18600,
73,4,461320,281720,131300,150420,63470,21000,42470,56400,30450,25950,85650,49050,36600,76200,30800,45400,161000,56000,105000,18600,
73,5,440785,284185,150150,134035,55535,34300,21235,48600,16050,32550,91050,44400,46650,89000,55400,33600,138000,48000,90000,18600,
73,6,441300,255500,116150,139350,64300,27000,37300,56250,25800,30450,73350,32550,40800,61600,30800,30800,161000,56000,105000,24800,
73,7,470350,275750,135950,139800,49300,28300,21000,58650,36900,21750,88200,34350,53850,79600,36400,43200,176000,56000,120000,18600,
73,8,460640,294040,122825,171215,87290,31175,56115,44100,18900,25200,99450,55350,44100,63200,17400,45800,148000,88000,60000,18600,
73,9,448190,267590,114140,153450,87290,24940,62350,42000,14700,27300,54900,33900,21000,83400,40600,42800,162000,72000,90000,18600,
73,10,591200,353400,150745,202655,124700,43645,81055,35700,10500,25200,88200,42000,46200,104800,54600,50200,213000,48000,165000,24800,
73,11,506810,284010,123625,160385,99760,31175,68585,31500,18900,12600,78150,44550,33600,74600,29000,45600,198000,48000,150000,24800,
73,12,497955,268155,130775,137380,81055,31175,49880,23100,14700,8400,63000,35700,27300,101000,49200,51800,205000,40000,165000,24800,
73,13,493095,267495,129505,137990,43645,18705,24940,27300,16800,10500,97950,53400,44550,98600,40600,58000,207000,72000,135000,18600,
73,14,533545,308945,134360,174585,105995,37410,68585,35700,14700,21000,69450,35850,33600,97800,46400,51400,206000,56000,150000,18600,
73,15,527580,308980,122995,185985,112230,43645,68585,37800,14700,23100,69750,29850,39900,89200,34800,54400,200000,80000,120000,18600,
73,16,569580,328980,148130,180850,112230,49880,62350,39900,14700,25200,76050,48750,27300,100800,34800,66000,222000,72000,150000,18600,
73,17,538195,327395,150945,176450,105995,43645,62350,37800,12600,25200,79800,39900,39900,103800,54800,49000,186000,96000,90000,24800,
73,18,531030,315230,124210,191020,112230,37410,74820,33600,10500,23100,71400,27300,44100,98000,49000,49000,191000,56000,135000,24800,
73,19,489550,271750,143245,128505,62350,43645,18705,23100,10500,12600,50700,23100,27600,135600,66000,69600,193000,88000,105000,24800,
73,20,472570,275970,116690,159280,74820,24940,49880,35700,12600,23100,61050,21150,39900,104400,58000,46400,178000,88000,90000,18600,
73,21,472460,300060,126810,173250,99760,37410,62350,18900,10500,8400,63000,27300,35700,118400,51600,66800,160000,40000,120000,12400,
73,22,467305,264705,125225,139480,81055,31175,49880,33600,23100,10500,63450,36150,27300,86600,34800,51800,184000,64000,120000,18600,
73,23,483840,295240,129425,165815,87290,31175,56115,37800,14700,23100,86550,48750,37800,83600,34800,48800,170000,80000,90000,18600,
73,24,548205,295405,131025,164380,81055,31175,49880,39900,14700,25200,76050,44550,31500,98400,40600,57800,228000,48000,180000,24800,
73,25,547965,319165,146050,173115,118465,62350,56115,31500,10500,21000,79800,42000,37800,89400,31200,58200,204000,24000,180000,24800,
73,26,481955,278355,106910,171445,81055,37410,43645,37800,12600,25200,78300,27900,50400,81200,29000,52200,185000,80000,105000,18600,
73,27,451790,250190,113275,136915,87290,31175,56115,29400,10500,18900,44100,25200,18900,89400,46400,43000,183000,48000,135000,18600,
73,28,491055,303455,112475,190980,81055,31175,49880,48300,21000,27300,80100,25500,54600,94000,34800,59200,169000,64000,105000,18600,
73,29,513995,302395,149480,152915,105995,49880,56115,44100,21000,23100,56700,29400,27300,95600,49200,46400,193000,88000,105000,18600,
73,30,535775,316375,150160,166215,93525,37410,56115,35700,14700,21000,71550,40050,31500,115600,58000,57600,207000,72000,135000,12400,
74,0,450885,264085,121210,142875,68585,37410,31175,37800,18900,18900,56700,27300,29400,101000,37600,63400,162000,72000,90000,24800,
74,1,391690,266890,121410,145480,87290,37410,49880,48300,21000,27300,52500,37800,14700,78800,25200,53600,100000,40000,60000,24800,
74,2,545815,299015,133860,165155,56115,37410,18705,42000,18900,23100,67500,25350,42150,133400,52200,81200,222000,72000,150000,24800,
74,3,528465,334665,150780,183885,118465,49880,68585,37800,16800,21000,88200,52500,35700,90200,31600,58600,169000,64000,105000,24800,
74,4,409585,246785,118510,128275,68585,37410,31175,33600,18900,14700,67200,25200,42000,77400,37000,40400,138000,48000,90000,24800,
74,5,485775,283175,128125,155050,93525,31175,62350,46200,18900,27300,56850,31650,25200,86600,46400,40200,184000,64000,120000,18600,
74,6,505160,308560,144645,163915,99760,43645,56115,33600,18900,14700,79800,35700,44100,95400,46400,49000,178000,88000,90000,18600,
74,7,472915,256115,121825,134290,56115,31175,24940,42000,16800,25200,59400,27450,31950,98600,46400,52200,192000,72000,120000,24800,
74,8,477780,267180,154975,112205,49880,31175,18705,31500,14700,16800,61200,48300,12900,124600,60800,63800,192000,72000,120000,18600,
74,9,505955,297355,141880,155475,81055,49880,31175,37800,18900,18900,77700,35700,42000,100800,37400,63400,190000,40000,150000,18600,
74,10,431920,301120,134875,166245,74820,31175,43645,37800,16800,21000,86100,52500,33600,102400,34400,68000,106000,16000,90000,24800,
74,11,508140,284340,130710,153630,87290,37410,49880,16800,8400,8400,90450,35700,54750,89800,49200,40600,199000,64000,135000,24800,
74,12,522700,290100,138490,151610,62350,24940,37410,35700,23100,12600,76050,38250,37800,116000,52200,63800,214000,64000,150000,18600,
74,13,541560,323960,129145,194815,99760,43645,56115,44100,14700,29400,75900,36000,39900,104200,34800,69400,199000,64000,135000,18600,
74,14,501155,320555,124205,196350,81055,18705,62350,42000,16800,25200,84300,42300,42000,113200,46400,66800,162000,72000,90000,18600,
74,15,470255,297655,140640,157015,81055,24940,56115,37800,18900,18900,92400,42000,50400,86400,54800,31600,154000,64000,90000,18600,
74,16,439995,291395,122445,168950,105995,43645,62350,33600,14700,18900,63000,27300,35700,88800,36800,52000,130000,40000,90000,18600,
74,17,516935,313335,133490,179845,68585,24940,43645,35700,14700,21000,82050,35850,46200,127000,58000,69000,185000,80000,105000,18600,
74,18,494320,291720,139640,152080,74820,24940,49880,29400,12600,16800,69300,35700,33600,118200,66400,51800,184000,64000,120000,18600,
74,19,425025,277225,116645,160580,93525,43645,49880,35700,14700,21000,46200,18900,27300,101800,39400,62400,123000,48000,75000,24800,
74,20,504425,295625,135845,159780,93525,43645,49880,37800,14700,23100,77700,31500,46200,86600,46000,40600,184000,64000,120000,24800,
74,21,435490,279890,137145,142745,87290,43645,43645,39900,10500,29400,60900,37800,23100,91800,45200,46600,137000,32000,105000,18600,
74,22,524160,301160,135580,165580,99760,49880,49880,37800,21000,16800,71400,35700,35700,92200,29000,63200,192000,72000,120000,31000,
74,23,568525,306725,134075,172650,93525,31175,62350,33600,18900,14700,87000,49200,37800,92600,34800,57800,237000,72000,165000,24800,
74,24,482445,272845,124360,148485,105995,37410,68585,37800,12600,25200,65250,33750,31500,63800,40600,23200,191000,56000,135000,18600,
74,25,510055,299455,141410,158045,81055,37410,43645,44100,16800,27300,75900,29400,46500,98400,57800,40600,192000,72000,120000,18600,
74,26,425525,306925,121345,185580,106425,43645,62780,31500,6300,25200,71400,29400,42000,97600,42000,55600,100000,40000,60000,18600,
74,27,481310,279710,142750,136960,99760,62350,37410,33600,12600,21000,71550,33600,37950,74800,34200,40600,183000,48000,135000,18600,
74,28,434025,277425,138915,138510,93525,56115,37410,42000,18900,23100,73500,35700,37800,68400,28200,40200,138000,48000,90000,18600,
74,29,496065,257265,99810,157455,118465,37410,81055,21000,14700,6300,66000,30300,35700,51800,17400,34400,214000,64000,150000,24800,
74,30,441350,263550,126240,137310,62350,24940,37410,35700,14700,21000,73500,46200,27300,92000,40400,51600,153000,48000,105000,24800,
75,0,480970,279370,133260,146110,74820,37410,37410,23100,18900,4200,77850,42150,35700,103600,34800,68800,183000,48000,135000,18600,
75,1,466225,271625,127010,144615,93525,37410,56115,33600,12600,21000,52500,33600,18900,92000,43400,48600,176000,56000,120000,18600,
75,2,528485,288885,138185,150700,63235,30235,33000,33300,21600,11700,102150,49950,52200,90200,36400,53800,221000,56000,165000,18600,
75,3,540250,337650,133400,204250,85800,27000,58800,47250,23850,23400,117000,68550,48450,87600,14000,73600,184000,64000,120000,18600,
75,4,461320,281720,131300,150420,63470,21000,42470,56400,30450,25950,85650,49050,36600,76200,30800,45400,161000,56000,105000,18600,
75,5,440785,284185,150150,134035,55535,34300,21235,48600,16050,32550,91050,44400,46650,89000,55400,33600,138000,48000,90000,18600,
75,6,441300,255500,116150,139350,64300,27000,37300,56250,25800,30450,73350,32550,40800,61600,30800,30800,161000,56000,105000,24800,
75,7,470350,275750,135950,139800,49300,28300,21000,58650,36900,21750,88200,34350,53850,79600,36400,43200,176000,56000,120000,18600,
75,8,460640,294040,122825,171215,87290,31175,56115,44100,18900,25200,99450,55350,44100,63200,17400,45800,148000,88000,60000,18600,
75,9,448190,267590,114140,153450,87290,24940,62350,42000,14700,27300,54900,33900,21000,83400,40600,42800,162000,72000,90000,18600,
75,10,591200,353400,150745,202655,124700,43645,81055,35700,10500,25200,88200,42000,46200,104800,54600,50200,213000,48000,165000,24800,
75,11,506810,284010,123625,160385,99760,31175,68585,31500,18900,12600,78150,44550,33600,74600,29000,45600,198000,48000,150000,24800,
75,12,497955,268155,130775,137380,81055,31175,49880,23100,14700,8400,63000,35700,27300,101000,49200,51800,205000,40000,165000,24800,
75,13,493095,267495,129505,137990,43645,18705,24940,27300,16800,10500,97950,53400,44550,98600,40600,58000,207000,72000,135000,18600,
75,14,533545,308945,134360,174585,105995,37410,68585,35700,14700,21000,69450,35850,33600,97800,46400,51400,206000,56000,150000,18600,
75,15,527580,308980,122995,185985,112230,43645,68585,37800,14700,23100,69750,29850,39900,89200,34800,54400,200000,80000,120000,18600,
75,16,569580,328980,148130,180850,112230,49880,62350,39900,14700,25200,76050,48750,27300,100800,34800,66000,222000,72000,150000,18600,
75,17,538195,327395,150945,176450,105995,43645,62350,37800,12600,25200,79800,39900,39900,103800,54800,49000,186000,96000,90000,24800,
75,18,531030,315230,124210,191020,112230,37410,74820,33600,10500,23100,71400,27300,44100,98000,49000,49000,191000,56000,135000,24800,
75,19,489550,271750,143245,128505,62350,43645,18705,23100,10500,12600,50700,23100,27600,135600,66000,69600,193000,88000,105000,24800,
75,20,472570,275970,116690,159280,74820,24940,49880,35700,12600,23100,61050,21150,39900,104400,58000,46400,178000,88000,90000,18600,
75,21,472460,300060,126810,173250,99760,37410,62350,18900,10500,8400,63000,27300,35700,118400,51600,66800,160000,40000,120000,12400,
75,22,467305,264705,125225,139480,81055,31175,49880,33600,23100,10500,63450,36150,27300,86600,34800,51800,184000,64000,120000,18600,
75,23,483840,295240,129425,165815,87290,31175,56115,37800,14700,23100,86550,48750,37800,83600,34800,48800,170000,80000,90000,18600,
75,24,548205,295405,131025,164380,81055,31175,49880,39900,14700,25200,76050,44550,31500,98400,40600,57800,228000,48000,180000,24800,
75,25,547965,319165,146050,173115,118465,62350,56115,31500,10500,21000,79800,42000,37800,89400,31200,58200,204000,24000,180000,24800,
75,26,481955,278355,106910,171445,81055,37410,43645,37800,12600,25200,78300,27900,50400,81200,29000,52200,185000,80000,105000,18600,
75,27,451790,250190,113275,136915,87290,31175,56115,29400,10500,18900,44100,25200,18900,89400,46400,43000,183000,48000,135000,18600,
75,28,491055,303455,112475,190980,81055,31175,49880,48300,21000,27300,80100,25500,54600,94000,34800,59200,169000,64000,105000,18600,
75,29,513995,302395,149480,152915,105995,49880,56115,44100,21000,23100,56700,29400,27300,95600,49200,46400,193000,88000,105000,18600,
75,30,535775,316375,150160,166215,93525,37410,56115,35700,14700,21000,71550,40050,31500,115600,58000,57600,207000,72000,135000,12400,
76,0,540470,307670,108020,199650,72070,15470,56600,45450,17400,28050,72150,32550,39600,118000,42600,75400,208000,88000,120000,24800,
76,1,452150,257550,122750,134800,63000,27000,36000,47700,19500,28200,73650,45450,28200,73200,30800,42400,176000,56000,120000,18600,
76,2,516100,276500,127550,148950,60000,27000,33000,58650,23850,34800,101250,36900,64350,56600,39800,16800,221000,56000,165000,18600,
76,3,444025,283025,95710,187315,93525,37410,56115,23100,6300,16800,67200,29400,37800,99200,22600,76600,130000,40000,90000,31000,
76,4,461720,267120,123950,143170,48470,24000,24470,45450,19500,25950,94800,41250,53550,78400,39200,39200,176000,56000,120000,18600,
76,5,494550,315750,143100,172650,87900,29600,58300,50850,21750,29100,66000,42750,23250,111000,49000,62000,154000,64000,90000,24800,
76,6,460920,272320,110850,161470,66470,24000,42470,49950,23850,26100,65100,34800,30300,90800,28200,62600,170000,80000,90000,18600,
76,7,549350,325550,129900,195650,57000,27000,30000,58950,28200,30750,96600,41100,55500,113000,33600,79400,199000,64000,135000,24800,
76,8,435650,240050,116900,123150,48000,21000,27000,49950,23850,26100,71700,41250,30450,70400,30800,39600,177000,72000,105000,18600,
76,9,564150,284550,120600,163950,60000,15000,45000,47700,19500,28200,110850,54300,56550,66000,31800,34200,261000,96000,165000,18600,
76,10,462385,284585,121200,163385,57235,21000,36235,43350,19500,23850,78600,47100,31500,105400,33600,71800,153000,48000,105000,24800,
76,11,433000,262200,123700,138500,63000,33000,30000,45600,19500,26100,73200,32400,40800,80400,38800,41600,146000,56000,90000,24800,
76,12,510200,292400,150050,142350,39000,21000,18000,58650,23850,34800,93150,54000,39150,101600,51200,50400,193000,88000,105000,24800,
76,13,454635,298835,127435,171400,77435,18235,59200,42900,14700,28200,95100,42900,52200,83400,51600,31800,131000,56000,75000,24800,
76,14,510535,316735,115800,200935,87735,30000,57735,40800,17400,23400,89400,43200,46200,98800,25200,73600,169000,64000,105000,24800,
76,15,504300,294900,140800,154100,67300,30000,37300,56550,21750,34800,82050,49650,32400,89000,39400,49600,197000,32000,165000,12400,
76,16,485100,241300,85800,155500,49300,18000,31300,49950,23850,26100,73650,32550,41100,68400,11400,57000,219000,24000,195000,24800,
76,17,471985,263185,115450,147735,40535,12000,28535,50700,23850,26850,99150,51600,47550,72800,28000,44800,184000,64000,120000,24800,
76,18,463950,268350,122300,146050,60000,18000,42000,49950,21750,28200,97200,51750,45450,61200,30800,30400,177000,72000,105000,18600,
76,19,434050,255250,121650,133600,63000,33000,30000,41850,20250,21600,63000,34800,28200,87400,33600,53800,154000,64000,90000,24800,
76,20,381220,253620,130020,123600,69470,30470,39000,43050,23550,19500,77100,38400,38700,64000,37600,26400,109000,64000,45000,18600,
76,21,465685,295885,114300,181585,75735,24000,51735,42300,21300,21000,93450,40800,52650,84400,28200,56200,145000,40000,105000,24800,
76,22,494300,307500,136800,170700,50600,22300,28300,58650,23850,34800,89250,51450,37800,109000,39200,69800,162000,72000,90000,24800,
76,23,452650,274050,153750,120300,69500,36500,33000,49800,23850,25950,64350,42600,21750,90400,50800,39600,160000,40000,120000,18600,
76,24,413285,271685,107550,164135,42235,18000,24235,43500,19500,24000,76350,36450,39900,109600,33600,76000,123000,48000,75000,18600,
76,25,429235,272635,124500,148135,63235,21000,42235,57300,19500,37800,84900,49200,35700,67200,34800,32400,138000,48000,90000,18600,
76,26,438485,290685,106900,183785,71435,21000,50435,42600,19500,23100,74250,30000,44250,102400,36400,66000,123000,48000,75000,24800,
76,27,521020,274220,113900,160320,63470,24000,39470,58650,23850,34800,101700,52050,49650,50400,14000,36400,222000,72000,150000,24800,
76,28,506050,274250,128450,145800,78000,24000,54000,36900,26100,10800,90750,55950,34800,68600,22400,46200,207000,72000,135000,24800,
76,29,522400,341800,140350,201450,61300,27000,34300,38250,12900,25350,106650,58050,48600,135600,42400,93200,162000,72000,90000,18600,
76,30,499450,294450,124800,169650,64300,21000,43300,39450,13800,25650,92100,53400,38700,98600,36600,62000,174000,24000,150000,31000,
77,0,453455,289855,111000,178855,69305,15000,54305,30300,13050,17250,110250,49350,60900,80000,33600,46400,145000,40000,105000,18600,
77,1,417385,221785,106985,114800,45235,18235,27000,49800,23850,25950,67350,36900,30450,59400,28000,31400,177000,72000,105000,18600,
77,2,519650,302850,127600,175250,60000,24000,36000,46500,8700,37800,115950,58500,57450,80400,36400,44000,192000,72000,120000,24800,
77,3,401950,258550,102650,155900,64300,24000,40300,45600,19500,26100,72450,36750,35700,76200,22400,53800,131000,56000,75000,12400,
77,4,405650,270050,136500,133550,69900,35600,34300,37800,24750,13050,77550,38550,39000,84800,37600,47200,117000,72000,45000,18600,
77,5,520355,326555,129705,196850,81055,18705,62350,42000,16800,25200,77700,42000,35700,125800,52200,73600,169000,64000,105000,24800,
77,6,473380,290980,132695,158285,112230,43645,68585,42000,18900,23100,42150,29550,12600,94600,40600,54000,170000,80000,90000,12400,
77,7,554505,307705,126325,181380,81055,31175,49880,37800,16800,21000,76050,31950,44100,112800,46400,66400,222000,72000,150000,24800,
77,8,451525,271925,133110,138815,93525,37410,56115,31500,21000,10500,52500,39900,12600,94400,34800,59600,161000,56000,105000,18600,
77,9,413460,263860,124575,139285,99760,31175,68585,25200,14700,10500,90300,44100,46200,48600,34600,14000,131000,56000,75000,18600,
77,10,486960,301160,128975,172185,99760,31175,68585,27300,10500,16800,77700,44100,33600,96400,43200,53200,161000,56000,105000,24800,
77,11,457860,284460,124910,159550,99760,37410,62350,27300,16800,10500,63000,18900,44100,94400,51800,42600,161000,56000,105000,12400,
77,12,547740,293940,146245,147695,87290,43645,43645,33600,12600,21000,89250,29400,59850,83800,60600,23200,229000,64000,165000,24800,
77,13,516130,290530,108575,181955,112230,31175,81055,35700,14700,21000,68400,45300,23100,74200,17400,56800,207000,72000,135000,18600,
77,14,498920,296120,127475,168645,74820,31175,43645,37800,16800,21000,73500,27300,46200,110000,52200,57800,178000,88000,90000,24800,
77,15,444860,268060,92345,175715,99760,43645,56115,31500,8400,23100,58800,23100,35700,78000,17200,60800,152000,32000,120000,24800,
77,16,482450,258650,136740,121910,62350,24940,37410,42000,23100,18900,61500,42300,19200,92800,46400,46400,199000,64000,135000,24800,
77,17,459530,295730,144780,150950,112230,49880,62350,37800,14700,23100,77700,37800,39900,68000,42400,25600,139000,64000,75000,24800,
77,18,411855,263055,115275,147780,81055,31175,49880,31500,14700,16800,65100,29400,35700,85400,40000,45400,124000,64000,60000,24800,
77,19,540430,323830,140680,183150,112230,49880,62350,37800,14700,23100,50400,27300,23100,123400,48800,74600,198000,48000,150000,18600,
77,20,504425,303625,129610,174015,93525,37410,56115,39900,12600,27300,84000,33600,50400,86200,46000,40200,176000,56000,120000,24800,
77,21,525595,294795,130010,164785,105995,37410,68585,31500,16800,14700,56700,29400,27300,100600,46400,54200,206000,56000,150000,24800,
77,22,576905,316105,138275,177830,81055,31175,49880,35700,16800,18900,94950,38100,56850,104400,52200,52200,236000,56000,180000,24800,
77,23,468625,280225,136745,143480,93525,43645,49880,35700,16800,18900,67200,35700,31500,83800,40600,43200,176000,56000,120000,12400,
77,24,501095,293295,145710,147585,105995,37410,68585,39900,18900,21000,67200,46200,21000,80200,43200,37000,183000,48000,135000,24800,
77,25,534090,318290,142940,175350,87290,24940,62350,42000,21000,21000,88200,42000,46200,100800,55000,45800,191000,56000,135000,24800,
77,26,544530,347130,134510,212620,112230,37410,74820,42000,14700,27300,71700,36000,35700,121200,46400,74800,185000,80000,105000,12400,
77,27,515320,327720,167610,160110,74820,37410,37410,44100,16800,27300,105000,58800,46200,103800,54600,49200,169000,64000,105000,18600,
77,28,515400,290600,140010,150590,62350,37410,24940,35700,16800,18900,82350,33600,48750,110200,52200,58000,200000,80000,120000,24800,
77,29,449190,285390,126675,158715,87290,31175,56115,42000,14700,27300,69300,37800,31500,86800,43000,43800,139000,64000,75000,24800,
77,30,524630,308830,133045,175785,112230,43645,68585,35700,14700,21000,69300,31500,37800,91600,43200,48400,191000,56000,135000,24800,
78,0,441635,247835,108135,139700,54235,18235,36000,49650,23700,25950,81750,40800,40950,62200,25400,36800,169000,64000,105000,24800,
78,1,494400,285600,113920,171680,62350,12470,49880,46200,16800,29400,76050,38250,37800,101000,46400,54600,184000,64000,120000,24800,
78,2,505860,296260,135080,161180,99760,49880,49880,42000,14700,27300,65100,27300,37800,89400,43200,46200,191000,56000,135000,18600,
78,3,424835,263035,125400,137635,67535,25300,42235,52950,24750,28200,70950,44550,26400,71600,30800,40800,137000,32000,105000,24800,
78,4,482925,281325,114575,166750,93525,31175,62350,27300,10500,16800,80100,38100,42000,80400,34800,45600,183000,48000,135000,18600,
78,5,520355,326555,129705,196850,81055,18705,62350,42000,16800,25200,77700,42000,35700,125800,52200,73600,169000,64000,105000,24800,
78,6,514270,273670,129810,143860,74820,37410,37410,39900,16800,23100,66150,23400,42750,92800,52200,40600,222000,72000,150000,18600,
78,7,499655,289055,139045,150010,81055,43645,37410,37800,14700,23100,54600,23100,31500,115600,57600,58000,192000,72000,120000,18600,
78,8,623110,335510,149895,185615,99760,43645,56115,42000,16800,25200,66150,43050,23100,127600,46400,81200,269000,104000,165000,18600,
78,9,496690,264890,107560,157330,87290,37410,49880,31500,12600,18900,76500,34350,42150,69600,23200,46400,207000,72000,135000,24800,
78,10,476805,288405,130225,158180,81055,31175,49880,35700,16800,18900,73650,35850,37800,98000,46400,51600,176000,56000,120000,12400,
78,11,449050,272250,132245,140005,62350,43645,18705,37800,14700,23100,69300,31500,37800,102800,42400,60400,152000,32000,120000,24800,
78,12,447920,301120,118640,182480,74820,24940,49880,37800,16800,21000,86100,39900,46200,102400,37000,65400,122000,32000,90000,24800,
78,13,474630,274630,114880,159750,112230,49880,62350,23100,6300,16800,65100,27300,37800,74200,31400,42800,169000,64000,105000,31000,
78,14,532555,299155,135960,163195,81055,37410,43645,39900,18900,21000,91200,44850,46350,87000,34800,52200,221000,56000,165000,12400,
78,15,406525,280725,129045,151680,93525,43645,49880,39900,16800,23100,73500,37800,35700,73800,30800,43000,101000,56000,45000,24800,
78,16,501505,276905,107125,169780,81055,31175,49880,29400,4200,25200,82650,42750,39900,83800,29000,54800,206000,56000,150000,18600,
78,17,465570,286970,123325,163645,74820,31175,43645,42000,18900,23100,100950,44250,56700,69200,29000,40200,160000,40000,120000,18600,
78,18,448255,263455,141980,121475,81055,49880,31175,39900,16800,23100,48300,27300,21000,94200,48000,46200,160000,40000,120000,24800,
78,19,466100,263500,126460,137040,62350,37410,24940,27300,12600,14700,69450,35850,33600,104400,40600,63800,184000,64000,120000,18600,
78,20,504895,309295,149345,159950,105995,43645,62350,29400,21000,8400,81900,35700,46200,92000,49000,43000,177000,72000,105000,18600,
78,21,382020,226220,115275,110945,74820,31175,43645,33600,10500,23100,46200,33600,12600,71600,40000,31600,131000,56000,75000,24800,
78,22,519170,279570,103725,175845,74820,31175,43645,42000,18900,23100,61950,30450,31500,100800,23200,77600,221000,56000,165000,18600,
78,23,440185,269385,105070,164315,68585,12470,56115,35700,10500,25200,69300,27300,42000,95800,54800,41000,146000,56000,90000,24800,
78,24,393860,245260,110980,134280,99760,49880,49880,31500,16800,14700,54600,18900,35700,59400,25400,34000,130000,40000,90000,18600,
78,25,468260,283460,124575,158885,99760,31175,68585,35700,14700,21000,67200,35700,31500,80800,43000,37800,160000,40000,120000,24800,
78,26,520355,303555,126340,177215,81055,24940,56115,39900,12600,27300,58800,25200,33600,123800,63600,60200,192000,72000,120000,24800,
78,27,488660,300260,150310,149950,99760,37410,62350,33600,12600,21000,69300,39900,29400,97600,60400,37200,176000,56000,120000,12400,
78,28,510450,278650,137110,141540,62350,37410,24940,37800,21000,16800,74100,38100,36000,104400,40600,63800,207000,72000,135000,24800,
78,29,505335,289535,141710,147825,68585,37410,31175,35700,14700,21000,101250,46200,55050,84000,43400,40600,191000,56000,135000,24800,
78,30,554675,292875,145160,147715,93525,37410,56115,31500,16800,14700,63450,44550,18900,104400,46400,58000,237000,72000,165000,24800,
79,0,415000,282200,127550,154650,60500,24000,36500,50100,25950,24150,69600,44400,25200,102000,33200,68800,108000,48000,60000,24800,
79,1,515190,306390,134250,172140,72940,27000,45940,47250,16950,30300,96600,54300,42300,89600,36000,53600,184000,64000,120000,24800,
79,2,470500,291700,110850,180850,62600,21000,41600,42900,21750,21150,84600,42900,41700,101600,25200,76400,154000,64000,90000,24800,
79,3,453000,281400,122650,158750,55300,30000,25300,49800,23850,25950,95700,49200,46500,80600,19600,61000,153000,48000,105000,18600,
79,4,400650,238850,109750,129100,58300,21000,37300,52350,16950,35400,62400,40800,21600,65800,31000,34800,137000,32000,105000,24800,
79,5,448785,276185,120500,155685,45235,27000,18235,47700,23850,23850,90450,30450,60000,92800,39200,53600,154000,64000,90000,18600,
79,6,414250,235650,117050,118600,39000,30000,9000,60750,23850,36900,85500,40800,44700,50400,22400,28000,160000,40000,120000,18600,
79,7,449250,276650,124600,152050,59600,15000,44600,57300,23850,33450,90150,49350,40800,69600,36400,33200,154000,64000,90000,18600,
79,8,452885,286285,118150,168135,60235,21000,39235,60750,26100,34650,107100,59850,47250,58200,11200,47000,148000,88000,60000,18600,
79,9,438000,257400,106800,150600,62600,18000,44600,58650,19500,39150,69150,41100,28050,67000,28200,38800,162000,72000,90000,18600,
79,10,579870,342070,142285,199785,92670,30235,62435,48300,16050,32250,101100,54000,47100,100000,42000,58000,213000,48000,165000,24800,
79,11,502570,279770,123250,156520,76770,24000,52770,46350,28200,18150,94650,51450,43200,62000,19600,42400,198000,48000,150000,24800,
79,12,481900,252100,123550,128550,51000,18000,33000,32550,21750,10800,86550,47400,39150,82000,36400,45600,205000,40000,165000,24800,
79,13,476700,251100,120100,131000,27000,12000,15000,36900,21750,15150,117000,58350,58650,70200,28000,42200,207000,72000,135000,18600,
79,14,516435,291835,124250,167585,72235,24000,48235,47550,21600,25950,90450,47850,42600,81600,30800,50800,206000,56000,150000,18600,
79,15,514550,295950,114450,181500,81900,30000,51900,52050,21750,30300,81600,36900,44700,80400,25800,54600,200000,80000,120000,18600,
79,16,552300,311700,137750,173950,78900,33000,45900,56550,21750,34800,92850,60600,32250,83400,22400,61000,222000,72000,150000,18600,
79,17,525285,314485,144150,170335,73535,31300,42235,55200,17400,37800,105750,56250,49500,80000,39200,40800,186000,96000,90000,24800,
79,18,522505,306705,117700,189005,83005,24000,59005,43050,15150,27900,83250,39150,44100,97400,39400,58000,191000,56000,135000,24800,
79,19,476105,258305,134500,123805,45705,27000,18705,34650,15150,19500,67350,32550,34800,110600,59800,50800,193000,88000,105000,24800,
79,20,464800,268200,114300,153900,51000,18000,33000,52050,19500,32550,81750,28200,53550,83400,48600,34800,178000,88000,90000,18600,
79,21,460155,287755,118250,169505,69705,24000,45705,25950,12900,13050,77100,39150,37950,115000,42200,72800,160000,40000,120000,12400,
79,22,452200,249600,113900,135700,54000,18000,36000,47700,32550,15150,80100,40950,39150,67800,22400,45400,184000,64000,120000,18600,
79,23,470500,281900,121850,160050,63900,21000,42900,49800,19500,30300,103200,55950,47250,65000,25400,39600,170000,80000,90000,18600,
79,24,533900,281100,124750,156350,54000,21000,33000,57300,19500,37800,99600,56250,43350,70200,28000,42200,228000,48000,180000,24800,
79,25,538290,309490,141335,168155,84940,42235,42705,46350,16050,30300,91800,53850,37950,86400,29200,57200,204000,24000,180000,24800,
79,26,473850,270250,102050,168200,55300,24000,31300,51900,17250,34650,97050,34800,62250,66000,26000,40000,185000,80000,105000,18600,
79,27,438550,236950,104750,132200,57000,18000,39000,43350,15150,28200,63000,34800,28200,73600,36800,36800,183000,48000,135000,18600,
79,28,485400,297800,106250,191550,62200,21000,41200,62400,30450,31950,87000,32400,54600,86200,22400,63800,169000,64000,105000,18600,
79,29,496300,284700,139800,144900,70300,33000,37300,60750,28200,32550,80250,39000,41250,73400,39600,33800,193000,88000,105000,18600,
79,30,523400,304000,142250,161750,64300,27000,37300,49950,19500,30450,102150,56550,45600,87600,39200,48400,207000,72000,135000,12400,
80,0,528620,326020,143200,182820,75470,27000,48470,49950,26100,23850,106200,62100,44100,94400,28000,66400,184000,64000,120000,18600,
80,1,554050,290450,130350,160100,36000,12000,24000,41250,26100,15150,126000,58650,67350,87200,33600,53600,245000,80000,165000,18600,
80,2,518850,293250,150200,143050,64300,28300,36000,58650,26100,32550,75900,49800,26100,94400,46000,48400,207000,72000,135000,18600,
80,3,401950,258550,102650,155900,64300,24000,40300,45600,19500,26100,72450,36750,35700,76200,22400,53800,131000,56000,75000,12400,
80,4,405650,270050,136500,133550,69900,35600,34300,37800,24750,13050,77550,38550,39000,84800,37600,47200,117000,72000,45000,18600,
80,5,440785,284185,150150,134035,55535,34300,21235,48600,16050,32550,91050,44400,46650,89000,55400,33600,138000,48000,90000,18600,
80,6,394095,222495,95590,126905,43645,24940,18705,33600,10500,23100,52650,25350,27300,92600,34800,57800,153000,48000,105000,18600,
80,7,499655,289055,139045,150010,81055,43645,37410,37800,14700,23100,54600,23100,31500,115600,57600,58000,192000,72000,120000,18600,
80,8,623110,335510,149895,185615,99760,43645,56115,42000,16800,25200,66150,43050,23100,127600,46400,81200,269000,104000,165000,18600,
80,9,496690,264890,107560,157330,87290,37410,49880,31500,12600,18900,76500,34350,42150,69600,23200,46400,207000,72000,135000,24800,
80,10,476805,288405,130225,158180,81055,31175,49880,35700,16800,18900,73650,35850,37800,98000,46400,51600,176000,56000,120000,12400,
80,11,449050,272250,132245,140005,62350,43645,18705,37800,14700,23100,69300,31500,37800,102800,42400,60400,152000,32000,120000,24800,
80,12,447920,301120,118640,182480,74820,24940,49880,37800,16800,21000,86100,39900,46200,102400,37000,65400,122000,32000,90000,24800,
80,13,474630,274630,114880,159750,112230,49880,62350,23100,6300,16800,65100,27300,37800,74200,31400,42800,169000,64000,105000,31000,
80,14,532555,299155,135960,163195,81055,37410,43645,39900,18900,21000,91200,44850,46350,87000,34800,52200,221000,56000,165000,12400,
80,15,406525,280725,129045,151680,93525,43645,49880,39900,16800,23100,73500,37800,35700,73800,30800,43000,101000,56000,45000,24800,
80,16,393860,245260,110980,134280,99760,49880,49880,31500,16800,14700,54600,18900,35700,59400,25400,34000,130000,40000,90000,18600,
80,17,465570,286970,123325,163645,74820,31175,43645,42000,18900,23100,100950,44250,56700,69200,29000,40200,160000,40000,120000,18600,
80,18,448255,263455,141980,121475,81055,49880,31175,39900,16800,23100,48300,27300,21000,94200,48000,46200,160000,40000,120000,24800,
80,19,466100,263500,126460,137040,62350,37410,24940,27300,12600,14700,69450,35850,33600,104400,40600,63800,184000,64000,120000,18600,
80,20,504895,309295,149345,159950,105995,43645,62350,29400,21000,8400,81900,35700,46200,92000,49000,43000,177000,72000,105000,18600,
80,21,382020,226220,115275,110945,74820,31175,43645,33600,10500,23100,46200,33600,12600,71600,40000,31600,131000,56000,75000,24800,
80,22,519170,279570,103725,175845,74820,31175,43645,42000,18900,23100,61950,30450,31500,100800,23200,77600,221000,56000,165000,18600,
80,23,440185,269385,105070,164315,68585,12470,56115,35700,10500,25200,69300,27300,42000,95800,54800,41000,146000,56000,90000,24800,
80,24,501505,276905,107125,169780,81055,31175,49880,29400,4200,25200,82650,42750,39900,83800,29000,54800,206000,56000,150000,18600,
80,25,468260,283460,124575,158885,99760,31175,68585,35700,14700,21000,67200,35700,31500,80800,43000,37800,160000,40000,120000,24800,
80,26,520355,303555,126340,177215,81055,24940,56115,39900,12600,27300,58800,25200,33600,123800,63600,60200,192000,72000,120000,24800,
80,27,488660,300260,150310,149950,99760,37410,62350,33600,12600,21000,69300,39900,29400,97600,60400,37200,176000,56000,120000,12400,
80,28,510450,278650,137110,141540,62350,37410,24940,37800,21000,16800,74100,38100,36000,104400,40600,63800,207000,72000,135000,24800,
80,29,505335,289535,141710,147825,68585,37410,31175,35700,14700,21000,101250,46200,55050,84000,43400,40600,191000,56000,135000,24800,
80,30,554675,292875,145160,147715,93525,37410,56115,31500,16800,14700,63450,44550,18900,104400,46400,58000,237000,72000,165000,24800,
81,0,443150,242350,112950,129400,48000,18000,30000,49800,21600,28200,79950,45150,34800,64600,28200,36400,176000,56000,120000,24800,
81,1,450550,255950,127250,128700,51000,21000,30000,71700,28200,43500,77250,47250,30000,56000,30800,25200,176000,56000,120000,18600,
81,2,465750,288950,105550,183400,86200,30000,56200,43350,23850,19500,72000,32100,39900,87400,19600,67800,152000,32000,120000,24800,
81,3,512070,277470,102870,174600,70370,27470,42900,60900,30450,30450,78000,21750,56250,68200,23200,45000,216000,96000,120000,18600,
81,4,461720,267120,123950,143170,48470,24000,24470,45450,19500,25950,94800,41250,53550,78400,39200,39200,176000,56000,120000,18600,
81,5,494550,315750,143100,172650,87900,29600,58300,50850,21750,29100,66000,42750,23250,111000,49000,62000,154000,64000,90000,24800,
81,6,460920,272320,110850,161470,66470,24000,42470,49950,23850,26100,65100,34800,30300,90800,28200,62600,170000,80000,90000,18600,
81,7,549350,325550,129900,195650,57000,27000,30000,58950,28200,30750,96600,41100,55500,113000,33600,79400,199000,64000,135000,24800,
81,8,435650,240050,116900,123150,48000,21000,27000,49950,23850,26100,71700,41250,30450,70400,30800,39600,177000,72000,105000,18600,
81,9,564150,284550,120600,163950,60000,15000,45000,47700,19500,28200,110850,54300,56550,66000,31800,34200,261000,96000,165000,18600,
81,10,462385,284585,121200,163385,57235,21000,36235,43350,19500,23850,78600,47100,31500,105400,33600,71800,153000,48000,105000,24800,
81,11,433000,262200,123700,138500,63000,33000,30000,45600,19500,26100,73200,32400,40800,80400,38800,41600,146000,56000,90000,24800,
81,12,510200,292400,150050,142350,39000,21000,18000,58650,23850,34800,93150,54000,39150,101600,51200,50400,193000,88000,105000,24800,
81,13,454635,298835,127435,171400,77435,18235,59200,42900,14700,28200,95100,42900,52200,83400,51600,31800,131000,56000,75000,24800,
81,14,510535,316735,115800,200935,87735,30000,57735,40800,17400,23400,89400,43200,46200,98800,25200,73600,169000,64000,105000,24800,
81,15,504300,294900,140800,154100,67300,30000,37300,56550,21750,34800,82050,49650,32400,89000,39400,49600,197000,32000,165000,12400,
81,16,485100,241300,85800,155500,49300,18000,31300,49950,23850,26100,73650,32550,41100,68400,11400,57000,219000,24000,195000,24800,
81,17,471985,263185,115450,147735,40535,12000,28535,50700,23850,26850,99150,51600,47550,72800,28000,44800,184000,64000,120000,24800,
81,18,463950,268350,122300,146050,60000,18000,42000,49950,21750,28200,97200,51750,45450,61200,30800,30400,177000,72000,105000,18600,
81,19,434050,255250,121650,133600,63000,33000,30000,41850,20250,21600,63000,34800,28200,87400,33600,53800,154000,64000,90000,24800,
81,20,381220,253620,130020,123600,69470,30470,39000,43050,23550,19500,77100,38400,38700,64000,37600,26400,109000,64000,45000,18600,
81,21,465685,295885,114300,181585,75735,24000,51735,42300,21300,21000,93450,40800,52650,84400,28200,56200,145000,40000,105000,24800,
81,22,494300,307500,136800,170700,50600,22300,28300,58650,23850,34800,89250,51450,37800,109000,39200,69800,162000,72000,90000,24800,
81,23,452650,274050,153750,120300,69500,36500,33000,49800,23850,25950,64350,42600,21750,90400,50800,39600,160000,40000,120000,18600,
81,24,413285,271685,107550,164135,42235,18000,24235,43500,19500,24000,76350,36450,39900,109600,33600,76000,123000,48000,75000,18600,
81,25,429235,272635,124500,148135,63235,21000,42235,57300,19500,37800,84900,49200,35700,67200,34800,32400,138000,48000,90000,18600,
81,26,438485,290685,106900,183785,71435,21000,50435,42600,19500,23100,74250,30000,44250,102400,36400,66000,123000,48000,75000,24800,
81,27,521020,274220,113900,160320,63470,24000,39470,58650,23850,34800,101700,52050,49650,50400,14000,36400,222000,72000,150000,24800,
81,28,506050,274250,128450,145800,78000,24000,54000,36900,26100,10800,90750,55950,34800,68600,22400,46200,207000,72000,135000,24800,
81,29,522400,341800,140350,201450,61300,27000,34300,38250,12900,25350,106650,58050,48600,135600,42400,93200,162000,72000,90000,18600,
81,30,499450,294450,124800,169650,64300,21000,43300,39450,13800,25650,92100,53400,38700,98600,36600,62000,174000,24000,150000,31000,
82,0,528620,326020,143200,182820,75470,27000,48470,49950,26100,23850,106200,62100,44100,94400,28000,66400,184000,64000,120000,18600,
82,1,554050,290450,130350,160100,36000,12000,24000,41250,26100,15150,126000,58650,67350,87200,33600,53600,245000,80000,165000,18600,
82,2,518850,293250,150200,143050,64300,28300,36000,58650,26100,32550,75900,49800,26100,94400,46000,48400,207000,72000,135000,18600,
82,3,440700,239100,95300,143800,60000,24000,36000,60900,21750,39150,81600,32550,49050,36600,17000,19600,183000,48000,135000,18600,
82,4,405650,270050,136500,133550,69900,35600,34300,37800,24750,13050,77550,38550,39000,84800,37600,47200,117000,72000,45000,18600,
82,5,407000,220400,120400,100000,57000,36000,21000,36900,13050,23850,84300,51750,32550,42200,19600,22600,168000,48000,120000,18600,
82,6,446150,238350,113100,125250,51000,21000,30000,39150,8700,30450,78000,49800,28200,70200,33600,36600,183000,48000,135000,24800,
82,7,484500,274900,127900,147000,49300,18000,31300,36900,19500,17400,126900,70800,56100,61800,19600,42200,191000,56000,135000,18600,
82,8,447935,261335,123700,137635,27235,12000,15235,49950,26100,23850,85950,40800,45150,98200,44800,53400,168000,48000,120000,18600,
82,9,451600,257800,114200,143600,64300,27000,37300,32550,15150,17400,78150,41250,36900,82800,30800,52000,169000,64000,105000,24800,
82,10,509400,290800,112150,178650,67300,27000,40300,50850,21750,29100,90450,34800,55650,82200,28600,53600,200000,80000,120000,18600,
82,11,478550,270750,124200,146550,75000,30000,45000,36900,23850,13050,92850,45150,47700,66000,25200,40800,183000,48000,135000,24800,
82,12,366220,234420,82800,151620,60470,21000,39470,30000,19500,10500,57150,25500,31650,86800,16800,70000,107000,32000,75000,24800,
82,13,498600,304800,112800,192000,75000,27000,48000,39150,21750,17400,72450,38850,33600,118200,25200,93000,169000,64000,105000,24800,
82,14,546900,330100,126500,203600,61300,18000,43300,47100,30450,16650,99900,47250,52650,121800,30800,91000,192000,72000,120000,24800,
82,15,427570,256970,84400,172570,54470,15000,39470,34200,17400,16800,93300,40800,52500,75000,11200,63800,152000,32000,120000,18600,
82,16,389100,255500,105750,149750,90500,24000,66500,53850,21600,32250,52950,31950,21000,58200,28200,30000,115000,40000,75000,18600,
82,17,480800,271000,140900,130100,82300,37300,45000,45600,17400,28200,95100,58200,36900,48000,28000,20000,185000,80000,105000,24800,
82,18,416050,267450,102650,164800,68200,21000,47200,38550,15150,23400,63900,34500,29400,96800,32000,64800,130000,40000,90000,18600,
82,19,421950,275150,109100,166050,68600,24000,44600,45000,15150,29850,72750,36150,36600,88800,33800,55000,122000,32000,90000,24800,
82,20,461000,251200,125300,125900,36000,21000,15000,60750,23850,36900,76050,41250,34800,78400,39200,39200,185000,80000,105000,24800,
82,21,535335,318535,138200,180335,78735,36000,42735,60750,23850,36900,94050,55950,38100,85000,22400,62600,192000,72000,120000,24800,
82,22,515000,312400,144200,168200,69000,30000,39000,50700,21600,29100,98700,55800,42900,94000,36800,57200,184000,64000,120000,18600,
82,23,432585,283785,114535,169250,45235,27235,18000,49950,19500,30450,63600,25800,37800,125000,42000,83000,124000,64000,60000,24800,
82,24,511750,324150,131350,192800,56200,30000,26200,38400,17400,21000,97950,47550,50400,131600,36400,95200,169000,64000,105000,18600,
82,25,500600,269600,124400,145200,63000,18000,45000,36900,21750,15150,75900,45450,30450,93800,39200,54600,200000,80000,120000,31000,
82,26,417600,254800,113750,141050,48000,27000,21000,34650,17400,17250,83550,38550,45000,88600,30800,57800,138000,48000,90000,24800,
82,27,501550,293750,142550,151200,45000,12000,33000,35550,20400,15150,118800,62550,56250,94400,47600,46800,183000,48000,135000,24800,
82,28,475120,290320,134085,156235,60470,27235,33235,49950,23850,26100,93300,51000,42300,86600,32000,54600,160000,40000,120000,24800,
82,29,468750,281150,146550,134600,50600,29600,21000,46350,33300,13050,79800,47250,32550,104400,36400,68000,169000,64000,105000,18600,
82,30,484000,258400,119600,138800,42000,15000,27000,52200,26100,26100,91200,47700,43500,73000,30800,42200,207000,72000,135000,18600,
83,0,480970,279370,133260,146110,74820,37410,37410,23100,18900,4200,77850,42150,35700,103600,34800,68800,183000,48000,135000,18600,
83,1,450550,255950,127250,128700,51000,21000,30000,71700,28200,43500,77250,47250,30000,56000,30800,25200,176000,56000,120000,18600,
83,2,490985,281385,125450,155935,69235,33000,36235,57300,19500,37800,86250,39150,47100,68600,33800,34800,191000,56000,135000,18600,
83,3,424835,263035,125400,137635,67535,25300,42235,52950,24750,28200,70950,44550,26400,71600,30800,40800,137000,32000,105000,24800,
83,4,476750,275150,111150,164000,63000,21000,42000,36750,15150,21600,101400,49800,51600,74000,25200,48800,183000,48000,135000,18600,
83,5,510900,317100,126700,190400,60900,15000,45900,51450,23850,27600,87150,51450,35700,117600,36400,81200,169000,64000,105000,24800,
83,6,504300,263700,127100,136600,51000,27000,24000,56400,23850,32550,82500,30450,52050,73800,45800,28000,222000,72000,150000,18600,
83,7,478085,284285,123300,160985,60235,27000,33235,47700,21600,26100,91950,49500,42450,84400,25200,59200,169000,64000,105000,24800,
83,8,461450,251850,123700,128150,48000,18000,30000,60750,28200,32550,75900,41100,34800,67200,36400,30800,191000,56000,135000,18600,
83,9,454000,245200,128550,116650,54000,30000,24000,43500,21750,21750,80100,43200,36900,67600,33600,34000,184000,64000,120000,24800,
83,10,445650,260850,104800,156050,66900,27000,39900,45600,21750,23850,74550,36450,38100,73800,19600,54200,160000,40000,120000,24800,
83,11,529555,304755,104100,200655,78705,24000,54705,49800,23850,25950,80850,30450,50400,95400,25800,69600,200000,80000,120000,24800,
83,12,412500,240900,123000,117900,51000,21000,30000,46200,15750,30450,65100,41250,23850,78600,45000,33600,153000,48000,105000,18600,
83,13,460350,283550,117850,165700,70300,36000,34300,47250,15150,32100,70200,47100,23100,95800,19600,76200,152000,32000,120000,24800,
83,14,493300,262500,133000,129500,57000,21000,36000,34650,19500,15150,122850,72900,49950,48000,19600,28400,206000,56000,150000,24800,
83,15,435250,257450,106300,151150,43300,18000,25300,49650,21450,28200,96300,47250,49050,68200,19600,48600,153000,48000,105000,24800,
83,16,535685,311085,126050,185035,75235,30000,45235,52050,26100,25950,89400,39150,50250,94400,30800,63600,206000,56000,150000,18600,
83,17,449650,232050,98750,133300,30000,9000,21000,58650,23850,34800,93000,51900,41100,50400,14000,36400,199000,64000,135000,18600,
83,18,398450,266650,106200,160450,63500,28300,35200,55350,21600,33750,69600,25500,44100,78200,30800,47400,107000,32000,75000,24800,
83,19,487255,299655,125350,174305,66705,24000,42705,49800,23850,25950,97950,41100,56850,85200,36400,48800,169000,64000,105000,18600,
83,20,413400,243600,93550,150050,47600,18000,29600,52200,21750,30450,81000,25800,55200,62800,28000,34800,145000,40000,105000,24800,
83,21,527535,303735,133385,170350,70135,36235,33900,47400,21300,26100,108000,47850,60150,78200,28000,50200,199000,64000,135000,24800,
83,22,497150,295350,121150,174200,68200,24000,44200,57300,26100,31200,96450,43050,53400,73400,28000,45400,177000,72000,105000,24800,
83,23,494050,285450,121850,163600,58300,24000,34300,54300,15150,39150,96450,51900,44550,76400,30800,45600,190000,40000,150000,18600,
83,24,520500,333700,149200,184500,64300,18000,46300,43950,23850,20100,99450,57750,41700,126000,49600,76400,162000,72000,90000,24800,
83,25,485200,291400,96900,194500,71200,9000,62200,48300,28200,20100,78900,34500,44400,93000,25200,67800,169000,64000,105000,24800,
83,26,398900,235100,110000,125100,54000,21000,33000,43500,13050,30450,81600,45150,36450,56000,30800,25200,139000,64000,75000,24800,
83,27,555970,309170,112700,196470,85770,24000,61770,35100,8700,26400,68700,45600,23100,119600,34400,85200,222000,72000,150000,24800,
83,28,454900,277100,123750,153350,63000,30000,33000,18000,6300,11700,102900,49650,53250,93200,37800,55400,153000,48000,105000,24800,
83,29,459250,266450,112850,153600,59600,30000,29600,61650,23850,37800,75000,28200,46800,70200,30800,39400,168000,48000,120000,24800,
83,30,486800,271000,133750,137250,60000,24000,36000,45600,23850,21750,77400,57900,19500,88000,28000,60000,191000,56000,135000,24800,
84,0,415000,282200,127550,154650,60500,24000,36500,50100,25950,24150,69600,44400,25200,102000,33200,68800,108000,48000,60000,24800,
84,1,438400,245600,99050,146550,40300,12000,28300,43500,21750,21750,79800,34500,45300,82000,30800,51200,168000,48000,120000,24800,
84,2,584050,306450,121000,185450,56200,15000,41200,56550,17400,39150,101700,45600,56100,92000,43000,49000,259000,64000,195000,18600,
84,3,448400,247600,117500,130100,63000,24000,39000,32550,17400,15150,84450,45300,39150,67600,30800,36800,176000,56000,120000,24800,
84,4,443900,248300,108350,139950,36000,18000,18000,47700,15150,32550,105600,58200,47400,59000,17000,42000,177000,72000,105000,18600,
84,5,478535,292735,119050,173685,55535,27000,28535,47250,17400,29850,63750,23850,39900,126200,50800,75400,161000,56000,105000,24800,
84,6,414250,235650,117050,118600,39000,30000,9000,60750,23850,36900,85500,40800,44700,50400,22400,28000,160000,40000,120000,18600,
84,7,449250,276650,124600,152050,59600,15000,44600,57300,23850,33450,90150,49350,40800,69600,36400,33200,154000,64000,90000,18600,
84,8,452885,286285,118150,168135,60235,21000,39235,60750,26100,34650,107100,59850,47250,58200,11200,47000,148000,88000,60000,18600,
84,9,438000,257400,106800,150600,62600,18000,44600,58650,19500,39150,69150,41100,28050,67000,28200,38800,162000,72000,90000,18600,
84,10,579870,342070,142285,199785,92670,30235,62435,48300,16050,32250,101100,54000,47100,100000,42000,58000,213000,48000,165000,24800,
84,11,502570,279770,123250,156520,76770,24000,52770,46350,28200,18150,94650,51450,43200,62000,19600,42400,198000,48000,150000,24800,
84,12,481900,252100,123550,128550,51000,18000,33000,32550,21750,10800,86550,47400,39150,82000,36400,45600,205000,40000,165000,24800,
84,13,476700,251100,120100,131000,27000,12000,15000,36900,21750,15150,117000,58350,58650,70200,28000,42200,207000,72000,135000,18600,
84,14,516435,291835,124250,167585,72235,24000,48235,47550,21600,25950,90450,47850,42600,81600,30800,50800,206000,56000,150000,18600,
84,15,514550,295950,114450,181500,81900,30000,51900,52050,21750,30300,81600,36900,44700,80400,25800,54600,200000,80000,120000,18600,
84,16,552300,311700,137750,173950,78900,33000,45900,56550,21750,34800,92850,60600,32250,83400,22400,61000,222000,72000,150000,18600,
84,17,525285,314485,144150,170335,73535,31300,42235,55200,17400,37800,105750,56250,49500,80000,39200,40800,186000,96000,90000,24800,
84,18,522505,306705,117700,189005,83005,24000,59005,43050,15150,27900,83250,39150,44100,97400,39400,58000,191000,56000,135000,24800,
84,19,476105,258305,134500,123805,45705,27000,18705,34650,15150,19500,67350,32550,34800,110600,59800,50800,193000,88000,105000,24800,
84,20,464800,268200,114300,153900,51000,18000,33000,52050,19500,32550,81750,28200,53550,83400,48600,34800,178000,88000,90000,18600,
84,21,460155,287755,118250,169505,69705,24000,45705,25950,12900,13050,77100,39150,37950,115000,42200,72800,160000,40000,120000,12400,
84,22,452200,249600,113900,135700,54000,18000,36000,47700,32550,15150,80100,40950,39150,67800,22400,45400,184000,64000,120000,18600,
84,23,470500,281900,121850,160050,63900,21000,42900,49800,19500,30300,103200,55950,47250,65000,25400,39600,170000,80000,90000,18600,
84,24,533900,281100,124750,156350,54000,21000,33000,57300,19500,37800,99600,56250,43350,70200,28000,42200,228000,48000,180000,24800,
84,25,538290,309490,141335,168155,84940,42235,42705,46350,16050,30300,91800,53850,37950,86400,29200,57200,204000,24000,180000,24800,
84,26,473850,270250,102050,168200,55300,24000,31300,51900,17250,34650,97050,34800,62250,66000,26000,40000,185000,80000,105000,18600,
84,27,438550,236950,104750,132200,57000,18000,39000,43350,15150,28200,63000,34800,28200,73600,36800,36800,183000,48000,135000,18600,
84,28,485400,297800,106250,191550,62200,21000,41200,62400,30450,31950,87000,32400,54600,86200,22400,63800,169000,64000,105000,18600,
84,29,496300,284700,139800,144900,70300,33000,37300,60750,28200,32550,80250,39000,41250,73400,39600,33800,193000,88000,105000,18600,
84,30,523400,304000,142250,161750,64300,27000,37300,49950,19500,30450,102150,56550,45600,87600,39200,48400,207000,72000,135000,12400,
85,0,431725,297125,114575,182550,93525,31175,62350,31500,14700,16800,77700,31500,46200,94400,37200,57200,116000,56000,60000,18600,
85,1,482995,304195,132210,171985,105995,37410,68585,35700,8400,27300,73500,46200,27300,89000,40200,48800,154000,64000,90000,24800,
85,2,523325,314525,138210,176315,93525,37410,56115,39900,16800,23100,77700,37800,39900,103400,46200,57200,184000,64000,120000,24800,
85,3,523325,314525,138210,176315,93525,37410,56115,39900,16800,23100,77700,37800,39900,103400,46200,57200,184000,64000,120000,24800,
85,4,523325,314525,138210,176315,93525,37410,56115,39900,16800,23100,77700,37800,39900,103400,46200,57200,184000,64000,120000,24800,
85,5,494550,315750,143100,172650,87900,29600,58300,50850,21750,29100,66000,42750,23250,111000,49000,62000,154000,64000,90000,24800,
85,6,460920,272320,110850,161470,66470,24000,42470,49950,23850,26100,65100,34800,30300,90800,28200,62600,170000,80000,90000,18600,
85,7,385535,281935,110650,171285,86835,39000,47835,36150,19200,16950,82350,38250,44100,76600,14200,62400,85000,40000,45000,18600,
85,8,523325,314525,138210,176315,93525,37410,56115,39900,16800,23100,77700,37800,39900,103400,46200,57200,184000,64000,120000,24800,
85,9,523325,314525,138210,176315,93525,37410,56115,39900,16800,23100,77700,37800,39900,103400,46200,57200,184000,64000,120000,24800,
85,10,523325,314525,138210,176315,93525,37410,56115,39900,16800,23100,77700,37800,39900,103400,46200,57200,184000,64000,120000,24800,
85,11,523325,314525,138210,176315,93525,37410,56115,39900,16800,23100,77700,37800,39900,103400,46200,57200,184000,64000,120000,24800,
85,12,523325,314525,138210,176315,93525,37410,56115,39900,16800,23100,77700,37800,39900,103400,46200,57200,184000,64000,120000,24800,
85,13,332450,198850,87340,111510,62350,24940,37410,25200,10500,14700,48300,23100,25200,63000,28800,34200,115000,40000,75000,18600,
85,14,249545,145145,67105,78040,43645,18705,24940,18900,8400,10500,33600,16800,16800,49000,23200,25800,92000,32000,60000,12400,
85,15,523325,314525,138210,176315,93525,37410,56115,39900,16800,23100,77700,37800,39900,103400,46200,57200,184000,64000,120000,24800,
85,16,523325,314525,138210,176315,93525,37410,56115,39900,16800,23100,77700,37800,39900,103400,46200,57200,184000,64000,120000,24800,
85,17,523325,314525,138210,176315,93525,37410,56115,39900,16800,23100,77700,37800,39900,103400,46200,57200,184000,64000,120000,24800,
85,18,523325,314525,138210,176315,93525,37410,56115,39900,16800,23100,77700,37800,39900,103400,46200,57200,184000,64000,120000,24800,
85,19,523325,314525,138210,176315,93525,37410,56115,39900,16800,23100,77700,37800,39900,103400,46200,57200,184000,64000,120000,24800,
85,20,332450,198850,87340,111510,62350,24940,37410,25200,10500,14700,48300,23100,25200,63000,28800,34200,115000,40000,75000,18600,
85,21,249545,145145,67105,78040,43645,18705,24940,18900,8400,10500,33600,16800,16800,49000,23200,25800,92000,32000,60000,12400,
85,22,523325,314525,138210,176315,93525,37410,56115,39900,16800,23100,77700,37800,39900,103400,46200,57200,184000,64000,120000,24800,
85,23,523325,314525,138210,176315,93525,37410,56115,39900,16800,23100,77700,37800,39900,103400,46200,57200,184000,64000,120000,24800,
85,24,523325,314525,138210,176315,93525,37410,56115,39900,16800,23100,77700,37800,39900,103400,46200,57200,184000,64000,120000,24800,
85,25,523325,314525,138210,176315,93525,37410,56115,39900,16800,23100,77700,37800,39900,103400,46200,57200,184000,64000,120000,24800,
85,26,523325,314525,138210,176315,93525,37410,56115,39900,16800,23100,77700,37800,39900,103400,46200,57200,184000,64000,120000,24800,
85,27,332450,198850,87340,111510,62350,24940,37410,25200,10500,14700,48300,23100,25200,63000,28800,34200,115000,40000,75000,18600,
85,28,249545,145145,67105,78040,43645,18705,24940,18900,8400,10500,33600,16800,16800,49000,23200,25800,92000,32000,60000,12400,
85,29,523325,314525,138210,176315,93525,37410,56115,39900,16800,23100,77700,37800,39900,103400,46200,57200,184000,64000,120000,24800,
85,30,523325,314525,138210,176315,93525,37410,56115,39900,16800,23100,77700,37800,39900,103400,46200,57200,184000,64000,120000,24800,
86,0,461020,276220,137600,138620,66470,24000,42470,35400,11550,23850,102750,55650,47100,71600,46400,25200,160000,40000,120000,24800,
86,1,438400,245600,99050,146550,40300,12000,28300,43500,21750,21750,79800,34500,45300,82000,30800,51200,168000,48000,120000,24800,
86,2,553200,328400,134050,194350,63000,24000,39000,45450,23850,21600,119550,58200,61350,100400,28000,72400,200000,80000,120000,24800,
86,3,424400,297800,121700,176100,79400,28300,51100,36150,15150,21000,86850,40650,46200,95400,37600,57800,108000,48000,60000,18600,
86,4,491000,288400,134850,153550,63000,27000,36000,58500,19500,39000,101100,43350,57750,65800,45000,20800,184000,64000,120000,18600,
86,5,389900,235100,86200,148900,43300,15000,28300,35550,10800,24750,86250,40800,45450,70000,19600,50400,130000,40000,90000,24800,
86,6,414635,265835,137450,128385,70535,31300,39235,31200,24750,6450,102900,42600,60300,61200,38800,22400,124000,64000,60000,24800,
86,7,444600,258000,100900,157100,68600,24000,44600,45450,15150,30300,75750,21750,54000,68200,40000,28200,168000,48000,120000,18600,
86,8,502750,270150,119100,151050,61300,18000,43300,59550,26100,33450,101700,58200,43500,47600,16800,30800,214000,64000,150000,18600,
86,9,430635,258835,134000,124835,57235,21000,36235,39000,17400,21600,92400,53400,39000,70200,42200,28000,147000,72000,75000,24800,
86,10,423600,253800,123650,130150,61300,28300,33000,42900,22500,20400,70800,36450,34350,78800,36400,42400,145000,40000,105000,24800,
86,11,444100,266300,130800,135500,60000,21000,39000,55200,21750,33450,93900,53250,40650,57200,34800,22400,153000,48000,105000,24800,
86,12,425650,261050,122250,138800,60900,24000,36900,36900,15150,21750,90450,49500,40950,72800,33600,39200,146000,56000,90000,18600,
86,13,480650,248850,108700,140150,51000,18000,33000,52050,17250,34800,45600,30450,15150,100200,43000,57200,207000,72000,135000,24800,
86,14,551170,334370,135900,198470,79770,33000,46770,52500,19500,33000,114900,58200,56700,87200,25200,62000,192000,72000,120000,24800,
86,15,487450,322850,162250,160600,68600,33000,35600,58500,25950,32550,81750,35700,46050,114000,67600,46400,146000,56000,90000,18600,
86,16,487400,263600,127350,136250,60000,30000,30000,47550,17250,30300,65250,43500,21750,90800,36600,54200,199000,64000,135000,24800,
86,17,364985,224185,85400,138785,58535,24000,34535,28800,12750,16050,88050,34650,53400,48800,14000,34800,116000,56000,60000,24800,
86,18,423235,275435,126000,149435,77835,32600,45235,46200,17400,28800,69600,38400,31200,81800,37600,44200,123000,48000,75000,24800,
86,19,462200,298400,126300,172100,69900,24000,45900,38850,23850,15000,94050,53250,40800,95600,25200,70400,139000,64000,75000,24800,
86,20,397720,265120,118250,146870,78070,28300,49770,27600,10800,16800,78450,51150,27300,81000,28000,53000,114000,24000,90000,18600,
86,21,385850,250250,126500,123750,60000,27000,33000,52950,28200,24750,81300,48900,32400,56000,22400,33600,117000,72000,45000,18600,
86,22,433500,260900,116100,144800,55300,24000,31300,55200,21750,33450,94200,53550,40650,56200,16800,39400,154000,64000,90000,18600,
86,23,363800,221200,90550,130650,45000,21000,24000,31200,15150,16050,64800,17400,47400,80200,37000,43200,124000,64000,60000,18600,
86,24,422350,228750,102900,125850,36000,15000,21000,52050,23850,28200,73500,38850,34650,67200,25200,42000,175000,40000,135000,18600,
86,25,465420,286620,123950,162670,72470,18000,54470,61650,23850,37800,80700,42900,37800,71800,39200,32600,154000,64000,90000,24800,
86,26,482600,303800,117450,186350,54900,15000,39900,56100,23550,32550,81000,45300,35700,111800,33600,78200,154000,64000,90000,24800,
86,27,452750,297150,99550,197600,76800,24000,52800,40500,17400,23100,74250,38550,35700,105600,19600,86000,137000,32000,105000,18600,
86,28,513235,304635,135150,169485,72235,27000,45235,62400,23850,38550,85200,49500,35700,84800,34800,50000,190000,40000,150000,18600,
86,29,506200,289400,134450,154950,64300,30000,34300,60600,21450,39150,93300,52200,41100,71200,30800,40400,192000,72000,120000,24800,
86,30,504800,282800,124250,158550,78500,30000,48500,43350,21600,21750,99150,47250,51900,61800,25400,36400,191000,56000,135000,31000,
87,0,515345,306545,122325,184220,105995,31175,74820,37800,16800,21000,71550,33750,37800,91200,40600,50600,184000,64000,120000,24800,
87,1,438400,245600,99050,146550,40300,12000,28300,43500,21750,21750,79800,34500,45300,82000,30800,51200,168000,48000,120000,24800,
87,2,502280,291680,125740,165940,49880,24940,24940,29400,14700,14700,73800,33900,39900,138600,52200,86400,192000,72000,120000,18600,
87,3,437125,295525,141345,154180,93525,43645,49880,29400,12600,16800,88200,48300,39900,84400,36800,47600,123000,48000,75000,18600,
87,4,448860,270060,133610,136450,99760,37410,62350,37800,16800,21000,52500,33600,18900,80000,45800,34200,154000,64000,90000,24800,
87,5,471320,265320,114510,150810,74820,37410,37410,35700,16800,18900,63000,23100,39900,91800,37200,54600,175000,40000,135000,31000,
87,6,435295,264495,125710,138785,105995,37410,68585,37800,14700,23100,69300,33600,35700,51400,40000,11400,146000,56000,90000,24800,
87,7,448255,289855,120775,169080,81055,31175,49880,35700,14700,21000,69300,31500,37800,103800,43400,60400,146000,56000,90000,12400,
87,8,412085,263485,104340,159145,68585,24940,43645,35700,14700,21000,75600,35700,39900,83600,29000,54600,130000,40000,90000,18600,
87,9,474805,282005,127960,154045,81055,37410,43645,33600,18900,14700,92550,48450,44100,74800,23200,51600,168000,48000,120000,24800,
87,10,419405,278405,104620,173785,81055,12470,68585,37800,27300,10500,67350,35850,31500,92200,29000,63200,110000,80000,30000,31000,
87,11,476640,296040,104655,191385,87290,18705,68585,35700,14700,21000,61050,19050,42000,112000,52200,59800,162000,72000,90000,18600,
87,12,486420,239620,115025,124595,74820,31175,43645,31500,10500,21000,75300,38550,36750,58000,34800,23200,222000,72000,150000,24800,
87,13,454240,246440,121210,125230,87290,37410,49880,37800,14700,23100,46350,23100,23250,75000,46000,29000,183000,48000,135000,24800,
87,14,474835,287235,123190,164045,68585,24940,43645,25200,10500,14700,101250,52950,48300,92200,34800,57400,169000,64000,105000,18600,
87,15,445230,309830,128850,180980,112230,62350,49880,27300,6300,21000,73500,29400,44100,96800,30800,66000,123000,48000,75000,12400,
87,16,482440,279840,129425,150415,87290,31175,56115,46200,18900,27300,73950,44550,29400,72400,34800,37600,184000,64000,120000,18600,
87,17,401825,296225,122245,173980,93525,43645,49880,35700,12600,23100,79800,29400,50400,87200,36600,50600,87000,72000,15000,18600,
87,18,455230,277430,112410,165020,116530,37410,79120,31500,16800,14700,63000,29400,33600,66400,28800,37600,153000,48000,105000,24800,
87,19,522865,282265,95040,187225,118465,24940,93525,27750,19350,8400,53250,21750,31500,82800,29000,53800,222000,72000,150000,18600,
87,20,438705,243105,107125,135980,81055,31175,49880,46200,23100,23100,23250,6450,16800,92600,46400,46200,177000,72000,105000,18600,
87,21,372820,256020,99775,156245,83420,31175,52245,25200,8400,16800,71400,37800,33600,76000,22400,53600,92000,32000,60000,24800,
87,22,377950,250350,114310,136040,62350,37410,24940,39900,14700,25200,73500,33600,39900,74600,28600,46000,109000,64000,45000,18600,
87,23,502530,325730,140645,185085,116530,43645,72885,37800,23100,14700,88200,39900,48300,83200,34000,49200,152000,32000,120000,24800,
87,24,485960,322160,134545,187615,99760,43645,56115,29400,14700,14700,71400,33600,37800,121600,42600,79000,139000,64000,75000,24800,
87,25,457680,256880,118840,138040,49880,24940,24940,42000,12600,29400,95400,46500,48900,69600,34800,34800,176000,56000,120000,24800,
87,26,518000,323400,136110,187290,124700,37410,87290,35700,18900,16800,67200,33600,33600,95800,46200,49600,176000,56000,120000,18600,
87,27,413690,272890,123910,148980,87290,37410,49880,48300,18900,29400,77700,33600,44100,59600,34000,25600,116000,56000,60000,24800,
87,28,408955,269155,117240,151915,81055,24940,56115,35700,18900,16800,63000,33600,29400,89400,39800,49600,115000,40000,75000,24800,
87,29,397790,278190,123475,154715,87290,31175,56115,25200,12600,12600,81900,48300,33600,83800,31400,52400,101000,56000,45000,18600,
87,30,507670,277670,120660,157010,74820,37410,37410,33600,14700,18900,73650,33750,39900,95600,34800,60800,199000,64000,135000,31000,
88,0,516100,323300,125600,197700,59200,21000,38200,59700,30300,29400,80400,40500,39900,124000,33800,90200,168000,48000,120000,24800,
88,1,400390,236590,100510,136080,87290,37410,49880,29400,12600,16800,56700,18900,37800,63200,31600,31600,139000,64000,75000,24800,
88,2,499200,311600,127350,184250,70300,33000,37300,59400,23850,35550,95700,45300,50400,86200,25200,61000,169000,64000,105000,18600,
88,3,453000,281400,122650,158750,55300,30000,25300,49800,23850,25950,95700,49200,46500,80600,19600,61000,153000,48000,105000,18600,
88,4,400650,238850,109750,129100,58300,21000,37300,52350,16950,35400,62400,40800,21600,65800,31000,34800,137000,32000,105000,24800,
88,5,521335,298735,122755,175980,68585,18705,49880,46200,18900,27300,78150,44550,33600,105800,40600,65200,204000,24000,180000,18600,
88,6,380390,251790,116610,135180,87290,37410,49880,37800,12600,25200,52500,37800,14700,74200,28800,45400,110000,80000,30000,18600,
88,7,443920,240520,91770,148750,74820,12470,62350,33600,10500,23100,42900,28200,14700,89200,40600,48600,191000,56000,135000,12400,
88,8,453855,253055,104145,148910,81055,43645,37410,44100,23100,21000,44100,8400,35700,83800,29000,54800,176000,56000,120000,24800,
88,9,437835,243235,120540,122695,68585,24940,43645,35700,16800,18900,46350,21000,25350,92600,57800,34800,176000,56000,120000,18600,
88,10,529130,325530,141145,184385,112230,43645,68585,31500,14700,16800,75600,33600,42000,106200,49200,57000,185000,80000,105000,18600,
88,11,376455,234855,103810,131045,81055,37410,43645,33600,16800,16800,54600,21000,33600,65600,28600,37000,123000,48000,75000,18600,
88,12,537515,334915,117625,217290,118465,31175,87290,25200,10500,14700,77850,29550,48300,113400,46400,67000,184000,64000,120000,18600,
88,13,457620,264820,113405,151415,74820,18705,56115,33600,18900,14700,50400,21000,29400,106000,54800,51200,168000,48000,120000,24800,
88,14,566805,333205,149725,183480,81055,31175,49880,42000,21000,21000,79950,33750,46200,130200,63800,66400,215000,80000,135000,18600,
88,15,486660,284860,136545,148315,99760,43645,56115,25200,12600,12600,48300,31500,16800,111600,48800,62800,177000,72000,105000,24800,
88,16,550565,319765,131580,188185,118465,49880,68585,33600,14700,18900,65100,29400,35700,102600,37600,65000,206000,56000,150000,24800,
88,17,522590,283790,111540,172250,87290,24940,62350,29400,14700,14700,80700,42900,37800,86400,29000,57400,214000,64000,150000,24800,
88,18,489325,279725,127910,151815,93525,37410,56115,31500,16800,14700,65100,27300,37800,89600,46400,43200,191000,56000,135000,18600,
88,19,551940,298140,126540,171600,87290,24940,62350,46200,16800,29400,89250,38400,50850,75400,46400,29000,229000,64000,165000,24800,
88,20,512700,318100,139120,178980,62350,12470,49880,46200,18900,27300,115950,61350,54600,93600,46400,47200,176000,56000,120000,18600,
88,21,549975,325375,138560,186815,93525,37410,56115,37800,16800,21000,77850,37950,39900,116200,46400,69800,206000,56000,150000,18600,
88,22,608990,308190,162495,145695,87290,43645,43645,39900,16800,23100,88200,38250,49950,92800,63800,29000,276000,96000,180000,24800,
88,23,538495,327895,144645,183250,105995,43645,62350,37800,16800,21000,77700,37800,39900,106400,46400,60000,192000,72000,120000,18600,
88,24,471625,292825,118740,174085,93525,24940,68585,31500,8400,23100,75600,42000,33600,92200,43400,48800,154000,64000,90000,24800,
88,25,527800,348000,153580,194420,124700,49880,74820,33600,14700,18900,77700,37800,39900,112000,51200,60800,155000,80000,75000,24800,
88,26,469385,288785,118175,170610,68585,31175,37410,44100,18900,25200,60900,18900,42000,115200,49200,66000,162000,72000,90000,18600,
88,27,497925,291125,118210,172915,93525,37410,56115,29400,10500,18900,75600,27300,48300,92600,43000,49600,182000,32000,150000,24800,
88,28,490750,303950,104360,199590,129000,37410,91590,23100,6300,16800,65250,31650,33600,86600,29000,57600,162000,72000,90000,24800,
88,29,491560,282760,122110,160650,99760,37410,62350,46200,16800,29400,58800,27300,31500,78000,40600,37400,184000,64000,120000,24800,
88,30,497260,310660,138880,171780,99760,49880,49880,35700,4200,31500,88200,42000,46200,87000,42800,44200,168000,48000,120000,18600,
89,0,471385,292585,120750,171835,75235,33000,42235,45000,19500,25500,66150,43050,23100,106200,25200,81000,154000,64000,90000,24800,
89,1,461600,259800,122110,137690,62350,37410,24940,33600,14700,18900,56850,21000,35850,107000,49000,58000,177000,72000,105000,24800,
89,2,538365,320565,158645,161920,118465,43645,74820,16800,12600,4200,73500,33600,39900,111800,68800,43000,193000,88000,105000,24800,
89,3,428590,296790,106210,190580,107490,40410,67080,23100,10500,12600,71400,27300,44100,94800,28000,66800,107000,32000,75000,24800,
89,4,461720,267120,123950,143170,48470,24000,24470,45450,19500,25950,94800,41250,53550,78400,39200,39200,176000,56000,120000,18600,
89,5,494550,315750,143100,172650,87900,29600,58300,50850,21750,29100,66000,42750,23250,111000,49000,62000,154000,64000,90000,24800,
89,6,460920,272320,110850,161470,66470,24000,42470,49950,23850,26100,65100,34800,30300,90800,28200,62600,170000,80000,90000,18600,
89,7,549350,325550,129900,195650,57000,27000,30000,58950,28200,30750,96600,41100,55500,113000,33600,79400,199000,64000,135000,24800,
89,8,435650,240050,116900,123150,48000,21000,27000,49950,23850,26100,71700,41250,30450,70400,30800,39600,177000,72000,105000,18600,
89,9,564150,284550,120600,163950,60000,15000,45000,47700,19500,28200,110850,54300,56550,66000,31800,34200,261000,96000,165000,18600,
89,10,462385,284585,121200,163385,57235,21000,36235,43350,19500,23850,78600,47100,31500,105400,33600,71800,153000,48000,105000,24800,
89,11,433000,262200,123700,138500,63000,33000,30000,45600,19500,26100,73200,32400,40800,80400,38800,41600,146000,56000,90000,24800,
89,12,510200,292400,150050,142350,39000,21000,18000,58650,23850,34800,93150,54000,39150,101600,51200,50400,193000,88000,105000,24800,
89,13,454635,298835,127435,171400,77435,18235,59200,42900,14700,28200,95100,42900,52200,83400,51600,31800,131000,56000,75000,24800,
89,14,510535,316735,115800,200935,87735,30000,57735,40800,17400,23400,89400,43200,46200,98800,25200,73600,169000,64000,105000,24800,
89,15,504300,294900,140800,154100,67300,30000,37300,56550,21750,34800,82050,49650,32400,89000,39400,49600,197000,32000,165000,12400,
89,16,485100,241300,85800,155500,49300,18000,31300,49950,23850,26100,73650,32550,41100,68400,11400,57000,219000,24000,195000,24800,
89,17,471985,263185,115450,147735,40535,12000,28535,50700,23850,26850,99150,51600,47550,72800,28000,44800,184000,64000,120000,24800,
89,18,463950,268350,122300,146050,60000,18000,42000,49950,21750,28200,97200,51750,45450,61200,30800,30400,177000,72000,105000,18600,
89,19,434050,255250,121650,133600,63000,33000,30000,41850,20250,21600,63000,34800,28200,87400,33600,53800,154000,64000,90000,24800,
89,20,381220,253620,130020,123600,69470,30470,39000,43050,23550,19500,77100,38400,38700,64000,37600,26400,109000,64000,45000,18600,
89,21,465685,295885,114300,181585,75735,24000,51735,42300,21300,21000,93450,40800,52650,84400,28200,56200,145000,40000,105000,24800,
89,22,494300,307500,136800,170700,50600,22300,28300,58650,23850,34800,89250,51450,37800,109000,39200,69800,162000,72000,90000,24800,
89,23,452650,274050,153750,120300,69500,36500,33000,49800,23850,25950,64350,42600,21750,90400,50800,39600,160000,40000,120000,18600,
89,24,413285,271685,107550,164135,42235,18000,24235,43500,19500,24000,76350,36450,39900,109600,33600,76000,123000,48000,75000,18600,
89,25,429235,272635,124500,148135,63235,21000,42235,57300,19500,37800,84900,49200,35700,67200,34800,32400,138000,48000,90000,18600,
89,26,438485,290685,106900,183785,71435,21000,50435,42600,19500,23100,74250,30000,44250,102400,36400,66000,123000,48000,75000,24800,
89,27,521020,274220,113900,160320,63470,24000,39470,58650,23850,34800,101700,52050,49650,50400,14000,36400,222000,72000,150000,24800,
89,28,506050,274250,128450,145800,78000,24000,54000,36900,26100,10800,90750,55950,34800,68600,22400,46200,207000,72000,135000,24800,
89,29,522400,341800,140350,201450,61300,27000,34300,38250,12900,25350,106650,58050,48600,135600,42400,93200,162000,72000,90000,18600,
89,30,499450,294450,124800,169650,64300,21000,43300,39450,13800,25650,92100,53400,38700,98600,36600,62000,174000,24000,150000,31000,
90,0,542045,339445,147460,191985,105995,37410,68585,35700,16800,18900,96750,52650,44100,101000,40600,60400,184000,64000,120000,18600,
90,1,408390,259790,120345,139445,87290,43645,43645,27300,10500,16800,54600,29400,25200,90600,36800,53800,130000,40000,90000,18600,
90,2,499200,311600,127350,184250,70300,33000,37300,59400,23850,35550,95700,45300,50400,86200,25200,61000,169000,64000,105000,18600,
90,3,453000,281400,122650,158750,55300,30000,25300,49800,23850,25950,95700,49200,46500,80600,19600,61000,153000,48000,105000,18600,
90,4,400650,238850,109750,129100,58300,21000,37300,52350,16950,35400,62400,40800,21600,65800,31000,34800,137000,32000,105000,24800,
90,5,419635,248835,113950,134885,69235,27000,42235,41250,19500,21750,87750,36450,51300,50600,31000,19600,146000,56000,90000,24800,
90,6,428490,254890,107475,147415,87290,31175,56115,31500,12600,18900,61500,40500,21000,74600,23200,51400,155000,80000,75000,18600,
90,7,458625,304625,137545,167080,93525,43645,49880,37800,21000,16800,86100,35700,50400,87200,37200,50000,123000,48000,75000,31000,
90,8,565345,308745,158280,150465,105995,49880,56115,31500,14700,16800,95850,53100,42750,75400,40600,34800,238000,88000,150000,18600,
90,9,351800,212000,102750,109250,57000,24000,33000,43500,21750,21750,55500,23400,32100,56000,33600,22400,115000,40000,75000,24800,
90,10,421055,267255,99040,168215,89655,24940,64715,33600,21000,12600,71400,27300,44100,72600,25800,46800,129000,24000,105000,24800,
90,11,419360,270560,101010,169550,99760,37410,62350,42000,21000,21000,58800,16800,42000,70000,25800,44200,124000,64000,60000,24800,
90,12,482495,294895,135845,159050,105995,43645,62350,23100,6300,16800,71400,39900,31500,94400,46000,48400,169000,64000,105000,18600,
90,13,448785,278985,134345,144640,68585,43645,24940,37800,21000,16800,67200,35700,31500,105400,34000,71400,145000,40000,105000,24800,
90,14,482955,297155,117775,179380,81055,31175,49880,37800,16800,21000,60900,29400,31500,117400,40400,77000,161000,56000,105000,24800,
90,15,452815,268015,115305,152710,56115,18705,37410,33600,16800,16800,69300,33600,35700,109000,46200,62800,160000,40000,120000,24800,
90,16,470590,274990,110310,164680,87290,37410,49880,33600,14700,18900,59100,23400,35700,95000,34800,60200,177000,72000,105000,18600,
90,17,521810,314010,124490,189520,99760,24940,74820,29400,14700,14700,69450,44250,25200,115400,40600,74800,183000,48000,135000,24800,
90,18,440385,276585,127110,149475,68585,37410,31175,35700,16800,18900,77700,27300,50400,94600,45600,49000,139000,64000,75000,24800,
90,19,493820,270020,122110,147910,74820,37410,37410,35700,14700,21000,78300,46800,31500,81200,23200,58000,199000,64000,135000,24800,
90,20,509970,285170,126825,158345,74820,31175,43645,29400,12600,16800,82350,42450,39900,98600,40600,58000,200000,80000,120000,24800,
90,21,490025,294425,152845,141580,93525,43645,49880,29400,16800,12600,65100,37800,27300,106400,54600,51800,177000,72000,105000,18600,
90,22,400620,232620,112775,119845,74820,31175,43645,29400,18900,10500,54600,23100,31500,73800,39600,34200,137000,32000,105000,31000,
90,23,458675,294075,110725,183350,93525,31175,62350,25200,8400,16800,79950,42150,37800,95400,29000,66400,146000,56000,90000,18600,
90,24,466625,307225,115010,192215,93525,37410,56115,39900,18900,21000,78000,29700,48300,95800,29000,66800,147000,72000,75000,12400,
90,25,435390,264590,110310,154280,87290,37410,49880,33600,12600,21000,69300,23100,46200,74400,37200,37200,146000,56000,90000,24800,
90,26,489840,274040,144245,129795,87290,43645,43645,25200,12600,12600,86550,42000,44550,75000,46000,29000,191000,56000,135000,24800,
90,27,421685,250085,108600,141485,66235,27000,39235,25800,8550,17250,76050,30450,45600,82000,42600,39400,153000,48000,105000,18600,
90,28,454770,246970,107690,139280,74820,24940,49880,23100,10500,12600,48450,31650,16800,100600,40600,60000,183000,48000,135000,24800,
90,29,404360,255760,112645,143115,99760,43645,56115,23100,12600,10500,65100,25200,39900,67800,31200,36600,130000,40000,90000,18600,
90,30,562370,304770,127790,176980,74820,24940,49880,44100,18900,25200,81450,43350,38100,104400,40600,63800,239000,104000,135000,18600,
91,0,427395,265595,118745,146850,105995,43645,62350,31500,18900,12600,65100,33600,31500,63000,22600,40400,137000,32000,105000,24800,
91,1,554050,290450,130350,160100,36000,12000,24000,41250,26100,15150,126000,58650,67350,87200,33600,53600,245000,80000,165000,18600,
91,2,455350,265950,124250,141700,45000,24000,21000,41100,19500,21600,95250,58350,36900,84600,22400,62200,177000,72000,105000,12400,
91,3,386320,273720,106600,167120,66470,27000,39470,36300,13050,23250,80550,38550,42000,90400,28000,62400,94000,64000,30000,18600,
91,4,410250,259850,123650,136200,57000,24000,33000,56400,23850,32550,95850,45000,50850,50600,30800,19800,138000,48000,90000,12400,
91,5,549435,296635,147085,149550,57235,36235,21000,41100,8550,32550,108300,54300,54000,90000,48000,42000,228000,48000,180000,24800,
91,6,451850,257050,108550,148500,43300,24000,19300,46500,17400,29100,88650,39150,49500,78600,28000,50600,170000,80000,90000,24800,
91,7,499655,289055,139045,150010,81055,43645,37410,37800,14700,23100,54600,23100,31500,115600,57600,58000,192000,72000,120000,18600,
91,8,623110,335510,149895,185615,99760,43645,56115,42000,16800,25200,66150,43050,23100,127600,46400,81200,269000,104000,165000,18600,
91,9,496690,264890,107560,157330,87290,37410,49880,31500,12600,18900,76500,34350,42150,69600,23200,46400,207000,72000,135000,24800,
91,10,476805,288405,130225,158180,81055,31175,49880,35700,16800,18900,73650,35850,37800,98000,46400,51600,176000,56000,120000,12400,
91,11,449050,272250,132245,140005,62350,43645,18705,37800,14700,23100,69300,31500,37800,102800,42400,60400,152000,32000,120000,24800,
91,12,447920,301120,118640,182480,74820,24940,49880,37800,16800,21000,86100,39900,46200,102400,37000,65400,122000,32000,90000,24800,
91,13,474630,274630,114880,159750,112230,49880,62350,23100,6300,16800,65100,27300,37800,74200,31400,42800,169000,64000,105000,31000,
91,14,532555,299155,135960,163195,81055,37410,43645,39900,18900,21000,91200,44850,46350,87000,34800,52200,221000,56000,165000,12400,
91,15,406525,280725,129045,151680,93525,43645,49880,39900,16800,23100,73500,37800,35700,73800,30800,43000,101000,56000,45000,24800,
91,16,501505,276905,107125,169780,81055,31175,49880,29400,4200,25200,82650,42750,39900,83800,29000,54800,206000,56000,150000,18600,
91,17,465570,286970,123325,163645,74820,31175,43645,42000,18900,23100,100950,44250,56700,69200,29000,40200,160000,40000,120000,18600,
91,18,505335,289535,141710,147825,68585,37410,31175,35700,14700,21000,101250,46200,55050,84000,43400,40600,191000,56000,135000,24800,
91,19,466100,263500,126460,137040,62350,37410,24940,27300,12600,14700,69450,35850,33600,104400,40600,63800,184000,64000,120000,18600,
91,20,504895,309295,149345,159950,105995,43645,62350,29400,21000,8400,81900,35700,46200,92000,49000,43000,177000,72000,105000,18600,
91,21,382020,226220,115275,110945,74820,31175,43645,33600,10500,23100,46200,33600,12600,71600,40000,31600,131000,56000,75000,24800,
91,22,519170,279570,103725,175845,74820,31175,43645,42000,18900,23100,61950,30450,31500,100800,23200,77600,221000,56000,165000,18600,
91,23,440185,269385,105070,164315,68585,12470,56115,35700,10500,25200,69300,27300,42000,95800,54800,41000,146000,56000,90000,24800,
91,24,393860,245260,110980,134280,99760,49880,49880,31500,16800,14700,54600,18900,35700,59400,25400,34000,130000,40000,90000,18600,
91,25,468260,283460,124575,158885,99760,31175,68585,35700,14700,21000,67200,35700,31500,80800,43000,37800,160000,40000,120000,24800,
91,26,520355,303555,126340,177215,81055,24940,56115,39900,12600,27300,58800,25200,33600,123800,63600,60200,192000,72000,120000,24800,
91,27,488660,300260,150310,149950,99760,37410,62350,33600,12600,21000,69300,39900,29400,97600,60400,37200,176000,56000,120000,12400,
91,28,510450,278650,137110,141540,62350,37410,24940,37800,21000,16800,74100,38100,36000,104400,40600,63800,207000,72000,135000,24800,
91,29,448255,263455,141980,121475,81055,49880,31175,39900,16800,23100,48300,27300,21000,94200,48000,46200,160000,40000,120000,24800,
91,30,554675,292875,145160,147715,93525,37410,56115,31500,16800,14700,63450,44550,18900,104400,46400,58000,237000,72000,165000,24800,
92,0,544025,328025,159910,168115,93525,37410,56115,35700,21000,14700,84000,44100,39900,114800,57400,57400,185000,80000,105000,31000,
92,1,489550,279750,125700,154050,55300,27000,28300,46500,21750,24750,78150,43350,34800,99800,33600,66200,185000,80000,105000,24800,
92,2,509855,308055,156845,151210,81055,43645,37410,39900,10500,29400,86100,56700,29400,101000,46000,55000,177000,72000,105000,24800,
92,3,449520,276920,130575,146345,74820,31175,43645,31500,12600,18900,67200,37800,29400,103400,49000,54400,154000,64000,90000,18600,
92,4,404190,279390,126910,152480,91590,41710,49880,37800,18900,18900,67200,31500,35700,82800,34800,48000,100000,40000,60000,24800,
92,5,485775,283175,128125,155050,93525,31175,62350,46200,18900,27300,56850,31650,25200,86600,46400,40200,184000,64000,120000,18600,
92,6,454650,276850,139540,137310,62350,24940,37410,44100,23100,21000,75600,48300,27300,94800,43200,51600,153000,48000,105000,24800,
92,7,470860,306260,150845,155415,99760,43645,56115,37800,18900,18900,69300,39900,29400,99400,48400,51000,146000,56000,90000,18600,
92,8,484805,273205,113725,159480,81055,31175,49880,37800,12600,25200,52950,23550,29400,101400,46400,55000,193000,88000,105000,18600,
92,9,586425,293625,151260,142365,93525,37410,56115,37800,21000,16800,75300,40650,34650,87000,52200,34800,268000,88000,180000,24800,
92,10,494020,279220,115440,163780,74820,24940,49880,48300,16800,31500,69300,27300,42000,86800,46400,40400,190000,40000,150000,24800,
92,11,378490,244690,90840,153850,87290,24940,62350,29400,16800,12600,50400,6300,44100,77600,42800,34800,109000,64000,45000,24800,
92,12,504260,327460,127175,200285,99760,31175,68585,37800,14700,23100,98700,44100,54600,91200,37200,54000,152000,32000,120000,24800,
92,13,478960,300160,145415,154745,99760,56115,43645,35700,14700,21000,73500,37800,35700,91200,36800,54400,154000,64000,90000,24800,
92,14,571950,317150,126470,190680,62350,12470,49880,25200,12600,12600,99600,49200,50400,130000,52200,77800,230000,80000,150000,24800,
92,15,450220,271620,142010,129610,74820,37410,37410,37800,21000,16800,75600,37800,37800,83400,45800,37600,160000,40000,120000,18600,
92,16,464135,240335,113210,127125,68585,37410,31175,14700,4200,10500,52650,25200,27450,104400,46400,58000,199000,64000,135000,24800,
92,17,520695,296895,131845,165050,105995,43645,62350,35700,6300,29400,71400,35700,35700,83800,46200,37600,199000,64000,135000,24800,
92,18,522555,329755,115940,213815,81055,24940,56115,29400,12600,16800,98700,37800,60900,120600,40600,80000,168000,48000,120000,24800,
92,19,521155,309555,131610,177945,81055,37410,43645,42000,14700,27300,82500,44700,37800,104000,34800,69200,193000,88000,105000,18600,
92,20,543875,318275,146025,172250,93525,31175,62350,46200,18900,27300,71550,37950,33600,107000,58000,49000,207000,72000,135000,18600,
92,21,457255,322655,103905,218750,111155,18705,92450,33600,10500,23100,90300,39900,50400,87600,34800,52800,116000,56000,60000,18600,
92,22,556095,302295,128275,174020,105995,31175,74820,39900,21000,18900,70200,47100,23100,86200,29000,57200,229000,64000,165000,24800,
92,23,456625,321225,144175,177050,102125,31175,70950,35700,12600,23100,84000,46200,37800,99400,54200,45200,123000,48000,75000,12400,
92,24,514865,330065,137080,192985,118465,49880,68585,37800,14700,23100,75600,44100,31500,98200,28400,69800,160000,40000,120000,24800,
92,25,538560,298960,119010,179950,99760,37410,62350,39900,16800,23100,69900,30000,39900,89400,34800,54600,221000,56000,165000,18600,
92,26,493355,298755,138910,159845,81055,37410,43645,33600,10500,23100,77700,42000,35700,106400,49000,57400,176000,56000,120000,18600,
92,27,512430,309830,124845,184985,112230,43645,68585,44100,16800,27300,52500,21000,31500,101000,43400,57600,184000,64000,120000,18600,
92,28,520085,288285,144210,144075,68585,37410,31175,33600,16800,16800,75900,37800,38100,110200,52200,58000,207000,72000,135000,24800,
92,29,505655,287055,112705,174350,81055,18705,62350,33600,18900,14700,74400,34500,39900,98000,40600,57400,200000,80000,120000,18600,
92,30,452860,282060,114510,167550,99760,37410,62350,29400,18900,10500,69300,21000,48300,83600,37200,46400,146000,56000,90000,24800,
93,0,478905,271105,116500,154605,48705,9000,39705,36750,15150,21600,95850,47550,48300,89800,44800,45000,183000,48000,135000,24800,
93,1,441000,271200,105050,166150,73300,33000,40300,42750,19500,23250,58350,21750,36600,96800,30800,66000,145000,40000,105000,24800,
93,2,528485,288885,138185,150700,63235,30235,33000,33300,21600,11700,102150,49950,52200,90200,36400,53800,221000,56000,165000,18600,
93,3,409450,229850,96100,133750,63000,18000,45000,67350,23850,43500,68700,43050,25650,30800,11200,19600,161000,56000,105000,18600,
93,4,461320,281720,131300,150420,63470,21000,42470,56400,30450,25950,85650,49050,36600,76200,30800,45400,161000,56000,105000,18600,
93,5,488660,300260,150310,149950,99760,37410,62350,33600,12600,21000,69300,39900,29400,97600,60400,37200,176000,56000,120000,12400,
93,6,394095,222495,95590,126905,43645,24940,18705,33600,10500,23100,52650,25350,27300,92600,34800,57800,153000,48000,105000,18600,
93,7,499655,289055,139045,150010,81055,43645,37410,37800,14700,23100,54600,23100,31500,115600,57600,58000,192000,72000,120000,18600,
93,8,623110,335510,149895,185615,99760,43645,56115,42000,16800,25200,66150,43050,23100,127600,46400,81200,269000,104000,165000,18600,
93,9,496690,264890,107560,157330,87290,37410,49880,31500,12600,18900,76500,34350,42150,69600,23200,46400,207000,72000,135000,24800,
93,10,476805,288405,130225,158180,81055,31175,49880,35700,16800,18900,73650,35850,37800,98000,46400,51600,176000,56000,120000,12400,
93,11,449050,272250,132245,140005,62350,43645,18705,37800,14700,23100,69300,31500,37800,102800,42400,60400,152000,32000,120000,24800,
93,12,447920,301120,118640,182480,74820,24940,49880,37800,16800,21000,86100,39900,46200,102400,37000,65400,122000,32000,90000,24800,
93,13,474630,274630,114880,159750,112230,49880,62350,23100,6300,16800,65100,27300,37800,74200,31400,42800,169000,64000,105000,31000,
93,14,532555,299155,135960,163195,81055,37410,43645,39900,18900,21000,91200,44850,46350,87000,34800,52200,221000,56000,165000,12400,
93,15,406525,280725,129045,151680,93525,43645,49880,39900,16800,23100,73500,37800,35700,73800,30800,43000,101000,56000,45000,24800,
93,16,393860,245260,110980,134280,99760,49880,49880,31500,16800,14700,54600,18900,35700,59400,25400,34000,130000,40000,90000,18600,
93,17,465570,286970,123325,163645,74820,31175,43645,42000,18900,23100,100950,44250,56700,69200,29000,40200,160000,40000,120000,18600,
93,18,448255,263455,141980,121475,81055,49880,31175,39900,16800,23100,48300,27300,21000,94200,48000,46200,160000,40000,120000,24800,
93,19,466100,263500,126460,137040,62350,37410,24940,27300,12600,14700,69450,35850,33600,104400,40600,63800,184000,64000,120000,18600,
93,20,504895,309295,149345,159950,105995,43645,62350,29400,21000,8400,81900,35700,46200,92000,49000,43000,177000,72000,105000,18600,
93,21,382020,226220,115275,110945,74820,31175,43645,33600,10500,23100,46200,33600,12600,71600,40000,31600,131000,56000,75000,24800,
93,22,519170,279570,103725,175845,74820,31175,43645,42000,18900,23100,61950,30450,31500,100800,23200,77600,221000,56000,165000,18600,
93,23,440185,269385,105070,164315,68585,12470,56115,35700,10500,25200,69300,27300,42000,95800,54800,41000,146000,56000,90000,24800,
93,24,501505,276905,107125,169780,81055,31175,49880,29400,4200,25200,82650,42750,39900,83800,29000,54800,206000,56000,150000,18600,
93,25,468260,283460,124575,158885,99760,31175,68585,35700,14700,21000,67200,35700,31500,80800,43000,37800,160000,40000,120000,24800,
93,26,520355,303555,126340,177215,81055,24940,56115,39900,12600,27300,58800,25200,33600,123800,63600,60200,192000,72000,120000,24800,
93,27,440785,284185,150150,134035,55535,34300,21235,48600,16050,32550,91050,44400,46650,89000,55400,33600,138000,48000,90000,18600,
93,28,510450,278650,137110,141540,62350,37410,24940,37800,21000,16800,74100,38100,36000,104400,40600,63800,207000,72000,135000,24800,
93,29,505335,289535,141710,147825,68585,37410,31175,35700,14700,21000,101250,46200,55050,84000,43400,40600,191000,56000,135000,24800,
93,30,554675,292875,145160,147715,93525,37410,56115,31500,16800,14700,63450,44550,18900,104400,46400,58000,237000,72000,165000,24800,
94,0,443150,242350,112950,129400,48000,18000,30000,49800,21600,28200,79950,45150,34800,64600,28200,36400,176000,56000,120000,24800,
94,1,490835,259035,113300,145735,63235,27000,36235,60750,26100,34650,84450,34800,49650,50600,25400,25200,207000,72000,135000,24800,
94,2,481920,271320,113850,157470,33470,15000,18470,42150,21750,20400,97500,43500,54000,98200,33600,64600,192000,72000,120000,18600,
94,3,429535,287935,141150,146785,63235,30000,33235,41100,19500,21600,95400,53250,42150,88200,38400,49800,123000,48000,75000,18600,
94,4,439435,260635,132350,128285,73535,28300,45235,52950,24750,28200,66750,42900,23850,67400,36400,31000,154000,64000,90000,24800,
94,5,460250,254250,108800,145450,51000,24000,27000,49800,23850,25950,77250,30150,47100,76200,30800,45400,175000,40000,135000,31000,
94,6,417400,246600,117200,129400,69000,24000,45000,52050,21750,30300,83550,40650,42900,42000,30800,11200,146000,56000,90000,24800,
94,7,439950,281550,114550,167000,59200,21000,38200,49800,21600,28200,78750,40950,37800,93800,31000,62800,146000,56000,90000,12400,
94,8,403650,255050,101950,153100,50600,18000,32600,49950,21750,28200,82500,42600,39900,72000,19600,52400,130000,40000,90000,18600,
94,9,460850,268050,123150,144900,55300,27000,28300,43350,26100,17250,109200,53250,55950,60200,16800,43400,168000,48000,120000,24800,
94,10,408870,267870,101200,166670,57470,9000,48470,42450,31950,10500,73950,40650,33300,94000,19600,74400,110000,80000,30000,31000,
94,11,463200,282600,97400,185200,62200,12000,50200,42900,19500,23400,68100,26100,42000,109400,39800,69600,162000,72000,90000,18600,
94,12,478800,232000,112400,119600,51000,21000,30000,45600,15150,30450,87000,47850,39150,48400,28400,20000,222000,72000,150000,24800,
94,13,446000,238200,114700,123500,60000,24000,36000,56550,21750,34800,62850,32550,30300,58800,36400,22400,183000,48000,135000,24800,
94,14,472650,285050,120750,164300,50600,18000,32600,36900,15150,21750,120150,62400,57750,77400,25200,52200,169000,64000,105000,18600,
94,15,432585,297185,121250,175935,74835,39000,35835,28200,7200,21000,85350,41250,44100,108800,33800,75000,123000,48000,75000,12400,
94,16,464200,261600,121800,139800,57000,21000,36000,65100,26100,39000,86100,49500,36600,53400,25200,28200,184000,64000,120000,18600,
94,17,395650,290050,120500,169550,67300,30000,37300,42900,17250,25650,86850,36450,50400,93000,36800,56200,87000,72000,15000,18600,
94,18,453350,275550,109700,165850,84900,27000,57900,45600,23850,21750,73650,36450,37200,71400,22400,49000,153000,48000,105000,24800,
94,19,518690,278090,91205,186885,89240,21705,67535,32550,21750,10800,63900,21750,42150,92400,26000,66400,222000,72000,150000,18600,
94,20,420700,225100,96650,128450,51000,18000,33000,65100,32550,32550,34800,8700,26100,74200,37400,36800,177000,72000,105000,18600,
94,21,368850,252050,96650,155400,58300,21000,37300,32550,13050,19500,73800,40200,33600,87400,22400,65000,92000,32000,60000,24800,
94,22,361950,234350,106550,127800,39000,24000,15000,54000,17100,36900,85350,43050,42300,56000,22400,33600,109000,64000,45000,18600,
94,23,492300,315500,137750,177750,85800,31300,54500,47250,32550,14700,90450,39900,50550,92000,34000,58000,152000,32000,120000,24800,
94,24,476770,312970,131300,181670,70770,31300,39470,37350,21750,15600,78450,40650,37800,126400,37600,88800,139000,64000,75000,24800,
94,25,449300,248500,115700,132800,36000,18000,18000,63000,19500,43500,104700,55800,48900,44800,22400,22400,176000,56000,120000,24800,
94,26,513085,318485,129835,188650,92435,27235,65200,49200,25950,23250,76650,43050,33600,100200,33600,66600,176000,56000,120000,18600,
94,27,403450,262650,117800,144850,57000,24000,33000,64500,22350,42150,84750,40650,44100,56400,30800,25600,116000,56000,60000,24800,
94,28,396050,256250,112950,143300,52300,15000,37300,47400,23550,23850,70350,40800,29550,86200,33600,52600,115000,40000,75000,24800,
94,29,388850,269250,116700,152550,61300,21000,40300,31800,12750,19050,91350,57750,33600,84800,25200,59600,101000,56000,45000,18600,
94,30,498750,268750,117150,151600,55300,27000,28300,47700,21750,25950,97350,43200,54150,68400,25200,43200,199000,64000,135000,31000,
95,0,234035,129635,59350,70285,30235,12000,18235,23850,10800,13050,38550,19350,19200,37000,17200,19800,92000,32000,60000,12400,
95,1,515190,306390,134250,172140,72940,27000,45940,47250,16950,30300,96600,54300,42300,89600,36000,53600,184000,64000,120000,24800,
95,2,515135,306335,129835,176500,68835,27235,41600,49500,16950,32550,96600,52050,44550,91400,33600,57800,184000,64000,120000,24800,
95,3,516685,307885,132085,175800,67535,27235,40300,49500,16950,32550,100650,54300,46350,90200,33600,56600,184000,64000,120000,24800,
95,4,511655,302855,132085,170770,69705,27235,42470,48150,16950,31200,99000,54300,44700,86000,33600,52400,184000,64000,120000,24800,
95,5,518250,309450,132650,176800,72500,27000,45500,49500,16950,32550,96450,51900,44550,91000,36800,54200,184000,64000,120000,24800,
95,6,323050,189450,85700,103750,42000,18000,24000,34650,15150,19500,62400,30150,32250,50400,22400,28000,115000,40000,75000,18600,
95,7,237300,132900,60650,72250,30000,12000,18000,23850,10800,13050,45450,23850,21600,33600,14000,19600,92000,32000,60000,12400,
95,8,509575,300775,129835,170940,73175,27235,45940,51900,21600,30300,89700,47400,42300,86000,33600,52400,184000,64000,120000,24800,
95,9,519100,310300,132650,177650,69900,27000,42900,47250,16950,30300,99150,51900,47250,94000,36800,57200,184000,64000,120000,24800,
95,10,518250,309450,131850,177600,67300,27000,40300,56400,23850,32550,95550,47400,48150,90200,33600,56600,184000,64000,120000,24800,
95,11,516835,308035,129835,178200,71435,27235,44200,49500,16950,32550,99300,52050,47250,87800,33600,54200,184000,64000,120000,24800,
95,12,515250,306450,132650,173800,66000,27000,39000,51900,21600,30300,94350,47250,47100,94200,36800,57400,184000,64000,120000,24800,
95,13,321000,187400,83650,103750,42000,18000,24000,30000,12900,17100,64800,30150,34650,50600,22600,28000,115000,40000,75000,18600,
95,14,237300,132900,60650,72250,30000,12000,18000,23850,10800,13050,45450,23850,21600,33600,14000,19600,92000,32000,60000,12400,
95,15,514250,305450,131850,173600,67300,27000,40300,55050,23850,31200,92100,47400,44700,91000,33600,57400,184000,64000,120000,24800,
95,16,514320,305520,133050,172470,69470,27000,42470,54150,23850,30300,89700,47400,42300,92200,34800,57400,184000,64000,120000,24800,
95,17,516535,307735,129835,177900,67535,27235,40300,49500,16950,32550,99300,52050,47250,91400,33600,57800,184000,64000,120000,24800,
95,18,518450,309650,131850,177800,69900,27000,42900,56400,23850,32550,91950,47400,44550,91400,33600,57800,184000,64000,120000,24800,
95,19,513350,304550,131850,172700,67300,27000,40300,54150,23850,30300,92100,47400,44700,91000,33600,57400,184000,64000,120000,24800,
95,20,323050,189450,85700,103750,42000,18000,24000,34650,15150,19500,62400,30150,32250,50400,22400,28000,115000,40000,75000,18600,
95,21,237300,132900,60650,72250,30000,12000,18000,23850,10800,13050,45450,23850,21600,33600,14000,19600,92000,32000,60000,12400,
95,22,511635,302835,129835,173000,66235,27235,39000,51900,21600,30300,92100,47400,44700,92600,33600,59000,184000,64000,120000,24800,
95,23,517350,308550,131850,176700,71200,27000,44200,56400,23850,32550,91950,47400,44550,89000,33600,55400,184000,64000,120000,24800,
95,24,513520,304720,131850,172870,69470,27000,42470,54150,23850,30300,89700,47400,42300,91400,33600,57800,184000,64000,120000,24800,
95,25,519500,310700,131850,178850,73800,27000,46800,54150,23850,30300,91950,47400,44550,90800,33600,57200,184000,64000,120000,24800,
95,26,512340,303540,132600,170940,72940,27000,45940,51900,21600,30300,89700,47400,42300,89000,36600,52400,184000,64000,120000,24800,
95,27,323050,189450,85700,103750,42000,18000,24000,34650,15150,19500,62400,30150,32250,50400,22400,28000,115000,40000,75000,18600,
95,28,237300,132900,60650,72250,30000,12000,18000,23850,10800,13050,45450,23850,21600,33600,14000,19600,92000,32000,60000,12400,
95,29,513250,304450,131850,172600,66000,27000,39000,50400,19200,31200,97050,52050,45000,91000,33600,57400,184000,64000,120000,24800,
95,30,514850,306050,131850,174200,71200,27000,44200,54150,23850,30300,89700,47400,42300,91000,33600,57400,184000,64000,120000,24800,
96,0,371985,230385,83450,146935,54235,24000,30235,50700,19500,31200,72450,25950,46500,53000,14000,39000,123000,48000,75000,18600,
96,1,446720,275120,127310,147810,74820,37410,37410,29400,16800,12600,73500,35700,37800,97400,37400,60000,153000,48000,105000,18600,
96,2,455350,265950,124250,141700,45000,24000,21000,41100,19500,21600,95250,58350,36900,84600,22400,62200,177000,72000,105000,12400,
96,3,386320,273720,106600,167120,66470,27000,39470,36300,13050,23250,80550,38550,42000,90400,28000,62400,94000,64000,30000,18600,
96,4,404190,279390,126910,152480,91590,41710,49880,37800,18900,18900,67200,31500,35700,82800,34800,48000,100000,40000,60000,24800,
96,5,485775,283175,128125,155050,93525,31175,62350,46200,18900,27300,56850,31650,25200,86600,46400,40200,184000,64000,120000,18600,
96,6,454650,276850,139540,137310,62350,24940,37410,44100,23100,21000,75600,48300,27300,94800,43200,51600,153000,48000,105000,24800,
96,7,379785,277985,107285,170700,66235,24235,42000,37200,14700,22500,85350,48750,36600,89200,19600,69600,77000,32000,45000,24800,
96,8,484300,283700,135900,147800,84000,30000,54000,54300,26100,28200,92400,45000,47400,53000,34800,18200,182000,32000,150000,18600,
96,9,501750,284150,135800,148350,49300,18000,31300,52050,21600,30450,97200,62400,34800,85600,33800,51800,199000,64000,135000,18600,
96,10,531400,292600,144050,148550,75000,30000,45000,54300,21750,32550,80100,51900,28200,83200,40400,42800,214000,64000,150000,24800,
96,11,410150,270350,102350,168000,69500,18000,51500,43050,23850,19200,86400,29700,56700,71400,30800,40600,115000,40000,75000,24800,
96,12,531300,292500,156350,136150,57000,27000,30000,49950,19500,30450,129150,73050,56100,56400,36800,19600,214000,64000,150000,24800,
96,13,449135,270535,109250,161285,54235,18000,36235,53850,19500,34350,68250,40950,27300,94200,30800,63400,160000,40000,120000,18600,
96,14,413250,256650,109000,147650,75500,27000,48500,39150,13050,26100,68400,49350,19050,73600,19600,54000,138000,48000,90000,18600,
96,15,489550,308150,127100,181050,63000,27000,36000,49950,15150,34800,115200,54150,61050,80000,30800,49200,169000,64000,105000,12400,
96,16,460150,257550,110400,147150,67300,27000,40300,46500,21750,24750,67350,30450,36900,76400,31200,45200,184000,64000,120000,18600,
96,17,460300,251500,90450,161050,53600,21000,32600,72450,32550,39900,59850,2100,57750,65600,34800,30800,184000,64000,120000,24800,
96,18,561655,290055,138405,151650,51705,21705,30000,39000,19500,19500,108750,52200,56550,90600,45000,45600,253000,88000,165000,18600,
96,19,428320,270720,113650,157070,60470,21000,39470,41100,19500,21600,85950,45150,40800,83200,28000,55200,139000,64000,75000,18600,
96,20,429635,266835,119900,146935,52535,24000,28535,56100,30150,25950,63600,31950,31650,94600,33800,60800,138000,48000,90000,24800,
96,21,438985,266385,110300,156085,60235,21000,39235,25950,15150,10800,111600,60150,51450,68600,14000,54600,154000,64000,90000,18600,
96,22,425400,238600,113100,125500,45000,21000,24000,49950,26100,23850,90450,32400,58050,53200,33600,19600,162000,72000,90000,24800,
96,23,514550,318950,143300,175650,49300,24000,25300,54150,23700,30450,96300,54000,42300,119200,41600,77600,177000,72000,105000,18600,
96,24,393370,304970,112200,192770,78970,22300,56670,47250,18150,29100,71550,29550,42000,107200,42200,65000,76000,16000,60000,12400,
96,25,497200,271600,117500,154100,48000,15000,33000,30000,25800,4200,108600,54300,54300,85000,22400,62600,207000,72000,135000,18600,
96,26,428685,264885,102850,162035,46535,18000,28535,58500,28200,30300,74250,25650,48600,85600,31000,54600,139000,64000,75000,24800,
96,27,480900,295100,115350,179750,72900,36000,36900,40800,14850,25950,100200,47700,52500,81200,16800,64400,161000,56000,105000,24800,
96,28,492600,261000,122450,138550,63000,27000,36000,60750,28200,32550,77850,30450,47400,59400,36800,22600,213000,48000,165000,18600,
96,29,401735,245135,105200,139935,57235,33000,24235,47700,17400,30300,75000,40800,34200,65200,14000,51200,138000,48000,90000,18600,
96,30,333135,237535,98335,139200,48235,24235,24000,37950,14850,23100,61350,34050,27300,90000,25200,64800,77000,32000,45000,18600,
97,0,249545,145145,67105,78040,43645,18705,24940,18900,8400,10500,33600,16800,16800,49000,23200,25800,92000,32000,60000,12400,
97,1,523325,314525,138210,176315,93525,37410,56115,39900,16800,23100,77700,37800,39900,103400,46200,57200,184000,64000,120000,24800,
97,2,567840,342240,112555,229685,87290,18705,68585,46200,14700,31500,106350,55950,50400,102400,23200,79200,207000,72000,135000,18600,
97,3,392590,272190,130845,141345,87290,43645,43645,29400,14700,14700,73500,35700,37800,82000,36800,45200,108000,48000,60000,12400,
97,4,528660,327860,132240,195620,99760,24940,74820,48300,21000,27300,71400,39900,31500,108400,46400,62000,176000,56000,120000,24800,
97,5,440770,246970,122610,124360,74820,37410,37410,31500,12600,18900,56850,29400,27450,83800,43200,40600,169000,64000,105000,24800,
97,6,434085,278285,122805,155480,68585,18705,49880,29400,16800,12600,94500,44100,50400,85800,43200,42600,131000,56000,75000,24800,
97,7,471995,285395,120510,164885,105995,37410,68585,35700,16800,18900,77700,31500,46200,66000,34800,31200,168000,48000,120000,18600,
97,8,487400,270600,111830,158770,62350,49880,12470,33600,14700,18900,67650,29850,37800,107000,17400,89600,192000,72000,120000,24800,
97,9,442655,270855,141575,129280,81055,31175,49880,27300,12600,14700,73500,46200,27300,89000,51600,37400,147000,72000,75000,24800,
97,10,435390,265590,128310,137280,87290,37410,49880,31500,16800,14700,58800,31500,27300,88000,42600,45400,145000,40000,105000,24800,
97,11,456390,278590,135075,143515,87290,31175,56115,37800,14700,23100,81900,46200,35700,71600,43000,28600,153000,48000,105000,24800,
97,12,523325,314525,138210,176315,93525,37410,56115,39900,16800,23100,77700,37800,39900,103400,46200,57200,184000,64000,120000,24800,
97,13,332450,198850,87340,111510,62350,24940,37410,25200,10500,14700,48300,23100,25200,63000,28800,34200,115000,40000,75000,18600,
97,14,249545,145145,67105,78040,43645,18705,24940,18900,8400,10500,33600,16800,16800,49000,23200,25800,92000,32000,60000,12400,
97,15,523325,314525,138210,176315,93525,37410,56115,39900,16800,23100,77700,37800,39900,103400,46200,57200,184000,64000,120000,24800,
97,16,523325,314525,138210,176315,93525,37410,56115,39900,16800,23100,77700,37800,39900,103400,46200,57200,184000,64000,120000,24800,
97,17,523325,314525,138210,176315,93525,37410,56115,39900,16800,23100,77700,37800,39900,103400,46200,57200,184000,64000,120000,24800,
97,18,523325,314525,138210,176315,93525,37410,56115,39900,16800,23100,77700,37800,39900,103400,46200,57200,184000,64000,120000,24800,
97,19,523325,314525,138210,176315,93525,37410,56115,39900,16800,23100,77700,37800,39900,103400,46200,57200,184000,64000,120000,24800,
97,20,332450,198850,87340,111510,62350,24940,37410,25200,10500,14700,48300,23100,25200,63000,28800,34200,115000,40000,75000,18600,
97,21,249545,145145,67105,78040,43645,18705,24940,18900,8400,10500,33600,16800,16800,49000,23200,25800,92000,32000,60000,12400,
97,22,523325,314525,138210,176315,93525,37410,56115,39900,16800,23100,77700,37800,39900,103400,46200,57200,184000,64000,120000,24800,
97,23,523325,314525,138210,176315,93525,37410,56115,39900,16800,23100,77700,37800,39900,103400,46200,57200,184000,64000,120000,24800,
97,24,523325,314525,138210,176315,93525,37410,56115,39900,16800,23100,77700,37800,39900,103400,46200,57200,184000,64000,120000,24800,
97,25,523325,314525,138210,176315,93525,37410,56115,39900,16800,23100,77700,37800,39900,103400,46200,57200,184000,64000,120000,24800,
97,26,523325,314525,138210,176315,93525,37410,56115,39900,16800,23100,77700,37800,39900,103400,46200,57200,184000,64000,120000,24800,
97,27,332450,198850,87340,111510,62350,24940,37410,25200,10500,14700,48300,23100,25200,63000,28800,34200,115000,40000,75000,18600,
97,28,249545,145145,67105,78040,43645,18705,24940,18900,8400,10500,33600,16800,16800,49000,23200,25800,92000,32000,60000,12400,
97,29,523325,314525,138210,176315,93525,37410,56115,39900,16800,23100,77700,37800,39900,103400,46200,57200,184000,64000,120000,24800,
97,30,523325,314525,138210,176315,93525,37410,56115,39900,16800,23100,77700,37800,39900,103400,46200,57200,184000,64000,120000,24800,
98,0,421685,272885,107050,165835,57235,21000,36235,52200,26100,26100,76050,40350,35700,87400,19600,67800,124000,64000,60000,24800,
98,1,420700,270900,112700,158200,68600,30000,38600,52200,21750,30450,83700,46950,36750,66400,14000,52400,125000,80000,45000,24800,
98,2,464500,269700,132350,137350,63000,24000,39000,56400,32550,23850,71100,45000,26100,79200,30800,48400,170000,80000,90000,24800,
98,3,505920,273320,107000,166320,73770,24000,49770,59400,28200,31200,85350,34800,50550,54800,20000,34800,214000,64000,150000,18600,
98,4,484570,282970,107200,175770,84470,33000,51470,54300,26100,28200,63600,19500,44100,80600,28600,52000,183000,48000,135000,18600,
98,5,462500,277700,107900,169800,56600,21000,35600,36300,19500,16800,70200,36600,33600,114600,30800,83800,160000,40000,120000,24800,
98,6,332450,198850,87340,111510,62350,24940,37410,25200,10500,14700,48300,23100,25200,63000,28800,34200,115000,40000,75000,18600,
98,7,249545,145145,67105,78040,43645,18705,24940,18900,8400,10500,33600,16800,16800,49000,23200,25800,92000,32000,60000,12400,
98,8,523325,314525,138210,176315,93525,37410,56115,39900,16800,23100,77700,37800,39900,103400,46200,57200,184000,64000,120000,24800,
98,9,523325,314525,138210,176315,93525,37410,56115,39900,16800,23100,77700,37800,39900,103400,46200,57200,184000,64000,120000,24800,
98,10,523325,314525,138210,176315,93525,37410,56115,39900,16800,23100,77700,37800,39900,103400,46200,57200,184000,64000,120000,24800,
98,11,523325,314525,138210,176315,93525,37410,56115,39900,16800,23100,77700,37800,39900,103400,46200,57200,184000,64000,120000,24800,
98,12,523325,314525,138210,176315,93525,37410,56115,39900,16800,23100,77700,37800,39900,103400,46200,57200,184000,64000,120000,24800,
98,13,332450,198850,87340,111510,62350,24940,37410,25200,10500,14700,48300,23100,25200,63000,28800,34200,115000,40000,75000,18600,
98,14,249545,145145,67105,78040,43645,18705,24940,18900,8400,10500,33600,16800,16800,49000,23200,25800,92000,32000,60000,12400,
98,15,523325,314525,138210,176315,93525,37410,56115,39900,16800,23100,77700,37800,39900,103400,46200,57200,184000,64000,120000,24800,
98,16,523325,314525,138210,176315,93525,37410,56115,39900,16800,23100,77700,37800,39900,103400,46200,57200,184000,64000,120000,24800,
98,17,523325,314525,138210,176315,93525,37410,56115,39900,16800,23100,77700,37800,39900,103400,46200,57200,184000,64000,120000,24800,
98,18,523325,314525,138210,176315,93525,37410,56115,39900,16800,23100,77700,37800,39900,103400,46200,57200,184000,64000,120000,24800,
98,19,523325,314525,138210,176315,93525,37410,56115,39900,16800,23100,77700,37800,39900,103400,46200,57200,184000,64000,120000,24800,
98,20,332450,198850,87340,111510,62350,24940,37410,25200,10500,14700,48300,23100,25200,63000,28800,34200,115000,40000,75000,18600,
98,21,249545,145145,67105,78040,43645,18705,24940,18900,8400,10500,33600,16800,16800,49000,23200,25800,92000,32000,60000,12400,
98,22,523325,314525,138210,176315,93525,37410,56115,39900,16800,23100,77700,37800,39900,103400,46200,57200,184000,64000,120000,24800,
98,23,523325,314525,138210,176315,93525,37410,56115,39900,16800,23100,77700,37800,39900,103400,46200,57200,184000,64000,120000,24800,
98,24,523325,314525,138210,176315,93525,37410,56115,39900,16800,23100,77700,37800,39900,103400,46200,57200,184000,64000,120000,24800,
98,25,523325,314525,138210,176315,93525,37410,56115,39900,16800,23100,77700,37800,39900,103400,46200,57200,184000,64000,120000,24800,
98,26,523325,314525,138210,176315,93525,37410,56115,39900,16800,23100,77700,37800,39900,103400,46200,57200,184000,64000,120000,24800,
98,27,332450,198850,87340,111510,62350,24940,37410,25200,10500,14700,48300,23100,25200,63000,28800,34200,115000,40000,75000,18600,
98,28,249545,145145,67105,78040,43645,18705,24940,18900,8400,10500,33600,16800,16800,49000,23200,25800,92000,32000,60000,12400,
98,29,523325,314525,138210,176315,93525,37410,56115,39900,16800,23100,77700,37800,39900,103400,46200,57200,184000,64000,120000,24800,
98,30,523325,314525,138210,176315,93525,37410,56115,39900,16800,23100,77700,37800,39900,103400,46200,57200,184000,64000,120000,24800,
99,0,431000,269200,112800,156400,46300,15000,31300,28050,15150,12900,84450,49050,35400,110400,33600,76800,137000,32000,105000,24800,
99,1,515190,306390,134250,172140,72940,27000,45940,47250,16950,30300,96600,54300,42300,89600,36000,53600,184000,64000,120000,24800,
99,2,515135,306335,129835,176500,68835,27235,41600,49500,16950,32550,96600,52050,44550,91400,33600,57800,184000,64000,120000,24800,
99,3,516685,307885,132085,175800,67535,27235,40300,49500,16950,32550,100650,54300,46350,90200,33600,56600,184000,64000,120000,24800,
99,4,511655,302855,132085,170770,69705,27235,42470,48150,16950,31200,99000,54300,44700,86000,33600,52400,184000,64000,120000,24800,
99,5,518250,309450,132650,176800,72500,27000,45500,49500,16950,32550,96450,51900,44550,91000,36800,54200,184000,64000,120000,24800,
99,6,323050,189450,85700,103750,42000,18000,24000,34650,15150,19500,62400,30150,32250,50400,22400,28000,115000,40000,75000,18600,
99,7,237300,132900,60650,72250,30000,12000,18000,23850,10800,13050,45450,23850,21600,33600,14000,19600,92000,32000,60000,12400,
99,8,509575,300775,129835,170940,73175,27235,45940,51900,21600,30300,89700,47400,42300,86000,33600,52400,184000,64000,120000,24800,
99,9,519100,310300,132650,177650,69900,27000,42900,47250,16950,30300,99150,51900,47250,94000,36800,57200,184000,64000,120000,24800,
99,10,518250,309450,131850,177600,67300,27000,40300,56400,23850,32550,95550,47400,48150,90200,33600,56600,184000,64000,120000,24800,
99,11,516835,308035,129835,178200,71435,27235,44200,49500,16950,32550,99300,52050,47250,87800,33600,54200,184000,64000,120000,24800,
99,12,515250,306450,132650,173800,66000,27000,39000,51900,21600,30300,94350,47250,47100,94200,36800,57400,184000,64000,120000,24800,
99,13,321000,187400,83650,103750,42000,18000,24000,30000,12900,17100,64800,30150,34650,50600,22600,28000,115000,40000,75000,18600,
99,14,237300,132900,60650,72250,30000,12000,18000,23850,10800,13050,45450,23850,21600,33600,14000,19600,92000,32000,60000,12400,
99,15,514250,305450,131850,173600,67300,27000,40300,55050,23850,31200,92100,47400,44700,91000,33600,57400,184000,64000,120000,24800,
99,16,514320,305520,133050,172470,69470,27000,42470,54150,23850,30300,89700,47400,42300,92200,34800,57400,184000,64000,120000,24800,
99,17,516535,307735,129835,177900,67535,27235,40300,49500,16950,32550,99300,52050,47250,91400,33600,57800,184000,64000,120000,24800,
99,18,518450,309650,131850,177800,69900,27000,42900,56400,23850,32550,91950,47400,44550,91400,33600,57800,184000,64000,120000,24800,
99,19,513350,304550,131850,172700,67300,27000,40300,54150,23850,30300,92100,47400,44700,91000,33600,57400,184000,64000,120000,24800,
99,20,323050,189450,85700,103750,42000,18000,24000,34650,15150,19500,62400,30150,32250,50400,22400,28000,115000,40000,75000,18600,
99,21,237300,132900,60650,72250,30000,12000,18000,23850,10800,13050,45450,23850,21600,33600,14000,19600,92000,32000,60000,12400,
99,22,511635,302835,129835,173000,66235,27235,39000,51900,21600,30300,92100,47400,44700,92600,33600,59000,184000,64000,120000,24800,
99,23,517350,308550,131850,176700,71200,27000,44200,56400,23850,32550,91950,47400,44550,89000,33600,55400,184000,64000,120000,24800,
99,24,513520,304720,131850,172870,69470,27000,42470,54150,23850,30300,89700,47400,42300,91400,33600,57800,184000,64000,120000,24800,
99,25,519500,310700,131850,178850,73800,27000,46800,54150,23850,30300,91950,47400,44550,90800,33600,57200,184000,64000,120000,24800,
99,26,512340,303540,132600,170940,72940,27000,45940,51900,21600,30300,89700,47400,42300,89000,36600,52400,184000,64000,120000,24800,
99,27,323050,189450,85700,103750,42000,18000,24000,34650,15150,19500,62400,30150,32250,50400,22400,28000,115000,40000,75000,18600,
99,28,237300,132900,60650,72250,30000,12000,18000,23850,10800,13050,45450,23850,21600,33600,14000,19600,92000,32000,60000,12400,
99,29,513250,304450,131850,172600,66000,27000,39000,50400,19200,31200,97050,52050,45000,91000,33600,57400,184000,64000,120000,24800,
99,30,514850,306050,131850,174200,71200,27000,44200,54150,23850,30300,89700,47400,42300,91000,33600,57400,184000,64000,120000,24800,
