Population,Day,objective,district task cost,district task cost collecting,district task cost sending,district 1 cost,d1 cost collecting,d1 cost sending,district 2 cost,d2 cost collecting,d2 cost sending,district 3 cost,d3 cost collecting,d3 cost sending,district 4 cost,d4 cost collecting,d4 cost sending,transfer taks cost,transshipment center 1 cost,transshipment center 2 cost,major customer task cost,
0,0,516100,323300,125600,197700,59200,21000,38200,59700,30300,29400,80400,40500,39900,124000,33800,90200,168000,48000,120000,24800,
0,1,421685,250085,108600,141485,66235,27000,39235,25800,8550,17250,76050,30450,45600,82000,42600,39400,153000,48000,105000,18600,
0,2,499200,311600,127350,184250,70300,33000,37300,59400,23850,35550,95700,45300,50400,86200,25200,61000,169000,64000,105000,18600,
0,3,453000,281400,122650,158750,55300,30000,25300,49800,23850,25950,95700,49200,46500,80600,19600,61000,153000,48000,105000,18600,
0,4,400650,238850,109750,129100,58300,21000,37300,52350,16950,35400,62400,40800,21600,65800,31000,34800,137000,32000,105000,24800,
0,5,448785,276185,120500,155685,45235,27000,18235,47700,23850,23850,90450,30450,60000,92800,39200,53600,154000,64000,90000,18600,
0,6,351800,212000,102750,109250,57000,24000,33000,43500,21750,21750,55500,23400,32100,56000,33600,22400,115000,40000,75000,24800,
0,7,458625,304625,137545,167080,93525,43645,49880,37800,21000,16800,86100,35700,50400,87200,37200,50000,123000,48000,75000,31000,
0,8,565345,308745,158280,150465,105995,49880,56115,31500,14700,16800,95850,53100,42750,75400,40600,34800,238000,88000,150000,18600,
0,9,428490,254890,107475,147415,87290,31175,56115,31500,12600,18900,61500,40500,21000,74600,23200,51400,155000,80000,75000,18600,
0,10,421055,267255,99040,168215,89655,24940,64715,33600,21000,12600,71400,27300,44100,72600,25800,46800,129000,24000,105000,24800,
0,11,419360,270560,101010,169550,99760,37410,62350,42000,21000,21000,58800,16800,42000,70000,25800,44200,124000,64000,60000,24800,
0,12,482495,294895,135845,159050,105995,43645,62350,23100,6300,16800,71400,39900,31500,94400,46000,48400,169000,64000,105000,18600,
0,13,448785,278985,134345,144640,68585,43645,24940,37800,21000,16800,67200,35700,31500,105400,34000,71400,145000,40000,105000,24800,
0,14,482955,297155,117775,179380,81055,31175,49880,37800,16800,21000,60900,29400,31500,117400,40400,77000,161000,56000,105000,24800,
0,15,452815,268015,115305,152710,56115,18705,37410,33600,16800,16800,69300,33600,35700,109000,46200,62800,160000,40000,120000,24800,
0,16,490025,294425,152845,141580,93525,43645,49880,29400,16800,12600,65100,37800,27300,106400,54600,51800,177000,72000,105000,18600,
0,17,521810,314010,124490,189520,99760,24940,74820,29400,14700,14700,69450,44250,25200,115400,40600,74800,183000,48000,135000,24800,
0,18,440385,276585,127110,149475,68585,37410,31175,35700,16800,18900,77700,27300,50400,94600,45600,49000,139000,64000,75000,24800,
0,19,493820,270020,122110,147910,74820,37410,37410,35700,14700,21000,78300,46800,31500,81200,23200,58000,199000,64000,135000,24800,
0,20,509970,285170,126825,158345,74820,31175,43645,29400,12600,16800,82350,42450,39900,98600,40600,58000,200000,80000,120000,24800,
0,21,470590,274990,110310,164680,87290,37410,49880,33600,14700,18900,59100,23400,35700,95000,34800,60200,177000,72000,105000,18600,
0,22,400620,232620,112775,119845,74820,31175,43645,29400,18900,10500,54600,23100,31500,73800,39600,34200,137000,32000,105000,31000,
0,23,458675,294075,110725,183350,93525,31175,62350,25200,8400,16800,79950,42150,37800,95400,29000,66400,146000,56000,90000,18600,
0,24,466625,307225,115010,192215,93525,37410,56115,39900,18900,21000,78000,29700,48300,95800,29000,66800,147000,72000,75000,12400,
0,25,435390,264590,110310,154280,87290,37410,49880,33600,12600,21000,69300,23100,46200,74400,37200,37200,146000,56000,90000,24800,
0,26,489840,274040,144245,129795,87290,43645,43645,25200,12600,12600,86550,42000,44550,75000,46000,29000,191000,56000,135000,24800,
0,27,408390,259790,120345,139445,87290,43645,43645,27300,10500,16800,54600,29400,25200,90600,36800,53800,130000,40000,90000,18600,
0,28,454770,246970,107690,139280,74820,24940,49880,23100,10500,12600,48450,31650,16800,100600,40600,60000,183000,48000,135000,24800,
0,29,404360,255760,112645,143115,99760,43645,56115,23100,12600,10500,65100,25200,39900,67800,31200,36600,130000,40000,90000,18600,
0,30,562370,304770,127790,176980,74820,24940,49880,44100,18900,25200,81450,43350,38100,104400,40600,63800,239000,104000,135000,18600,
1,0,348615,223015,80405,142610,56115,18705,37410,31500,14700,16800,71400,21000,50400,64000,26000,38000,107000,32000,75000,18600,
1,1,505285,273485,127850,145635,39235,15000,24235,49650,21450,28200,97800,52200,45600,86800,39200,47600,207000,72000,135000,24800,
1,2,380500,245900,88150,157750,69900,21000,48900,45000,21750,23250,55200,25800,29400,75800,19600,56200,116000,56000,60000,18600,
1,3,471140,268540,105820,162720,63940,18470,45470,54300,13050,41250,71700,26100,45600,78600,48200,30400,184000,64000,120000,18600,
1,4,406050,233450,97700,135750,51000,21000,30000,45600,17400,28200,77850,36900,40950,59000,22400,36600,154000,64000,90000,18600,
1,5,522750,299750,123600,176150,69900,18000,51900,65100,25950,39150,72750,43050,29700,92000,36600,55400,192000,72000,120000,31000,
1,6,492850,274250,126700,147550,54000,33000,21000,41250,19500,21750,73800,28200,45600,105200,46000,59200,200000,80000,120000,18600,
1,7,486385,268785,102750,166035,57235,24000,33235,47700,28200,19500,83850,21750,62100,80000,28800,51200,199000,64000,135000,18600,
1,8,480250,315650,137600,178050,58300,27000,31300,42150,19050,23100,102000,57750,44250,113200,33800,79400,146000,56000,90000,18600,
1,9,374135,260735,111450,149285,57235,24000,33235,50100,21750,28350,67800,32100,35700,85600,33600,52000,101000,56000,45000,12400,
1,10,479200,261600,117950,143650,60000,24000,36000,52950,23850,29100,86850,47700,39150,61800,22400,39400,199000,64000,135000,18600,
1,11,374950,203350,75850,127500,45000,18000,27000,36900,10800,26100,64650,23850,40800,56800,23200,33600,153000,48000,105000,18600,
1,12,436850,266050,117500,148550,58300,18000,40300,50850,21750,29100,93900,46950,46950,63000,30800,32200,146000,56000,90000,24800,
1,13,481450,257650,100800,156850,60000,21000,39000,56550,26100,30450,71700,36900,34800,69400,16800,52600,199000,64000,135000,24800,
1,14,496700,273900,120850,153050,58300,30000,28300,52950,23850,29100,88650,39000,49650,74000,28000,46000,198000,48000,150000,24800,
1,15,546550,291750,134600,157150,48000,27000,21000,42000,12900,29100,108750,60900,47850,93000,33800,59200,230000,80000,150000,24800,
1,16,395585,216785,83235,133550,36235,15235,21000,48600,19500,29100,60750,26100,34650,71200,22400,48800,154000,64000,90000,24800,
1,17,492800,261000,119350,141650,51000,33000,18000,45450,12900,32550,99750,47850,51900,64800,25600,39200,207000,72000,135000,24800,
1,18,466000,256400,132500,123900,42000,24000,18000,60450,28200,32250,94950,49500,45450,59000,30800,28200,191000,56000,135000,18600,
1,19,537035,299235,136550,162685,54235,21000,33235,60600,25800,34800,94800,47550,47250,89600,42200,47400,213000,48000,165000,24800,
1,20,463800,293200,117400,175800,74200,27000,47200,49500,26100,23400,82500,36300,46200,87000,28000,59000,152000,32000,120000,18600,
1,21,399000,243200,116150,127050,62600,37300,25300,19500,6450,13050,84300,34800,49500,76800,37600,39200,131000,56000,75000,24800,
1,22,403350,239550,97600,141950,46300,24000,22300,52950,23850,29100,72900,30150,42750,67400,19600,47800,139000,64000,75000,24800,
1,23,537205,335405,158750,176655,72305,35600,36705,45600,13050,32550,86700,40500,46200,130800,69600,61200,177000,72000,105000,24800,
1,24,428650,234050,104450,129600,57000,24000,33000,45300,15150,30150,78150,36900,41250,53600,28400,25200,176000,56000,120000,18600,
1,25,428650,249850,136250,113600,57000,21000,36000,50850,29100,21750,85800,55350,30450,56200,30800,25400,154000,64000,90000,24800,
1,26,507850,320050,148850,171200,60900,27900,33000,43350,21750,21600,100800,51600,49200,115000,47600,67400,163000,88000,75000,24800,
1,27,480350,280550,131550,149000,43300,19300,24000,62850,30300,32550,90000,42750,47250,84400,39200,45200,175000,40000,135000,24800,
1,28,410050,254450,103150,151300,73300,36000,37300,52650,30150,22500,57300,17400,39900,71200,19600,51600,137000,32000,105000,18600,
1,29,474700,255100,120200,134900,48000,18000,30000,45600,19500,26100,93300,36900,56400,68200,45800,22400,201000,96000,105000,18600,
1,30,542185,292585,136850,155735,72235,33000,39235,28050,17250,10800,106500,52200,54300,85800,34400,51400,231000,96000,135000,18600,
2,0,564635,316835,137900,178935,60235,24000,36235,62850,23850,39000,99150,47850,51300,94600,42200,52400,223000,88000,135000,24800,
2,1,415700,290900,140500,150400,60900,24000,36900,43200,15600,27600,92400,44100,48300,94400,56800,37600,100000,40000,60000,24800,
2,2,502620,277020,106185,170835,58770,27235,31535,60750,17400,43350,57900,15150,42750,99600,46400,53200,207000,72000,135000,18600,
2,3,454270,321470,140000,181470,66070,28300,37770,51450,26250,25200,84150,40050,44100,119800,45400,74400,108000,48000,60000,24800,
2,4,477885,306285,150100,156185,66235,24000,42235,44250,29100,15150,102000,55200,46800,93800,41800,52000,153000,48000,105000,18600,
2,5,394300,216500,93600,122900,69000,27000,42000,69450,30300,39150,47250,19500,27750,30800,16800,14000,153000,48000,105000,24800,
2,6,494750,315150,160250,154900,62600,22300,40300,58650,19500,39150,78300,46650,31650,115600,71800,43800,161000,56000,105000,18600,
2,7,416870,290270,119300,170970,60470,18000,42470,42300,21300,21000,89100,57600,31500,98400,22400,76000,108000,48000,60000,18600,
2,8,423550,227950,95600,132350,54000,24000,30000,52050,13050,39000,65100,32550,32550,56800,26000,30800,177000,72000,105000,18600,
2,9,405100,249500,91250,158250,52300,15000,37300,32100,17400,14700,72300,36450,35850,92800,22400,70400,137000,32000,105000,18600,
2,10,457600,263800,110000,153800,57000,27000,30000,49950,21750,28200,82050,30450,51600,74800,30800,44000,169000,64000,105000,24800,
2,11,483285,289485,127085,162400,72235,30235,42000,61650,28200,33450,94200,32250,61950,61400,36400,25000,169000,64000,105000,24800,
2,12,464085,292285,116850,175435,98835,27000,71835,60900,32550,28350,51150,32100,19050,81400,25200,56200,147000,72000,75000,24800,
2,13,419150,270350,110600,159750,63000,21000,42000,49650,28200,21450,50700,27600,23100,107000,33800,73200,124000,64000,60000,24800,
2,14,429585,218985,106350,112635,36235,24000,12235,34800,13050,21750,56550,26100,30450,91400,43200,48200,192000,72000,120000,18600,
2,15,410900,238100,123500,114600,48000,30000,18000,28200,17400,10800,105900,45300,60600,56000,30800,25200,148000,88000,60000,24800,
2,16,506600,297800,115700,182100,83200,36000,47200,54300,19500,34800,83100,34800,48300,77200,25400,51800,184000,64000,120000,24800,
2,17,396750,256150,114300,141850,43300,27000,16300,49800,23850,25950,103650,55050,48600,59400,8400,51000,122000,32000,90000,18600,
2,18,463450,282850,143150,139700,55300,28300,27000,52950,20400,32550,107400,58050,49350,67200,36400,30800,162000,72000,90000,18600,
2,19,495950,324150,128350,195800,62600,21000,41600,48300,17400,30900,101850,61950,39900,111400,28000,83400,147000,72000,75000,24800,
2,20,464720,254120,107720,146400,49770,15470,34300,23850,8700,15150,106500,49950,56550,74000,33600,40400,192000,72000,120000,18600,
2,21,522190,297390,109370,188020,57940,18470,39470,52050,23850,28200,76800,30450,46350,110600,36600,74000,200000,80000,120000,24800,
2,22,497100,285500,123700,161800,68600,24000,44600,60900,26100,34800,84600,45600,39000,71400,28000,43400,193000,88000,105000,18600,
2,23,421685,287885,104685,183200,53835,18235,35600,42750,17250,25500,93900,46800,47100,97400,22400,75000,109000,64000,45000,24800,
2,24,472885,286085,101600,184485,63235,27000,36235,51150,17400,33750,95700,43200,52500,76000,14000,62000,162000,72000,90000,24800,
2,25,458770,280970,127400,153570,64770,30000,34770,54150,23850,30300,82650,59550,23100,79400,14000,65400,153000,48000,105000,24800,
2,26,461970,298170,117700,180470,52770,21000,31770,46950,21750,25200,95250,46950,48300,103200,28000,75200,139000,64000,75000,24800,
2,27,447200,259600,99850,159750,73300,27000,46300,43350,19500,23850,81750,21750,60000,61200,31600,29600,169000,64000,105000,18600,
2,28,497350,269750,128500,141250,24000,18000,6000,54300,26100,28200,104250,56400,47850,87200,28000,59200,209000,104000,105000,18600,
2,29,486020,298420,134650,163770,79770,30000,49770,58650,21750,36900,102600,45300,57300,57400,37600,19800,169000,64000,105000,18600,
2,30,478250,277450,116850,160600,76300,24000,52300,54300,19500,34800,55650,36750,18900,91200,36600,54600,176000,56000,120000,24800,
3,0,421685,272885,107050,165835,57235,21000,36235,52200,26100,26100,76050,40350,35700,87400,19600,67800,124000,64000,60000,24800,
3,1,472600,264800,113600,151200,48000,18000,30000,45600,21750,23850,103200,43050,60150,68000,30800,37200,183000,48000,135000,24800,
3,2,431870,274270,116500,157770,54470,21000,33470,47700,17250,30450,95700,47250,48450,76400,31000,45400,139000,64000,75000,18600,
3,3,396300,248500,101500,147000,55300,24000,31300,47100,17100,30000,68100,40800,27300,78000,19600,58400,123000,48000,75000,24800,
3,4,521150,304350,127200,177150,44600,18000,26600,52050,21600,30450,111300,54000,57300,96400,33600,62800,192000,72000,120000,24800,
3,5,403300,247500,134850,112650,41600,35600,6000,54300,19500,34800,74400,36150,38250,77200,43600,33600,131000,56000,75000,24800,
3,6,473150,295350,127350,168000,77200,18000,59200,43050,15150,27900,92100,57600,34500,83000,36600,46400,153000,48000,105000,24800,
3,7,429670,264070,98900,165170,60470,24000,36470,56400,28200,28200,48600,6300,42300,98600,40400,58200,147000,72000,75000,18600,
3,8,447935,261335,123700,137635,27235,12000,15235,49950,26100,23850,85950,40800,45150,98200,44800,53400,168000,48000,120000,18600,
3,9,510350,284750,129800,154950,79300,21000,58300,37800,17400,20400,108450,60600,47850,59200,30800,28400,207000,72000,135000,18600,
3,10,473800,333000,139500,193500,62200,24000,38200,47100,26100,21000,96900,48600,48300,126800,40800,86000,116000,56000,60000,24800,
3,11,516200,299400,153900,145500,60000,27000,33000,68100,34650,33450,102900,57450,45450,68400,34800,33600,192000,72000,120000,24800,
3,12,528655,296855,127250,169605,69705,27000,42705,67350,23850,43500,88200,54000,34200,71600,22400,49200,207000,72000,135000,24800,
3,13,390600,257000,101600,155400,61300,15000,46300,38250,21750,16500,76050,42450,33600,81400,22400,59000,115000,40000,75000,18600,
3,14,463035,260435,115600,144835,60235,33000,27235,61650,23850,37800,67350,39150,28200,71200,19600,51600,184000,64000,120000,18600,
3,15,409335,263335,136500,126835,61535,34300,27235,30600,10200,20400,67800,33600,34200,103400,58400,45000,115000,40000,75000,31000,
3,16,492700,275900,111250,164650,69000,30000,39000,32400,19500,12900,93300,39150,54150,81200,22600,58600,192000,72000,120000,24800,
3,17,438420,262620,86700,175920,64370,12000,52370,42900,21750,21150,76950,27750,49200,78400,25200,53200,151000,16000,135000,24800,
3,18,413350,248750,120650,128100,57000,21000,36000,34650,17250,17400,101100,51600,49500,56000,30800,25200,146000,56000,90000,18600,
3,19,429235,265635,121900,143735,57235,24000,33235,49950,19500,30450,91650,40800,50850,66800,37600,29200,145000,40000,105000,18600,
3,20,409635,255035,89100,165935,71835,27000,44835,38250,19350,18900,67950,25950,42000,77000,16800,60200,136000,16000,120000,18600,
3,21,467750,295150,114300,180850,62600,18000,44600,51450,30300,21150,76500,40800,35700,104600,25200,79400,154000,64000,90000,18600,
3,22,486900,299300,132500,166800,40300,15000,25300,50700,17250,33450,89700,58050,31650,118600,42200,76400,169000,64000,105000,18600,
3,23,519350,285750,131450,154300,72000,33000,39000,69600,34800,34800,86550,49650,36900,57600,14000,43600,215000,80000,135000,18600,
3,24,555900,279100,139650,139450,63000,36000,27000,69450,28200,41250,69450,41250,28200,77200,34200,43000,252000,72000,180000,24800,
3,25,384950,222950,113800,109150,57000,30000,27000,56400,28200,28200,61950,27600,34350,47600,28000,19600,131000,56000,75000,31000,
3,26,498100,280500,113100,167400,65600,24000,41600,45600,26100,19500,86700,34800,51900,82600,28200,54400,199000,64000,135000,18600,
3,27,402935,266535,122050,144485,66235,21000,45235,55950,28200,27750,72750,36450,36300,71600,36400,35200,124000,64000,60000,12400,
3,28,476450,288050,117400,170650,57000,18000,39000,41250,23850,17400,98400,47550,50850,91400,28000,63400,176000,56000,120000,12400,
3,29,520250,270650,147650,123000,33000,30000,3000,45600,28200,17400,121650,58650,63000,70400,30800,39600,231000,96000,135000,18600,
3,30,501600,284000,129400,154600,60900,27000,33900,56400,19500,36900,82500,43500,39000,84200,39400,44800,199000,64000,135000,18600,
4,0,453455,289855,111000,178855,69305,15000,54305,30300,13050,17250,110250,49350,60900,80000,33600,46400,145000,40000,105000,18600,
4,1,490835,259035,113300,145735,63235,27000,36235,60750,26100,34650,84450,34800,49650,50600,25400,25200,207000,72000,135000,24800,
4,2,462400,275800,113850,161950,58300,21000,37300,55050,21600,33450,87450,43050,44400,75000,28200,46800,168000,48000,120000,18600,
4,3,401950,258550,102650,155900,64300,24000,40300,45600,19500,26100,72450,36750,35700,76200,22400,53800,131000,56000,75000,12400,
4,4,405650,270050,136500,133550,69900,35600,34300,37800,24750,13050,77550,38550,39000,84800,37600,47200,117000,72000,45000,18600,
4,5,463935,285335,119250,166085,66235,21000,45235,52050,19500,32550,97650,45150,52500,69400,33600,35800,160000,40000,120000,18600,
4,6,496050,263450,151800,111650,49300,31300,18000,58200,27750,30450,73950,39150,34800,82000,53600,28400,214000,64000,150000,18600,
4,7,394800,235400,111450,123950,39000,15000,24000,54300,19500,34800,77700,43350,34350,64400,33600,30800,147000,72000,75000,12400,
4,8,421585,250785,100750,150035,63235,18000,45235,36750,17250,19500,62400,26100,36300,88400,39400,49000,146000,56000,90000,24800,
4,9,429655,304055,128635,175420,78305,31535,46770,35100,19500,15600,92850,36000,56850,97800,41600,56200,107000,32000,75000,18600,
4,10,534870,301270,115300,185970,61770,18000,43770,47700,21750,25950,85800,32550,53250,106000,43000,63000,215000,80000,135000,18600,
4,11,400200,236400,112800,123600,21000,21000,0,49950,19500,30450,89850,38700,51150,75600,33600,42000,139000,64000,75000,24800,
4,12,433685,270085,100950,169135,60235,21000,39235,34050,17250,16800,72600,26100,46500,103200,36600,66600,145000,40000,105000,18600,
4,13,487585,276985,99785,177200,45235,12235,33000,52200,21750,30450,98550,34800,63750,81000,31000,50000,192000,72000,120000,18600,
4,14,518950,281150,123900,157250,61300,21000,40300,52950,26100,26850,81900,51600,30300,85000,25200,59800,213000,48000,165000,24800,
4,15,514770,313970,114900,199070,61770,27000,34770,56700,19500,37200,108300,43200,65100,87200,25200,62000,176000,56000,120000,24800,
4,16,497200,280400,125900,154500,72000,30000,42000,55200,26100,29100,67200,39000,28200,86000,30800,55200,192000,72000,120000,24800,
4,17,462750,237150,121950,115200,36000,18000,18000,30300,19500,10800,100050,47850,52200,70800,36600,34200,207000,72000,135000,18600,
4,18,531600,329800,140550,189250,62600,28300,34300,55800,34350,21450,99600,47100,52500,111800,30800,81000,177000,72000,105000,24800,
4,19,513500,265900,134600,131300,63000,27000,36000,30300,8550,21750,112800,73650,39150,59800,25400,34400,229000,64000,165000,18600,
4,20,452600,297000,115850,181150,72500,27000,45500,55650,28200,27450,84450,38250,46200,84400,22400,62000,137000,32000,105000,18600,
4,21,418670,255070,101300,153770,75470,27000,48470,36300,2100,34200,85500,49800,35700,57800,22400,35400,145000,40000,105000,18600,
4,22,441050,292450,149100,143350,55800,35200,20600,60750,36900,23850,84300,42000,42300,91600,35000,56600,130000,40000,90000,18600,
4,23,477520,274920,111050,163870,63470,15000,48470,36600,6300,30300,101850,49950,51900,73000,39800,33200,184000,64000,120000,18600,
4,24,439900,254100,109150,144950,64300,27000,37300,52050,28200,23850,69150,25950,43200,68600,28000,40600,161000,56000,105000,24800,
4,25,498700,274900,123800,151100,67300,30000,37300,32400,17400,15000,102000,45600,56400,73200,30800,42400,199000,64000,135000,24800,
4,26,511040,316440,141250,175190,77240,31300,45940,59400,24750,34650,93600,51600,42000,86200,33600,52600,176000,56000,120000,18600,
4,27,489250,278650,123050,155600,51000,15000,36000,36750,6300,30450,112500,56550,55950,78400,45200,33200,192000,72000,120000,18600,
4,28,460985,267185,122700,144485,63235,18000,45235,52200,21750,30450,106950,57750,49200,44800,25200,19600,169000,64000,105000,24800,
4,29,500935,315135,120550,194585,77435,30000,47435,57300,21750,35550,82800,40800,42000,97600,28000,69600,161000,56000,105000,24800,
4,30,496400,316800,120900,195900,81900,33000,48900,59100,30300,28800,82800,32400,50400,93000,25200,67800,161000,56000,105000,18600,
5,0,465055,278255,128740,149515,81055,24940,56115,37800,12600,25200,75600,42000,33600,83800,49200,34600,162000,72000,90000,24800,
5,1,451585,257785,111240,146545,68585,24940,43645,25200,16800,8400,54600,23100,31500,109400,46400,63000,169000,64000,105000,24800,
5,2,474890,287290,129110,158180,87290,37410,49880,48300,23100,25200,56700,25200,31500,95000,43400,51600,169000,64000,105000,18600,
5,3,540250,337650,133400,204250,85800,27000,58800,47250,23850,23400,117000,68550,48450,87600,14000,73600,184000,64000,120000,18600,
5,4,461320,281720,131300,150420,63470,21000,42470,56400,30450,25950,85650,49050,36600,76200,30800,45400,161000,56000,105000,18600,
5,5,440785,284185,150150,134035,55535,34300,21235,48600,16050,32550,91050,44400,46650,89000,55400,33600,138000,48000,90000,18600,
5,6,441300,255500,116150,139350,64300,27000,37300,56250,25800,30450,73350,32550,40800,61600,30800,30800,161000,56000,105000,24800,
5,7,470350,275750,135950,139800,49300,28300,21000,58650,36900,21750,88200,34350,53850,79600,36400,43200,176000,56000,120000,18600,
5,8,524735,313335,138800,174535,83835,30000,53835,58650,19500,39150,111450,58500,52950,59400,30800,28600,199000,64000,135000,12400,
5,9,446500,243900,107900,136000,54000,12000,42000,43200,21450,21750,93300,52050,41250,53400,22400,31000,184000,64000,120000,18600,
5,10,471150,270150,140550,129600,60000,30000,30000,49800,21600,28200,84150,49350,34800,76200,39600,36600,170000,80000,90000,31000,
5,11,469300,253500,111350,142150,57000,24000,33000,43500,17400,26100,101400,55950,45450,51600,14000,37600,191000,56000,135000,24800,
5,12,509750,278950,115750,163200,65600,24000,41600,46350,21600,24750,116400,47550,68850,50600,22600,28000,206000,56000,150000,24800,
5,13,560400,280800,134050,146750,54000,27000,27000,39000,12900,26100,104400,56550,47850,83400,37600,45800,261000,96000,165000,18600,
5,14,589800,375000,147000,228000,92300,26600,65700,62250,21750,40500,108450,51450,57000,112000,47200,64800,190000,40000,150000,24800,
5,15,565335,317735,139550,178185,58535,18000,40535,54150,19500,34650,124650,71250,53400,80400,30800,49600,229000,64000,165000,18600,
5,16,408555,276755,131285,145470,53005,28535,24470,60450,25950,34500,102900,50400,52500,60400,26400,34000,107000,32000,75000,24800,
5,17,483000,274200,121400,152800,63000,27000,36000,60300,23850,36450,94500,45150,49350,56400,25400,31000,184000,64000,120000,24800,
5,18,491050,272650,122000,150650,63000,27000,36000,45150,17400,27750,78300,34800,43500,86200,42800,43400,206000,56000,150000,12400,
5,19,422250,249650,104250,145400,54000,24000,30000,39000,17250,21750,82050,34800,47250,74600,28200,46400,154000,64000,90000,18600,
5,20,544800,305000,139100,165900,55300,24000,31300,56400,23850,32550,120900,60450,60450,72400,30800,41600,215000,80000,135000,24800,
5,21,518100,284500,133350,151150,72000,30000,42000,32400,21600,10800,123900,56550,67350,56200,25200,31000,215000,80000,135000,18600,
5,22,510750,276150,129700,146450,63000,21000,42000,47700,23850,23850,82650,30450,52200,82800,54400,28400,216000,96000,120000,18600,
5,23,495085,295285,132150,163135,50835,25300,25535,48600,20400,28200,95850,47250,48600,100000,39200,60800,175000,40000,135000,24800,
5,24,514800,283000,130350,152650,62600,21000,41600,47700,21750,25950,99900,45600,54300,72800,42000,30800,207000,72000,135000,24800,
5,25,603050,317450,136400,181050,78000,33000,45000,67200,28200,39000,93450,34800,58650,78800,40400,38400,267000,72000,195000,18600,
5,26,448850,253250,138100,115150,48000,24000,24000,43500,17400,26100,114150,60300,53850,47600,36400,11200,177000,72000,105000,18600,
5,27,563700,293900,130750,163150,63000,27000,36000,54300,23850,30450,91200,36900,54300,85400,43000,42400,245000,80000,165000,24800,
5,28,486900,261300,119200,142100,60000,9000,51000,47700,21750,25950,73800,52050,21750,79800,36400,43400,207000,72000,135000,18600,
5,29,478335,277535,119600,157935,54235,24000,30235,47850,13050,34800,88050,43350,44700,87400,39200,48200,176000,56000,120000,24800,
5,30,492500,268700,112950,155750,45000,24000,21000,71550,25950,45600,90150,34800,55350,62000,28200,33800,199000,64000,135000,24800,
6,0,467350,272750,109850,162900,66500,18000,48500,49950,19500,30450,36300,15150,21150,120000,57200,62800,176000,56000,120000,18600,
6,1,488750,277150,126800,150350,45000,27000,18000,57300,23850,33450,76050,39150,36900,98800,36800,62000,193000,88000,105000,18600,
6,2,506710,273910,106190,167720,99760,24940,74820,29400,12600,16800,63750,28050,35700,81000,40600,40400,208000,88000,120000,24800,
6,3,474325,287525,152445,135080,93525,43645,49880,44100,18900,25200,52500,35700,16800,97400,54200,43200,162000,72000,90000,24800,
6,4,492605,281205,120525,160680,81055,31175,49880,50400,23100,27300,66150,43050,23100,83600,23200,60400,199000,64000,135000,12400,
6,5,464755,234955,96540,138415,81055,24940,56115,23100,8400,14700,78600,34200,44400,52200,29000,23200,205000,40000,165000,24800,
6,6,539575,312975,147260,165715,93525,37410,56115,42000,23100,18900,76050,40350,35700,101400,46400,55000,208000,88000,120000,18600,
6,7,529415,288015,124740,163275,56115,24940,31175,31500,12600,18900,78600,40800,37800,121800,46400,75400,229000,64000,165000,12400,
6,8,506225,277225,137745,139480,93525,43645,49880,29400,6300,23100,56700,33600,23100,97600,54200,43400,198000,48000,150000,31000,
6,9,565700,334900,138845,196055,124700,43645,81055,31500,14700,16800,81900,31500,50400,96800,49000,47800,206000,56000,150000,24800,
6,10,568860,307860,130745,177115,99760,43645,56115,35700,14700,21000,73800,31800,42000,98600,40600,58000,230000,80000,150000,31000,
6,11,537555,290755,138345,152410,81055,43645,37410,33600,10500,23100,89100,55200,33900,87000,29000,58000,222000,72000,150000,24800,
6,12,537460,299460,142345,157115,99760,43645,56115,29400,12600,16800,77700,39900,37800,92600,46200,46400,207000,72000,135000,31000,
6,13,540875,293275,116625,176650,93525,31175,62350,29400,8400,21000,72150,36450,35700,98200,40600,57600,229000,64000,165000,18600,
6,14,548465,294665,141025,153640,56115,31175,24940,31500,23100,8400,91050,40350,50700,116000,46400,69600,229000,64000,165000,24800,
6,15,502560,323760,120575,203185,99760,31175,68585,27300,8400,18900,98700,46200,52500,98000,34800,63200,154000,64000,90000,24800,
6,16,533910,299510,121195,178315,99760,43645,56115,42000,18900,23100,59550,23850,35700,98200,34800,63400,222000,72000,150000,12400,
6,17,442425,277825,121540,156285,93525,24940,68585,35700,16800,18900,71400,33600,37800,77200,46200,31000,146000,56000,90000,18600,
6,18,490375,273575,117625,155950,93525,31175,62350,31500,14700,16800,58950,25350,33600,89600,46400,43200,192000,72000,120000,24800,
6,19,555685,293085,130240,162845,68585,24940,43645,27300,14700,12600,104400,55800,48600,92800,34800,58000,244000,64000,180000,18600,
6,20,436620,271820,136145,135675,74820,43645,31175,39900,16800,23100,65100,35700,29400,92000,40000,52000,140000,80000,60000,24800,
6,21,445090,304490,125310,179180,87290,37410,49880,35700,14700,21000,77700,33600,44100,103800,39600,64200,122000,32000,90000,18600,
6,22,496975,274975,114060,160915,93525,37410,56115,37800,18900,18900,80250,40350,39900,63400,17400,46000,191000,56000,135000,31000,
6,23,418690,264890,139645,125245,87290,43645,43645,37800,16800,21000,71400,33600,37800,68400,45600,22800,129000,24000,105000,24800,
6,24,531240,314440,116390,198050,87290,24940,62350,37800,14700,23100,82350,36150,46200,107000,40600,66400,192000,72000,120000,24800,
6,25,434815,265015,92535,172480,56115,6235,49880,37800,14700,23100,52500,25200,27300,118600,46400,72200,145000,40000,105000,24800,
6,26,521165,302565,138280,164285,118465,49880,68585,42000,16800,25200,60900,25200,35700,81200,46400,34800,200000,80000,120000,18600,
6,27,494360,300560,136610,163950,99760,37410,62350,48300,21000,27300,69300,37800,31500,83200,40400,42800,169000,64000,105000,24800,
6,28,478570,269770,100890,168880,74820,24940,49880,33600,10500,23100,63150,19050,44100,98200,46400,51800,184000,64000,120000,24800,
6,29,563810,345210,136395,208815,99760,43645,56115,48300,14700,33600,79950,31650,48300,117200,46400,70800,200000,80000,120000,18600,
6,30,435720,295920,130745,165175,82120,50945,31175,39900,14700,25200,73500,31500,42000,100400,33600,66800,115000,40000,75000,24800,
7,0,445660,280060,132315,147745,99760,56115,43645,27300,12600,14700,75600,37800,37800,77400,25800,51600,147000,72000,75000,18600,
7,1,501720,291920,132810,159110,74820,37410,37410,33600,14700,18900,56700,31500,25200,126800,49200,77600,185000,80000,105000,24800,
7,2,597355,319755,130540,189215,81055,24940,56115,39900,12600,27300,82800,40800,42000,116000,52200,63800,259000,64000,195000,18600,
7,3,556935,287135,143885,143250,66235,27235,39000,45450,21600,23850,86850,58650,28200,88600,36400,52200,245000,80000,165000,24800,
7,4,474985,280385,131210,149175,68585,37410,31175,31500,12600,18900,73500,29400,44100,106800,51800,55000,176000,56000,120000,18600,
7,5,500765,321965,144810,177155,122765,37410,85355,37800,14700,23100,58800,35700,23100,102600,57000,45600,154000,64000,90000,24800,
7,6,472475,283875,120160,163715,93525,37410,56115,35700,16800,18900,48450,25350,23100,106200,40600,65600,170000,80000,90000,18600,
7,7,396655,293055,113810,179245,114555,49410,65145,33600,16800,16800,77700,33600,44100,67200,14000,53200,85000,40000,45000,18600,
7,8,499290,244490,127055,117435,24940,18705,6235,29400,16800,12600,45150,27750,17400,145000,63800,81200,230000,80000,150000,24800,
7,9,507040,289440,135015,154425,87290,56115,31175,29400,10500,18900,79950,33600,46350,92800,34800,58000,199000,64000,135000,18600,
7,10,486375,285375,103055,182320,93525,18705,74820,39900,14700,25200,67350,23250,44100,84600,46400,38200,170000,80000,90000,31000,
7,11,473190,287390,133610,153780,87290,37410,49880,27300,14700,12600,75600,35700,39900,97200,45800,51400,161000,56000,105000,24800,
7,12,404985,248385,115210,133175,68585,37410,31175,44100,16800,27300,35700,12600,23100,100000,48400,51600,138000,48000,90000,18600,
7,13,502295,306695,115740,190955,105995,24940,81055,25200,8400,16800,84300,36000,48300,91200,46400,44800,177000,72000,105000,18600,
7,14,476895,311295,148850,162445,105995,62350,43645,37800,16800,21000,81900,35700,46200,85600,34000,51600,147000,72000,75000,18600,
7,15,479430,285830,131445,154385,112230,43645,68585,37800,14700,23100,58800,27300,31500,77000,45800,31200,175000,40000,135000,18600,
7,16,520000,304200,112320,191880,62350,12470,49880,44100,18900,25200,95550,57750,37800,102200,23200,79000,191000,56000,135000,24800,
7,17,530640,310040,147845,162195,87290,43645,43645,27300,6300,21000,91050,57300,33750,104400,40600,63800,202000,112000,90000,18600,
7,18,552440,326840,140155,186685,87290,18705,68585,35700,10500,25200,97050,52950,44100,106800,58000,48800,207000,72000,135000,18600,
7,19,446825,290025,128510,161515,93525,37410,56115,39900,14700,25200,50400,16800,33600,106200,59600,46600,132000,72000,60000,24800,
7,20,443055,266055,124280,141775,81055,49880,31175,42000,14700,27300,63000,23100,39900,80000,36600,43400,146000,56000,90000,31000,
7,21,485930,316130,134345,181785,129430,43645,85785,37800,16800,21000,60900,23100,37800,88000,50800,37200,145000,40000,105000,24800,
7,22,498760,326360,114740,211620,108360,24940,83420,35700,18900,16800,65100,18900,46200,117200,52000,65200,160000,40000,120000,12400,
7,23,548150,308350,127840,180510,62350,24940,37410,42000,18900,23100,91200,49200,42000,112800,34800,78000,215000,80000,135000,24800,
7,24,519075,310275,133260,177015,93525,37410,56115,27300,18900,8400,94650,42150,52500,94800,34800,60000,184000,64000,120000,24800,
7,25,440760,300960,128345,172615,104060,43645,60415,37800,12600,25200,90300,44100,46200,68800,28000,40800,115000,40000,75000,24800,
7,26,499355,283555,133575,149980,81055,31175,49880,29400,10500,18900,60900,31500,29400,112200,60400,51800,191000,56000,135000,24800,
7,27,441550,264550,91305,173245,62350,18705,43645,42000,18900,23100,84000,18900,65100,76200,34800,41400,146000,56000,90000,31000,
7,28,459655,295055,119875,175180,81055,31175,49880,48300,16800,31500,69300,31500,37800,96400,40400,56000,146000,56000,90000,18600,
7,29,519710,295110,120960,174150,99760,37410,62350,35700,16800,18900,67650,31950,35700,92000,34800,57200,206000,56000,150000,18600,
7,30,509135,252535,99175,153360,68585,31175,37410,38400,21600,16800,81750,34800,46950,63800,11600,52200,238000,88000,150000,18600,
8,0,468750,274150,128400,145750,69000,27000,42000,38850,25950,12900,95100,47250,47850,71200,28200,43000,176000,56000,120000,18600,
8,1,441000,271200,105050,166150,73300,33000,40300,42750,19500,23250,58350,21750,36600,96800,30800,66000,145000,40000,105000,24800,
8,2,528485,288885,138185,150700,63235,30235,33000,33300,21600,11700,102150,49950,52200,90200,36400,53800,221000,56000,165000,18600,
8,3,409450,229850,96100,133750,63000,18000,45000,67350,23850,43500,68700,43050,25650,30800,11200,19600,161000,56000,105000,18600,
8,4,461320,281720,131300,150420,63470,21000,42470,56400,30450,25950,85650,49050,36600,76200,30800,45400,161000,56000,105000,18600,
8,5,440785,284185,150150,134035,55535,34300,21235,48600,16050,32550,91050,44400,46650,89000,55400,33600,138000,48000,90000,18600,
8,6,441300,255500,116150,139350,64300,27000,37300,56250,25800,30450,73350,32550,40800,61600,30800,30800,161000,56000,105000,24800,
8,7,470350,275750,135950,139800,49300,28300,21000,58650,36900,21750,88200,34350,53850,79600,36400,43200,176000,56000,120000,18600,
8,8,524735,313335,138800,174535,83835,30000,53835,58650,19500,39150,111450,58500,52950,59400,30800,28600,199000,64000,135000,12400,
8,9,446500,243900,107900,136000,54000,12000,42000,43200,21450,21750,93300,52050,41250,53400,22400,31000,184000,64000,120000,18600,
8,10,471150,270150,140550,129600,60000,30000,30000,49800,21600,28200,84150,49350,34800,76200,39600,36600,170000,80000,90000,31000,
8,11,469300,253500,111350,142150,57000,24000,33000,43500,17400,26100,101400,55950,45450,51600,14000,37600,191000,56000,135000,24800,
8,12,509750,278950,115750,163200,65600,24000,41600,46350,21600,24750,116400,47550,68850,50600,22600,28000,206000,56000,150000,24800,
8,13,560400,280800,134050,146750,54000,27000,27000,39000,12900,26100,104400,56550,47850,83400,37600,45800,261000,96000,165000,18600,
8,14,589800,375000,147000,228000,92300,26600,65700,62250,21750,40500,108450,51450,57000,112000,47200,64800,190000,40000,150000,24800,
8,15,565335,317735,139550,178185,58535,18000,40535,54150,19500,34650,124650,71250,53400,80400,30800,49600,229000,64000,165000,18600,
8,16,408555,276755,131285,145470,53005,28535,24470,60450,25950,34500,102900,50400,52500,60400,26400,34000,107000,32000,75000,24800,
8,17,483000,274200,121400,152800,63000,27000,36000,60300,23850,36450,94500,45150,49350,56400,25400,31000,184000,64000,120000,24800,
8,18,491050,272650,122000,150650,63000,27000,36000,45150,17400,27750,78300,34800,43500,86200,42800,43400,206000,56000,150000,12400,
8,19,422250,249650,104250,145400,54000,24000,30000,39000,17250,21750,82050,34800,47250,74600,28200,46400,154000,64000,90000,18600,
8,20,544800,305000,139100,165900,55300,24000,31300,56400,23850,32550,120900,60450,60450,72400,30800,41600,215000,80000,135000,24800,
8,21,518100,284500,133350,151150,72000,30000,42000,32400,21600,10800,123900,56550,67350,56200,25200,31000,215000,80000,135000,18600,
8,22,510750,276150,129700,146450,63000,21000,42000,47700,23850,23850,82650,30450,52200,82800,54400,28400,216000,96000,120000,18600,
8,23,495085,295285,132150,163135,50835,25300,25535,48600,20400,28200,95850,47250,48600,100000,39200,60800,175000,40000,135000,24800,
8,24,514800,283000,130350,152650,62600,21000,41600,47700,21750,25950,99900,45600,54300,72800,42000,30800,207000,72000,135000,24800,
8,25,603050,317450,136400,181050,78000,33000,45000,67200,28200,39000,93450,34800,58650,78800,40400,38400,267000,72000,195000,18600,
8,26,448850,253250,138100,115150,48000,24000,24000,43500,17400,26100,114150,60300,53850,47600,36400,11200,177000,72000,105000,18600,
8,27,563700,293900,130750,163150,63000,27000,36000,54300,23850,30450,91200,36900,54300,85400,43000,42400,245000,80000,165000,24800,
8,28,486900,261300,119200,142100,60000,9000,51000,47700,21750,25950,73800,52050,21750,79800,36400,43400,207000,72000,135000,18600,
8,29,478335,277535,119600,157935,54235,24000,30235,47850,13050,34800,88050,43350,44700,87400,39200,48200,176000,56000,120000,24800,
8,30,492500,268700,112950,155750,45000,24000,21000,71550,25950,45600,90150,34800,55350,62000,28200,33800,199000,64000,135000,24800,
9,0,431725,297125,114575,182550,93525,31175,62350,31500,14700,16800,77700,31500,46200,94400,37200,57200,116000,56000,60000,18600,
9,1,482995,304195,132210,171985,105995,37410,68585,35700,8400,27300,73500,46200,27300,89000,40200,48800,154000,64000,90000,24800,
9,2,512665,326065,131710,194355,127065,37410,89655,37800,18900,18900,75600,37800,37800,85600,37600,48000,168000,48000,120000,18600,
9,3,396525,261925,112475,149450,93525,31175,62350,37800,16800,21000,63000,35700,27300,67600,28800,38800,116000,56000,60000,18600,
9,4,446145,234545,107920,126625,43645,12470,31175,27300,8400,18900,70800,58050,12750,92800,29000,63800,193000,88000,105000,18600,
9,5,441595,270795,121945,148850,105995,43645,62350,31500,14700,16800,73500,29400,44100,59800,34200,25600,146000,56000,90000,24800,
9,6,385350,229550,111605,117945,62350,18705,43645,35700,8400,27300,56700,44100,12600,74800,40400,34400,131000,56000,75000,24800,
9,7,492255,306655,144110,162545,81055,37410,43645,35700,16800,18900,73500,44100,29400,116400,45800,70600,167000,32000,135000,18600,
9,8,516570,316770,132115,184655,137170,56115,81055,42000,16800,25200,50400,33600,16800,87200,25600,61600,175000,40000,135000,24800,
9,9,478870,247070,99375,147695,74820,31175,43645,31500,10500,21000,76950,34500,42450,63800,23200,40600,207000,72000,135000,24800,
9,10,489465,273665,92120,181545,56115,12470,43645,35700,12600,23100,74250,32250,42000,107600,34800,72800,191000,56000,135000,24800,
9,11,464245,276645,139560,137085,105995,37410,68585,33600,18900,14700,73650,48450,25200,63400,34800,28600,169000,64000,105000,18600,
9,12,519340,301540,141095,160445,87290,43645,43645,31500,12600,18900,84150,44250,39900,98600,40600,58000,193000,88000,105000,24800,
9,13,398125,270525,122710,147815,93525,37410,56115,29400,10500,18900,67200,37800,29400,80400,37000,43400,109000,64000,45000,18600,
9,14,564730,362130,137880,224250,112230,49880,62350,31500,12600,18900,79800,29400,50400,138600,46000,92600,184000,64000,120000,18600,
9,15,503460,296660,148310,148350,99760,37410,62350,16800,10500,6300,94500,54600,39900,85600,45800,39800,182000,32000,150000,24800,
9,16,492125,319525,158480,161045,93525,49880,43645,33600,16800,16800,92400,46200,46200,100000,45600,54400,154000,64000,90000,18600,
9,17,489200,287600,134490,153110,62350,24940,37410,27300,18900,8400,88350,44250,44100,109600,46400,63200,183000,48000,135000,18600,
9,18,465620,286020,145975,140045,74820,31175,43645,33600,18900,14700,71400,52500,18900,106200,43400,62800,161000,56000,105000,18600,
9,19,461490,265890,98505,167385,87290,18705,68585,25200,12600,12600,52800,15000,37800,100600,52200,48400,177000,72000,105000,18600,
9,20,485670,261070,111325,149745,74820,31175,43645,44100,14700,29400,55350,36450,18900,86800,29000,57800,206000,56000,150000,18600,
9,21,520560,288560,118210,170350,99760,37410,62350,25200,10500,14700,65400,29700,35700,98200,40600,57600,201000,96000,105000,31000,
9,22,459385,262785,108360,154425,68585,37410,31175,27300,4200,23100,74100,31950,42150,92800,34800,58000,178000,88000,90000,18600,
9,23,482695,319895,133210,186685,105995,37410,68585,39900,18900,21000,79800,39900,39900,94200,37000,57200,138000,48000,90000,24800,
9,24,459590,302990,136210,166780,87290,37410,49880,35700,12600,23100,79800,37800,42000,100200,48400,51800,138000,48000,90000,18600,
9,25,455820,268220,122810,145410,74820,37410,37410,35700,10500,25200,65100,31500,33600,92600,43400,49200,169000,64000,105000,18600,
9,26,418890,285290,115075,170215,87290,31175,56115,39900,10500,29400,73500,33600,39900,84600,39800,44800,115000,40000,75000,18600,
9,27,448125,284525,122910,161615,93525,37410,56115,37800,18900,18900,58800,29400,29400,94400,37200,57200,145000,40000,105000,18600,
9,28,505030,283230,131445,151785,112230,43645,68585,37800,12600,25200,50400,37800,12600,82800,37400,45400,197000,32000,165000,24800,
9,29,487825,284225,145075,139150,93525,31175,62350,29400,16800,12600,80100,50700,29400,81200,46400,34800,185000,80000,105000,18600,
9,30,533675,300875,118360,182515,93525,37410,56115,37800,12600,25200,73950,27750,46200,95600,40600,55000,208000,88000,120000,24800,
10,0,564635,316835,137900,178935,60235,24000,36235,62850,23850,39000,99150,47850,51300,94600,42200,52400,223000,88000,135000,24800,
10,1,415700,290900,140500,150400,60900,24000,36900,43200,15600,27600,92400,44100,48300,94400,56800,37600,100000,40000,60000,24800,
10,2,502620,277020,106185,170835,58770,27235,31535,60750,17400,43350,57900,15150,42750,99600,46400,53200,207000,72000,135000,18600,
10,3,454270,321470,140000,181470,66070,28300,37770,51450,26250,25200,84150,40050,44100,119800,45400,74400,108000,48000,60000,24800,
10,4,477885,306285,150100,156185,66235,24000,42235,44250,29100,15150,102000,55200,46800,93800,41800,52000,153000,48000,105000,18600,
10,5,395055,254255,113410,140845,81055,37410,43645,29400,14700,14700,58800,27300,31500,85000,34000,51000,116000,56000,60000,24800,
10,6,311100,237500,95400,142100,53600,15000,38600,43800,18900,24900,61500,36300,25200,78600,25200,53400,55000,40000,15000,18600,
10,7,451585,279785,97350,182435,49535,18000,31535,40650,15150,25500,93600,47400,46200,96000,16800,79200,147000,72000,75000,24800,
10,8,464850,278050,125400,152650,53600,27000,26600,56400,21750,34650,100650,51450,49200,67400,25200,42200,162000,72000,90000,24800,
10,9,510350,284750,129800,154950,79300,21000,58300,37800,17400,20400,108450,60600,47850,59200,30800,28400,207000,72000,135000,18600,
10,10,471450,291850,120600,171250,60900,18000,42900,54000,23850,30150,91350,53550,37800,85600,25200,60400,161000,56000,105000,18600,
10,11,504650,279850,129800,150050,72000,33000,39000,74700,30450,44250,67350,32550,34800,65800,33800,32000,200000,80000,120000,24800,
10,12,467450,287850,131900,155950,61300,30000,31300,36900,17400,19500,107250,53700,53550,82400,30800,51600,161000,56000,105000,18600,
10,13,488750,279950,127350,152600,69000,33000,36000,28200,15150,13050,97350,54000,43350,85400,25200,60200,184000,64000,120000,24800,
10,14,472500,270700,100250,170450,52300,24000,28300,39150,13050,26100,88050,34800,53250,91200,28400,62800,177000,72000,105000,24800,
10,15,500750,260950,117300,143650,51000,12000,39000,43350,23850,19500,78000,56250,21750,88600,25200,63400,215000,80000,135000,24800,
10,16,436300,233500,90000,143500,42000,12000,30000,32400,13050,19350,78300,21750,56550,80800,43200,37600,178000,88000,90000,24800,
10,17,409600,245800,105550,140250,51000,27000,24000,36750,4200,32550,79650,43350,36300,78400,31000,47400,139000,64000,75000,24800,
10,18,448450,255650,127400,128250,63000,27000,36000,47700,17250,30450,77550,49350,28200,67400,33800,33600,168000,48000,120000,24800,
10,19,477400,275800,108950,166850,40300,9000,31300,55200,26100,29100,88500,43050,45450,91800,30800,61000,183000,48000,135000,18600,
10,20,533650,309050,138500,170550,78500,24000,54500,42150,24750,17400,86400,39150,47250,102000,50600,51400,206000,56000,150000,18600,
10,21,475235,287635,116450,171185,63235,27000,36235,52950,21750,31200,83250,36900,46350,88200,30800,57400,169000,64000,105000,18600,
10,22,456650,293850,122350,171500,69900,25300,44600,53700,28200,25500,62250,25650,36600,108000,43200,64800,138000,48000,90000,24800,
10,23,525835,286035,122900,163135,69235,12000,57235,44250,19500,24750,102150,52200,49950,70400,39200,31200,215000,80000,135000,24800,
10,24,344335,248735,111935,136800,80835,18235,62600,39000,12900,26100,69300,44400,24900,59600,36400,23200,77000,32000,45000,18600,
10,25,432385,267785,91400,176385,44835,12000,32835,42600,15150,27450,70350,30450,39900,110000,33800,76200,146000,56000,90000,18600,
10,26,490050,271450,127500,143950,39000,18000,21000,60750,34800,25950,93300,41100,52200,78400,33600,44800,200000,80000,120000,18600,
10,27,445235,245435,118635,126800,66235,21235,45000,60600,28050,32550,62400,38550,23850,56200,30800,25400,175000,40000,135000,24800,
10,28,473320,279520,118200,161320,55770,24000,31770,43350,23850,19500,81600,36750,44850,98800,33600,65200,169000,64000,105000,24800,
10,29,502900,301300,150950,150350,60000,18000,42000,41100,23850,17250,112200,57900,54300,88000,51200,36800,183000,48000,135000,18600,
10,30,466950,319350,116400,202950,80200,24000,56200,45900,16050,29850,78450,42750,35700,114800,33600,81200,129000,24000,105000,18600,
11,0,460590,296990,115305,181685,87290,18705,68585,23100,10500,12600,100800,39900,60900,85800,46200,39600,145000,40000,105000,18600,
11,1,441000,271200,105050,166150,73300,33000,40300,42750,19500,23250,58350,21750,36600,96800,30800,66000,145000,40000,105000,24800,
11,2,475590,288990,122175,166815,87290,31175,56115,39900,16800,23100,75600,33600,42000,86200,40600,45600,168000,48000,120000,18600,
11,3,415260,271860,109110,162750,99760,37410,62350,31500,12600,18900,63000,27300,35700,77600,31800,45800,131000,56000,75000,12400,
11,4,414160,278560,137780,140780,99760,49880,49880,27300,16800,10500,60900,31500,29400,90600,39600,51000,117000,72000,45000,18600,
11,5,478160,299560,124775,174785,99760,31175,68585,37800,14700,23100,88200,35700,52500,73800,43200,30600,160000,40000,120000,18600,
11,6,501935,269335,153945,115390,68585,43645,24940,39900,18900,21000,59850,25200,34650,101000,66200,34800,214000,64000,150000,18600,
11,7,412065,252665,119355,133310,56115,18705,37410,39900,14700,25200,61050,33750,27300,95600,52200,43400,147000,72000,75000,12400,
11,8,430925,260125,106375,153750,93525,31175,62350,27300,12600,14700,48300,16800,31500,91000,45800,45200,146000,56000,90000,24800,
11,9,439725,314125,133545,180580,106425,43645,62780,29400,14700,14700,90300,33600,56700,88000,41600,46400,107000,32000,75000,18600,
11,10,546840,313240,125825,187415,87290,31175,56115,33600,14700,18900,73950,27750,46200,118400,52200,66200,215000,80000,135000,18600,
11,11,413225,249425,118275,131150,31175,31175,0,33600,12600,21000,77850,31500,46350,106800,43000,63800,139000,64000,75000,24800,
11,12,443090,279490,105675,173815,87290,31175,56115,29400,12600,16800,63000,18900,44100,99800,43000,56800,145000,40000,105000,18600,
11,13,496485,285885,107705,178180,68585,18705,49880,35700,14700,21000,80400,27900,52500,101200,46400,54800,192000,72000,120000,18600,
11,14,528340,290540,127325,163215,87290,31175,56115,37800,16800,21000,67650,44550,23100,97800,34800,63000,213000,48000,165000,24800,
11,15,526090,325290,124445,200845,87290,43645,43645,46200,14700,31500,96600,31500,65100,95200,34600,60600,176000,56000,120000,24800,
11,16,514395,297595,135345,162250,105995,43645,62350,39900,18900,21000,48300,29400,18900,103400,43400,60000,192000,72000,120000,24800,
11,17,478615,253015,134075,118940,56115,31175,24940,23100,14700,8400,81000,36000,45000,92800,52200,40600,207000,72000,135000,18600,
11,18,539790,337990,143810,194180,87290,37410,49880,44100,27300,16800,88200,35700,52500,118400,43400,75000,177000,72000,105000,24800,
11,19,530975,283375,140160,143215,93525,37410,56115,25200,8400,16800,89250,59550,29700,75400,34800,40600,229000,64000,165000,18600,
11,20,469760,314160,128745,185415,99760,43645,56115,48300,21000,27300,81900,35700,46200,84200,28400,55800,137000,32000,105000,18600,
11,21,432395,268795,108910,159885,105995,37410,68585,27300,2100,25200,73500,37800,35700,62000,31600,30400,145000,40000,105000,18600,
11,22,446385,297785,150045,147740,68585,43645,24940,44100,25200,18900,81900,42000,39900,103200,39200,64000,130000,40000,90000,18600,
11,23,490675,288075,119290,168785,93525,24940,68585,29400,6300,23100,75750,35850,39900,89400,52200,37200,184000,64000,120000,18600,
11,24,449390,263590,112610,150980,87290,37410,49880,37800,18900,18900,52500,18900,33600,86000,37400,48600,161000,56000,105000,24800,
11,25,515360,291560,131145,160415,99760,43645,56115,25200,12600,12600,71400,31500,39900,95200,43400,51800,199000,64000,135000,24800,
11,26,514060,319460,143545,175915,99760,43645,56115,42000,16800,25200,81900,39900,42000,95800,43200,52600,176000,56000,120000,18600,
11,27,508055,297455,132840,164615,81055,24940,56115,27300,6300,21000,81900,37800,44100,107200,63800,43400,192000,72000,120000,18600,
11,28,481975,288175,130790,157385,93525,24940,68585,35700,14700,21000,92550,50550,42000,66400,40600,25800,169000,64000,105000,24800,
11,29,517495,331695,129145,202550,105995,43645,62350,48300,14700,33600,75600,33600,42000,101800,37200,64600,161000,56000,105000,24800,
11,30,507665,328065,125580,202485,118465,49880,68585,44100,21000,23100,73500,23100,50400,92000,31600,60400,161000,56000,105000,18600,
12,0,537135,321135,159735,161400,67135,27235,39900,49800,30300,19500,105000,51000,54000,99200,51200,48000,185000,80000,105000,31000,
12,1,463595,283995,127245,156750,105995,43645,62350,31500,16800,14700,77700,37800,39900,68800,29000,39800,161000,56000,105000,18600,
12,2,448690,270890,110140,160750,87290,24940,62350,33600,16800,16800,84000,33600,50400,66000,34800,31200,153000,48000,105000,24800,
12,3,469195,290595,134745,155850,105995,43645,62350,27300,16800,10500,77700,48300,29400,79600,26000,53600,160000,40000,120000,18600,
12,4,505595,302995,141210,161785,105995,37410,68585,35700,16800,18900,69300,37800,31500,92000,49200,42800,184000,64000,120000,18600,
12,5,498390,312590,116810,195780,87290,37410,49880,42000,14700,27300,86100,35700,50400,97200,29000,68200,161000,56000,105000,24800,
12,6,384385,258585,126245,132340,68585,43645,24940,35700,14700,21000,60900,31500,29400,93400,36400,57000,101000,56000,45000,24800,
12,7,534985,301385,126040,175345,68585,24940,43645,25200,12600,12600,63600,36300,27300,144000,52200,91800,215000,80000,135000,18600,
12,8,544060,311260,143180,168080,99760,49880,49880,35700,16800,18900,63000,27300,35700,112800,49200,63600,208000,88000,120000,24800,
12,9,538210,291410,135960,155450,99760,37410,62350,44100,14700,29400,72150,31650,40500,75400,52200,23200,222000,72000,150000,24800,
12,10,550725,302125,144875,157250,93525,31175,62350,42000,18900,23100,59400,42600,16800,107200,52200,55000,230000,80000,150000,18600,
12,11,438125,251525,114645,136880,93525,43645,49880,50400,25200,25200,61200,16800,44400,46400,29000,17400,168000,48000,120000,18600,
12,12,499825,311225,140945,170280,93525,43645,49880,25200,12600,12600,86100,35700,50400,106400,49000,57400,170000,80000,90000,18600,
12,13,345220,241420,110740,130680,82120,24940,57180,33600,12600,21000,60900,42000,18900,64800,31200,33600,79000,64000,15000,24800,
12,14,460025,286625,119575,167050,93525,31175,62350,35700,16800,18900,58800,25200,33600,98600,46400,52200,161000,56000,105000,12400,
12,15,481490,272690,112260,160430,87290,37410,49880,42000,14700,27300,73800,25350,48450,69600,34800,34800,184000,64000,120000,24800,
12,16,473955,241355,100540,140815,81055,24940,56115,23100,8400,14700,79200,32400,46800,58000,34800,23200,214000,64000,150000,18600,
12,17,511160,287360,137710,149650,99760,37410,62350,25200,12600,12600,67200,35700,31500,95200,52000,43200,199000,64000,135000,24800,
12,18,452840,266240,101820,164420,87290,12470,74820,29400,6300,23100,65550,42450,23100,84000,40600,43400,168000,48000,120000,18600,
12,19,406955,244155,115975,128180,81055,31175,49880,25200,12600,12600,52500,29400,23100,85400,42800,42600,138000,48000,90000,24800,
12,20,574315,326715,130030,196685,118465,49880,68585,31500,16800,14700,75750,16950,58800,101000,46400,54600,229000,64000,165000,18600,
12,21,456860,277260,122610,154650,99760,37410,62350,27300,12600,14700,58800,37800,21000,91400,34800,56600,161000,56000,105000,18600,
12,22,516340,270540,127045,143495,87290,43645,43645,37800,16800,21000,70050,31800,38250,75400,34800,40600,221000,56000,165000,24800,
12,23,487365,337565,141280,196285,118465,49880,68585,50400,21000,29400,77700,42000,35700,91000,28400,62600,125000,80000,45000,24800,
12,24,425525,247725,102005,145720,96525,18705,77820,25200,8400,16800,54600,31500,23100,71400,43400,28000,153000,48000,105000,24800,
12,25,453755,290955,152180,138775,81055,49880,31175,39900,16800,23100,63000,27300,35700,107000,58200,48800,138000,48000,90000,24800,
12,26,494130,313530,112045,201485,112230,43645,68585,42000,14700,27300,65100,18900,46200,94200,34800,59400,162000,72000,90000,18600,
12,27,504030,318230,130980,187250,112230,49880,62350,37800,16800,21000,79800,35700,44100,88400,28600,59800,161000,56000,105000,24800,
12,28,464090,264290,123810,140480,87290,37410,49880,50400,21000,29400,54600,33600,21000,72000,31800,40200,175000,40000,135000,24800,
12,29,573990,303390,133945,169445,87290,43645,43645,37800,14700,23100,68100,40800,27300,110200,34800,75400,252000,72000,180000,18600,
12,30,535865,325265,162050,163215,118465,62350,56115,29400,14700,14700,96600,50400,46200,80800,34600,46200,192000,72000,120000,18600,
13,0,374255,256655,115810,140845,101255,37410,63845,33600,12600,21000,54600,29400,25200,67200,36400,30800,99000,24000,75000,18600,
13,1,467425,279825,109575,170250,93525,31175,62350,42000,14700,27300,86700,40500,46200,57600,23200,34400,169000,64000,105000,18600,
13,2,482555,274755,135210,139545,81055,37410,43645,27300,14700,12600,63000,39900,23100,103400,43200,60200,183000,48000,135000,24800,
13,3,484685,281085,128275,152810,68585,31175,37410,33600,12600,21000,63300,38100,25200,115600,46400,69200,185000,80000,105000,18600,
13,4,530150,313350,130440,182910,62350,24940,37410,37800,16800,21000,94800,42300,52500,118400,46400,72000,192000,72000,120000,24800,
13,5,473355,288555,115475,173080,81055,31175,49880,31500,14700,16800,63000,29400,33600,113000,40200,72800,160000,40000,120000,24800,
13,6,517555,300755,139810,160945,81055,37410,43645,33600,21000,12600,81900,29400,52500,104200,52000,52200,192000,72000,120000,24800,
13,7,503570,269970,128425,141545,74820,31175,43645,27300,14700,12600,98250,53550,44700,69600,29000,40600,215000,80000,135000,18600,
13,8,428855,250255,96240,154015,81055,24940,56115,29400,10500,18900,65400,31800,33600,74400,29000,45400,160000,40000,120000,18600,
13,9,442730,248130,135940,112190,49880,24940,24940,33600,21000,12600,71850,37800,34050,92800,52200,40600,176000,56000,120000,18600,
13,10,448990,275390,127010,148380,87290,37410,49880,33600,18900,14700,65100,27300,37800,89400,43400,46000,155000,80000,75000,18600,
13,11,516605,328005,110525,217480,81055,31175,49880,31500,12600,18900,84450,31950,52500,131000,34800,96200,170000,80000,90000,18600,
13,12,575530,336930,136675,200255,112230,31175,81055,31500,16800,14700,99000,42300,56700,94200,46400,47800,220000,40000,180000,18600,
13,13,503385,279585,147075,132510,68585,31175,37410,29400,16800,12600,54600,44100,10500,127000,55000,72000,199000,64000,135000,24800,
13,14,461840,245240,124215,121025,87290,56115,31175,37800,16800,21000,85350,33900,51450,34800,17400,17400,198000,48000,150000,18600,
13,15,451555,289755,108945,180810,81055,43645,37410,44100,16800,27300,58800,14700,44100,105800,33800,72000,137000,32000,105000,24800,
13,16,469260,283460,104210,179250,99760,37410,62350,31500,10500,21000,71400,27300,44100,80800,29000,51800,161000,56000,105000,24800,
13,17,498495,295895,136380,159515,105995,49880,56115,35700,14700,21000,82200,48600,33600,72000,23200,48800,184000,64000,120000,18600,
13,18,540470,314870,144360,170510,74820,37410,37410,29400,12600,16800,94650,42150,52500,116000,52200,63800,207000,72000,135000,18600,
13,19,464790,271990,125910,146080,87290,37410,49880,35700,12600,23100,71400,35700,35700,77600,40200,37400,168000,48000,120000,24800,
13,20,502920,264120,109010,155110,74820,37410,37410,27300,10500,16800,63600,32100,31500,98400,29000,69400,214000,64000,150000,24800,
13,21,469965,297365,120510,176855,118465,37410,81055,35700,12600,23100,50400,27300,23100,92800,43200,49600,154000,64000,90000,18600,
13,22,456035,268435,120660,147775,68585,37410,31175,35700,12600,23100,63150,35850,27300,101000,34800,66200,169000,64000,105000,18600,
13,23,478060,300260,137345,162915,99760,43645,56115,33600,10500,23100,86100,46200,39900,80800,37000,43800,153000,48000,105000,24800,
13,24,454155,267555,131445,136110,81055,43645,37410,29400,14700,14700,73500,44100,29400,83600,29000,54600,168000,48000,120000,18600,
13,25,521155,310555,157510,153045,81055,37410,43645,50400,21000,29400,95100,44100,51000,84000,55000,29000,192000,72000,120000,18600,
13,26,456470,262870,122825,140045,74820,31175,43645,31500,14700,16800,67350,42150,25200,89200,34800,54400,175000,40000,135000,18600,
13,27,519020,288220,154945,133275,74820,43645,31175,35700,12600,23100,90900,52500,38400,86800,46200,40600,206000,56000,150000,24800,
13,28,552360,306560,122410,184150,99760,37410,62350,33600,10500,23100,78000,33900,44100,95200,40600,54600,221000,56000,165000,24800,
13,29,465730,337330,126580,210750,125130,49880,75250,35700,16800,18900,69300,23100,46200,107200,36800,70400,116000,56000,60000,12400,
13,30,512225,318625,162915,155710,93525,56115,37410,33600,14700,18900,81900,39900,42000,109600,52200,57400,175000,40000,135000,18600,
14,0,443150,242350,112950,129400,48000,18000,30000,49800,21600,28200,79950,45150,34800,64600,28200,36400,176000,56000,120000,24800,
14,1,520790,297990,140310,157680,87290,37410,49880,39900,14700,25200,58800,42000,16800,112000,46200,65800,198000,48000,150000,24800,
14,2,482895,282095,127680,154415,105995,49880,56115,35700,14700,21000,54600,31500,23100,85800,31600,54200,176000,56000,120000,24800,
14,3,500040,289440,136460,152980,87290,37410,49880,35700,16800,18900,56850,35850,21000,109600,46400,63200,192000,72000,120000,18600,
14,4,466620,257820,112475,145345,74820,31175,43645,33600,16800,16800,65400,29700,35700,84000,34800,49200,184000,64000,120000,24800,
14,5,395055,254255,113410,140845,81055,37410,43645,29400,14700,14700,58800,27300,31500,85000,34000,51000,116000,56000,60000,24800,
14,6,523825,345025,143675,201350,93525,31175,62350,56700,23100,33600,88200,37800,50400,106600,51600,55000,154000,64000,90000,24800,
14,7,457510,261910,136745,125165,99760,43645,56115,33600,18900,14700,50550,25200,25350,78000,49000,29000,177000,72000,105000,18600,
14,8,530325,292525,132810,159715,93525,37410,56115,39900,12600,27300,52500,33600,18900,106600,49200,57400,213000,48000,165000,24800,
14,9,490060,312260,95440,216820,108360,24940,83420,39900,16800,23100,58800,18900,39900,105200,34800,70400,153000,48000,105000,24800,
14,10,561230,327630,153345,174285,112230,43645,68585,39900,21000,18900,71700,42300,29400,103800,46400,57400,215000,80000,135000,18600,
14,11,486350,276750,118710,158040,62350,37410,24940,44100,14700,29400,71700,31800,39900,98600,34800,63800,191000,56000,135000,18600,
14,12,510360,300560,150480,150080,99760,49880,49880,31500,16800,14700,88500,37800,50700,80800,46000,34800,185000,80000,105000,24800,
14,13,343915,232315,104810,127505,56115,37410,18705,29400,12600,16800,84000,37800,46200,62800,17000,45800,93000,48000,45000,18600,
14,14,448495,267095,124845,142250,105995,43645,62350,25200,10500,14700,69300,27300,42000,66600,43400,23200,169000,64000,105000,12400,
14,15,559845,299045,142215,156830,105995,56115,49880,29400,10500,18900,65250,29400,35850,98400,46200,52200,236000,56000,180000,24800,
14,16,500860,323060,136645,186415,99760,43645,56115,35700,12600,23100,92400,46200,46200,95200,34200,61000,153000,48000,105000,24800,
14,17,570340,315540,128360,187180,87290,37410,49880,29400,10500,18900,71850,34050,37800,127000,46400,80600,230000,80000,150000,24800,
14,18,475745,281945,121910,160035,43645,37410,6235,25200,8400,16800,77700,35700,42000,135400,40400,95000,169000,64000,105000,24800,
14,19,509875,278075,111690,166385,93525,24940,68585,31500,12600,18900,46650,27750,18900,106400,46400,60000,207000,72000,135000,24800,
14,20,493325,307525,133875,173650,93525,31175,62350,44100,21000,23100,69300,35700,33600,100600,46000,54600,161000,56000,105000,24800,
14,21,441255,238655,91040,147615,81055,24940,56115,29400,14700,14700,45000,28200,16800,83200,23200,60000,184000,64000,120000,18600,
14,22,506995,304395,142080,162315,105995,49880,56115,33600,12600,21000,75600,33600,42000,89200,46000,43200,184000,64000,120000,18600,
14,23,447855,282255,145010,137245,81055,37410,43645,33600,14700,18900,58800,44100,14700,108800,48800,60000,147000,72000,75000,18600,
14,24,625430,362630,160815,201815,112230,56115,56115,44100,18900,25200,81900,33600,48300,124400,52200,72200,238000,88000,150000,24800,
14,25,478780,239180,129875,109305,49880,31175,18705,21000,8400,12600,81300,38100,43200,87000,52200,34800,221000,56000,165000,18600,
14,26,555105,315305,121325,193980,81055,31175,49880,42000,16800,25200,82650,38550,44100,109600,34800,74800,215000,80000,135000,24800,
14,27,487455,294655,128010,166645,81055,37410,43645,33600,14700,18900,71400,27300,44100,108600,48600,60000,168000,48000,120000,24800,
14,28,425190,252590,127945,124645,87290,43645,43645,35700,14700,21000,46200,29400,16800,83400,40200,43200,154000,64000,90000,18600,
14,29,506430,292430,113650,178780,112230,62350,49880,35700,12600,23100,56700,18900,37800,87800,19800,68000,183000,48000,135000,31000,
14,30,376360,248760,118510,130250,99760,37410,62350,37800,16800,21000,37800,27300,10500,73400,37000,36400,109000,64000,45000,18600,
15,0,443700,250900,85500,165400,63900,18000,45900,36750,17250,19500,79050,30450,48600,71200,19800,51400,168000,48000,120000,24800,
15,1,554050,290450,130350,160100,36000,12000,24000,41250,26100,15150,126000,58650,67350,87200,33600,53600,245000,80000,165000,18600,
15,2,492750,259950,98200,161750,67300,15000,52300,39000,15150,23850,82650,30450,52200,71000,37600,33400,208000,88000,120000,24800,
15,3,468800,282000,151650,130350,63000,30000,33000,60750,26100,34650,71250,45150,26100,87000,50400,36600,162000,72000,90000,24800,
15,4,475885,264485,115800,148685,54235,21000,33235,73950,34800,39150,73500,43200,30300,62800,16800,46000,199000,64000,135000,12400,
15,5,446750,216950,89100,127850,51000,15000,36000,34800,13050,21750,97350,41250,56100,33800,19800,14000,205000,40000,165000,24800,
15,6,526300,299700,139950,159750,64300,24000,40300,58650,32550,26100,99750,49800,49950,77000,33600,43400,208000,88000,120000,18600,
15,7,514500,273100,117450,155650,43300,18000,25300,42150,17400,24750,100050,47850,52200,87600,34200,53400,229000,64000,165000,12400,
15,8,495300,266300,135150,131150,63000,30000,33000,38850,6300,32550,82650,47850,34800,81800,51000,30800,198000,48000,150000,31000,
15,9,552420,321620,133600,188020,88770,30000,58770,43350,21600,21750,96900,45600,51300,92600,36400,56200,206000,56000,150000,24800,
15,10,556100,295100,124200,170900,69000,30000,39000,52200,21750,30450,99900,41250,58650,74000,31200,42800,230000,80000,150000,31000,
15,11,519400,272600,128800,143800,54000,27000,27000,49950,15150,34800,112650,67050,45600,56000,19600,36400,222000,72000,150000,24800,
15,12,518035,280035,134100,145935,66235,27000,39235,43350,19500,23850,106050,54000,52050,64400,33600,30800,207000,72000,135000,31000,
15,13,529200,281600,112700,168900,64300,21000,43300,37650,10800,26850,91050,43500,47550,88600,37400,51200,229000,64000,165000,18600,
15,14,531700,277900,131900,146000,39000,21000,18000,45600,32550,13050,114900,47550,67350,78400,30800,47600,229000,64000,165000,24800,
15,15,494900,316100,115050,201050,74200,21000,53200,30300,8550,21750,112800,60300,52500,98800,25200,73600,154000,64000,90000,24800,
15,16,518835,284435,116335,168100,67535,30235,37300,58500,28200,30300,71400,26100,45300,87000,31800,55200,222000,72000,150000,12400,
15,17,432905,268305,116250,152055,69705,18000,51705,49800,23850,25950,81000,40800,40200,67800,33600,34200,146000,56000,90000,18600,
15,18,479200,262400,109300,153100,64300,21000,43300,43350,19500,23850,84750,34800,49950,70000,34000,36000,192000,72000,120000,24800,
15,19,537200,274600,119900,154700,45000,15000,30000,34650,19500,15150,130350,63000,67350,64600,22400,42200,244000,64000,180000,18600,
15,20,419650,254850,127550,127300,51000,30000,21000,49650,21750,27900,84000,45000,39000,70200,30800,39400,140000,80000,60000,24800,
15,21,444100,303500,122900,180600,65200,25300,39900,38100,17100,21000,89400,42900,46500,110800,37600,73200,122000,32000,90000,18600,
15,22,484800,262800,107200,155600,66000,27000,39000,52950,26100,26850,94650,42900,51750,49200,11200,38000,191000,56000,135000,31000,
15,23,412050,258250,138000,120250,60000,30000,30000,49050,18600,30450,73800,33600,40200,75400,55800,19600,129000,24000,105000,24800,
15,24,513500,296700,108300,188400,58300,18000,40300,51900,21750,30150,89700,43350,46350,96800,25200,71600,192000,72000,120000,24800,
15,25,427385,257585,88550,169035,43535,6000,37535,45750,21750,24000,57300,30000,27300,111000,30800,80200,145000,40000,105000,24800,
15,26,504600,286000,130750,155250,78000,33000,45000,56400,21600,34800,89400,39150,50250,62200,37000,25200,200000,80000,120000,18600,
15,27,480655,286855,128050,158805,69705,24000,45705,67200,28050,39150,81150,45000,36150,68800,31000,37800,169000,64000,105000,24800,
15,28,468350,259550,96450,163100,52300,18000,34300,48600,15150,33450,79650,26100,53550,79000,37200,41800,184000,64000,120000,24800,
15,29,552800,334200,129050,205150,73800,30000,43800,62400,21750,40650,91800,43500,48300,106200,33800,72400,200000,80000,120000,18600,
15,30,430685,290885,129850,161035,58535,37300,21235,46950,21750,25200,76800,34800,42000,108600,36000,72600,115000,40000,75000,24800,
16,0,371985,230385,83450,146935,54235,24000,30235,50700,19500,31200,72450,25950,46500,53000,14000,39000,123000,48000,75000,18600,
16,1,446720,275120,127310,147810,74820,37410,37410,29400,16800,12600,73500,35700,37800,97400,37400,60000,153000,48000,105000,18600,
16,2,455350,265950,124250,141700,45000,24000,21000,41100,19500,21600,95250,58350,36900,84600,22400,62200,177000,72000,105000,12400,
16,3,386320,273720,106600,167120,66470,27000,39470,36300,13050,23250,80550,38550,42000,90400,28000,62400,94000,64000,30000,18600,
16,4,410250,259850,123650,136200,57000,24000,33000,56400,23850,32550,95850,45000,50850,50600,30800,19800,138000,48000,90000,12400,
16,5,549435,296635,147085,149550,57235,36235,21000,41100,8550,32550,108300,54300,54000,90000,48000,42000,228000,48000,180000,24800,
16,6,451850,257050,108550,148500,43300,24000,19300,46500,17400,29100,88650,39150,49500,78600,28000,50600,170000,80000,90000,24800,
16,7,379785,277985,107285,170700,66235,24235,42000,37200,14700,22500,85350,48750,36600,89200,19600,69600,77000,32000,45000,24800,
16,8,484300,283700,135900,147800,84000,30000,54000,54300,26100,28200,92400,45000,47400,53000,34800,18200,182000,32000,150000,18600,
16,9,501750,284150,135800,148350,49300,18000,31300,52050,21600,30450,97200,62400,34800,85600,33800,51800,199000,64000,135000,18600,
16,10,531400,292600,144050,148550,75000,30000,45000,54300,21750,32550,80100,51900,28200,83200,40400,42800,214000,64000,150000,24800,
16,11,410150,270350,102350,168000,69500,18000,51500,43050,23850,19200,86400,29700,56700,71400,30800,40600,115000,40000,75000,24800,
16,12,531300,292500,156350,136150,57000,27000,30000,49950,19500,30450,129150,73050,56100,56400,36800,19600,214000,64000,150000,24800,
16,13,449135,270535,109250,161285,54235,18000,36235,53850,19500,34350,68250,40950,27300,94200,30800,63400,160000,40000,120000,18600,
16,14,413250,256650,109000,147650,75500,27000,48500,39150,13050,26100,68400,49350,19050,73600,19600,54000,138000,48000,90000,18600,
16,15,489550,308150,127100,181050,63000,27000,36000,49950,15150,34800,115200,54150,61050,80000,30800,49200,169000,64000,105000,12400,
16,16,460150,257550,110400,147150,67300,27000,40300,46500,21750,24750,67350,30450,36900,76400,31200,45200,184000,64000,120000,18600,
16,17,460300,251500,90450,161050,53600,21000,32600,72450,32550,39900,59850,2100,57750,65600,34800,30800,184000,64000,120000,24800,
16,18,561655,290055,138405,151650,51705,21705,30000,39000,19500,19500,108750,52200,56550,90600,45000,45600,253000,88000,165000,18600,
16,19,428320,270720,113650,157070,60470,21000,39470,41100,19500,21600,85950,45150,40800,83200,28000,55200,139000,64000,75000,18600,
16,20,429635,266835,119900,146935,52535,24000,28535,56100,30150,25950,63600,31950,31650,94600,33800,60800,138000,48000,90000,24800,
16,21,438985,266385,110300,156085,60235,21000,39235,25950,15150,10800,111600,60150,51450,68600,14000,54600,154000,64000,90000,18600,
16,22,425400,238600,113100,125500,45000,21000,24000,49950,26100,23850,90450,32400,58050,53200,33600,19600,162000,72000,90000,24800,
16,23,514550,318950,143300,175650,49300,24000,25300,54150,23700,30450,96300,54000,42300,119200,41600,77600,177000,72000,105000,18600,
16,24,393370,304970,112200,192770,78970,22300,56670,47250,18150,29100,71550,29550,42000,107200,42200,65000,76000,16000,60000,12400,
16,25,497200,271600,117500,154100,48000,15000,33000,30000,25800,4200,108600,54300,54300,85000,22400,62600,207000,72000,135000,18600,
16,26,428685,264885,102850,162035,46535,18000,28535,58500,28200,30300,74250,25650,48600,85600,31000,54600,139000,64000,75000,24800,
16,27,480900,295100,115350,179750,72900,36000,36900,40800,14850,25950,100200,47700,52500,81200,16800,64400,161000,56000,105000,24800,
16,28,492600,261000,122450,138550,63000,27000,36000,60750,28200,32550,77850,30450,47400,59400,36800,22600,213000,48000,165000,18600,
16,29,401735,245135,105200,139935,57235,33000,24235,47700,17400,30300,75000,40800,34200,65200,14000,51200,138000,48000,90000,18600,
16,30,333135,237535,98335,139200,48235,24235,24000,37950,14850,23100,61350,34050,27300,90000,25200,64800,77000,32000,45000,18600,
17,0,447955,276955,129910,147045,81055,37410,43645,37800,18900,18900,69300,33600,35700,88800,40000,48800,140000,80000,60000,31000,
17,1,463595,283995,127245,156750,105995,43645,62350,31500,16800,14700,77700,37800,39900,68800,29000,39800,161000,56000,105000,18600,
17,2,462350,274750,119800,154950,62600,24000,38600,67200,32550,34650,68550,32250,36300,76400,31000,45400,169000,64000,105000,18600,
17,3,496700,281900,112450,169450,60000,21000,39000,42900,15150,27750,79200,36900,42300,99800,39400,60400,190000,40000,150000,24800,
17,4,505595,302995,141210,161785,105995,37410,68585,35700,16800,18900,69300,37800,31500,92000,49200,42800,184000,64000,120000,18600,
17,5,498390,312590,116810,195780,87290,37410,49880,42000,14700,27300,86100,35700,50400,97200,29000,68200,161000,56000,105000,24800,
17,6,384385,258585,126245,132340,68585,43645,24940,35700,14700,21000,60900,31500,29400,93400,36400,57000,101000,56000,45000,24800,
17,7,534985,301385,126040,175345,68585,24940,43645,25200,12600,12600,63600,36300,27300,144000,52200,91800,215000,80000,135000,18600,
17,8,544060,311260,143180,168080,99760,49880,49880,35700,16800,18900,63000,27300,35700,112800,49200,63600,208000,88000,120000,24800,
17,9,538210,291410,135960,155450,99760,37410,62350,44100,14700,29400,72150,31650,40500,75400,52200,23200,222000,72000,150000,24800,
17,10,550725,302125,144875,157250,93525,31175,62350,42000,18900,23100,59400,42600,16800,107200,52200,55000,230000,80000,150000,18600,
17,11,438125,251525,114645,136880,93525,43645,49880,50400,25200,25200,61200,16800,44400,46400,29000,17400,168000,48000,120000,18600,
17,12,499825,311225,140945,170280,93525,43645,49880,25200,12600,12600,86100,35700,50400,106400,49000,57400,170000,80000,90000,18600,
17,13,345220,241420,110740,130680,82120,24940,57180,33600,12600,21000,60900,42000,18900,64800,31200,33600,79000,64000,15000,24800,
17,14,460025,286625,119575,167050,93525,31175,62350,35700,16800,18900,58800,25200,33600,98600,46400,52200,161000,56000,105000,12400,
17,15,481490,272690,112260,160430,87290,37410,49880,42000,14700,27300,73800,25350,48450,69600,34800,34800,184000,64000,120000,24800,
17,16,473955,241355,100540,140815,81055,24940,56115,23100,8400,14700,79200,32400,46800,58000,34800,23200,214000,64000,150000,18600,
17,17,511160,287360,137710,149650,99760,37410,62350,25200,12600,12600,67200,35700,31500,95200,52000,43200,199000,64000,135000,24800,
17,18,452840,266240,101820,164420,87290,12470,74820,29400,6300,23100,65550,42450,23100,84000,40600,43400,168000,48000,120000,18600,
17,19,406955,244155,115975,128180,81055,31175,49880,25200,12600,12600,52500,29400,23100,85400,42800,42600,138000,48000,90000,24800,
17,20,574315,326715,130030,196685,118465,49880,68585,31500,16800,14700,75750,16950,58800,101000,46400,54600,229000,64000,165000,18600,
17,21,456860,277260,122610,154650,99760,37410,62350,27300,12600,14700,58800,37800,21000,91400,34800,56600,161000,56000,105000,18600,
17,22,516340,270540,127045,143495,87290,43645,43645,37800,16800,21000,70050,31800,38250,75400,34800,40600,221000,56000,165000,24800,
17,23,487365,337565,141280,196285,118465,49880,68585,50400,21000,29400,77700,42000,35700,91000,28400,62600,125000,80000,45000,24800,
17,24,425525,247725,102005,145720,96525,18705,77820,25200,8400,16800,54600,31500,23100,71400,43400,28000,153000,48000,105000,24800,
17,25,453755,290955,152180,138775,81055,49880,31175,39900,16800,23100,63000,27300,35700,107000,58200,48800,138000,48000,90000,24800,
17,26,494130,313530,112045,201485,112230,43645,68585,42000,14700,27300,65100,18900,46200,94200,34800,59400,162000,72000,90000,18600,
17,27,504030,318230,130980,187250,112230,49880,62350,37800,16800,21000,79800,35700,44100,88400,28600,59800,161000,56000,105000,24800,
17,28,464090,264290,123810,140480,87290,37410,49880,50400,21000,29400,54600,33600,21000,72000,31800,40200,175000,40000,135000,24800,
17,29,573990,303390,133945,169445,87290,43645,43645,37800,14700,23100,68100,40800,27300,110200,34800,75400,252000,72000,180000,18600,
17,30,535865,325265,162050,163215,118465,62350,56115,29400,14700,14700,96600,50400,46200,80800,34600,46200,192000,72000,120000,18600,
18,0,540645,323845,137825,186020,105995,31175,74820,44100,16800,27300,94950,55050,39900,78800,34800,44000,192000,72000,120000,24800,
18,1,517510,290910,125895,165015,99760,43645,56115,35700,16800,18900,65850,36450,29400,89600,29000,60600,208000,88000,120000,18600,
18,2,504760,317160,134880,182280,99760,49880,49880,42000,16800,25200,84000,33600,50400,91400,34600,56800,169000,64000,105000,18600,
18,3,463255,291655,131245,160410,81055,43645,37410,35700,16800,18900,86100,42000,44100,88800,28800,60000,153000,48000,105000,18600,
18,4,409055,247255,113675,133580,81055,31175,49880,42000,14700,27300,50400,33600,16800,73800,34200,39600,137000,32000,105000,24800,
18,5,463085,290485,130045,160440,68585,43645,24940,35700,16800,18900,71400,21000,50400,114800,48600,66200,154000,64000,90000,18600,
18,6,366090,226290,106910,119380,87290,37410,49880,31500,14700,16800,48300,21000,27300,59200,33800,25400,115000,40000,75000,24800,
18,7,504140,286540,122410,164130,87290,37410,49880,33600,14700,18900,84450,29700,54750,81200,40600,40600,199000,64000,135000,18600,
18,8,499525,305725,135910,169815,93525,37410,56115,35700,16800,18900,90300,44100,46200,86200,37600,48600,169000,64000,105000,24800,
18,9,445225,265625,108080,157545,93525,49880,43645,18900,4200,14700,67200,25200,42000,86000,28800,57200,161000,56000,105000,18600,
18,10,515720,291920,146545,145375,74820,43645,31175,31500,16800,14700,75600,39900,35700,110000,46200,63800,199000,64000,135000,24800,
18,11,529405,282605,147210,135395,81055,37410,43645,31500,14700,16800,48450,31500,16950,121600,63600,58000,222000,72000,150000,24800,
18,12,553660,329860,144275,185585,99760,31175,68585,42000,18900,23100,77700,42000,35700,110400,52200,58200,199000,64000,135000,24800,
18,13,387525,253725,119975,133750,93525,31175,62350,25200,10500,14700,75600,35700,39900,59400,42600,16800,109000,64000,45000,24800,
18,14,479605,307005,121590,185415,81055,24940,56115,50400,18900,31500,86550,48750,37800,89000,29000,60000,154000,64000,90000,18600,
18,15,475625,251825,118710,133115,93525,37410,56115,31500,16800,14700,48600,29700,18900,78200,34800,43400,199000,64000,135000,24800,
18,16,465460,317660,140245,177415,99760,43645,56115,29400,16800,12600,86100,42000,44100,102400,37800,64600,123000,48000,75000,24800,
18,17,526660,333860,125210,208650,99760,37410,62350,48300,18900,29400,79800,31500,48300,106000,37400,68600,168000,48000,120000,24800,
18,18,484490,312890,121710,191180,87290,37410,49880,35700,10500,25200,77700,33600,44100,112200,40200,72000,153000,48000,105000,18600,
18,19,523615,306815,123130,183685,118465,49880,68585,44100,18900,25200,69450,25350,44100,74800,29000,45800,192000,72000,120000,24800,
18,20,393315,275715,118970,156745,77615,12470,65145,44100,14700,29400,75600,54600,21000,78400,37200,41200,99000,24000,75000,18600,
18,21,454560,288960,122610,166350,99760,37410,62350,33600,14700,18900,63000,27300,35700,92600,43200,49400,147000,72000,75000,18600,
18,22,536270,282470,102490,179980,74820,24940,49880,39900,14700,25200,81150,45450,35700,86600,17400,69200,229000,64000,165000,24800,
18,23,544140,319540,144860,174680,87290,37410,49880,42000,18900,23100,86250,42150,44100,104000,46400,57600,206000,56000,150000,18600,
18,24,469900,236300,100110,136190,62350,37410,24940,33750,14850,18900,47400,13050,34350,92800,34800,58000,215000,80000,135000,18600,
18,25,500925,286125,132580,153545,93525,49880,43645,39900,14700,25200,69300,25200,44100,83400,42800,40600,190000,40000,150000,24800,
18,26,420385,255785,123810,131975,68585,37410,31175,25200,14700,10500,75600,39900,35700,86400,31800,54600,146000,56000,90000,18600,
18,27,531555,307755,147245,160510,81055,43645,37410,44100,14700,29400,84000,48300,35700,98600,40600,58000,199000,64000,135000,24800,
18,28,505370,288770,124790,163980,74820,24940,49880,33600,16800,16800,90750,42450,48300,89600,40600,49000,198000,48000,150000,18600,
18,29,469425,276625,130280,146345,93525,49880,43645,44100,18900,25200,58800,35700,23100,80200,25800,54400,168000,48000,120000,24800,
18,30,382260,233460,116675,116785,108760,31175,77585,35700,10500,25200,37800,37800,0,51200,37200,14000,124000,64000,60000,24800,
19,0,453455,289855,111000,178855,69305,15000,54305,30300,13050,17250,110250,49350,60900,80000,33600,46400,145000,40000,105000,18600,
19,1,489550,279750,125700,154050,55300,27000,28300,46500,21750,24750,78150,43350,34800,99800,33600,66200,185000,80000,105000,24800,
19,2,584050,306450,121000,185450,56200,15000,41200,56550,17400,39150,101700,45600,56100,92000,43000,49000,259000,64000,195000,18600,
19,3,499985,297385,133450,163935,63235,27000,36235,68100,30300,37800,103050,45150,57900,63000,31000,32000,184000,64000,120000,18600,
19,4,461720,267120,123950,143170,48470,24000,24470,45450,19500,25950,94800,41250,53550,78400,39200,39200,176000,56000,120000,18600,
19,5,494550,315750,143100,172650,87900,29600,58300,50850,21750,29100,66000,42750,23250,111000,49000,62000,154000,64000,90000,24800,
19,6,460920,272320,110850,161470,66470,24000,42470,49950,23850,26100,65100,34800,30300,90800,28200,62600,170000,80000,90000,18600,
19,7,385535,281935,110650,171285,86835,39000,47835,36150,19200,16950,82350,38250,44100,76600,14200,62400,85000,40000,45000,18600,
19,8,486920,232120,121370,110750,18470,15470,3000,43500,26100,17400,49950,34800,15150,120200,45000,75200,230000,80000,150000,24800,
19,9,492300,274700,130200,144500,60000,39000,21000,39150,13050,26100,108150,49950,58200,67400,28200,39200,199000,64000,135000,18600,
19,10,534870,301270,115300,185970,61770,18000,43770,47700,21750,25950,85800,32550,53250,106000,43000,63000,215000,80000,135000,18600,
19,11,400200,236400,112800,123600,21000,21000,0,49950,19500,30450,89850,38700,51150,75600,33600,42000,139000,64000,75000,24800,
19,12,433685,270085,100950,169135,60235,21000,39235,34050,17250,16800,72600,26100,46500,103200,36600,66600,145000,40000,105000,18600,
19,13,487585,276985,99785,177200,45235,12235,33000,52200,21750,30450,98550,34800,63750,81000,31000,50000,192000,72000,120000,18600,
19,14,518950,281150,123900,157250,61300,21000,40300,52950,26100,26850,81900,51600,30300,85000,25200,59800,213000,48000,165000,24800,
19,15,514770,313970,114900,199070,61770,27000,34770,56700,19500,37200,108300,43200,65100,87200,25200,62000,176000,56000,120000,24800,
19,16,497200,280400,125900,154500,72000,30000,42000,55200,26100,29100,67200,39000,28200,86000,30800,55200,192000,72000,120000,24800,
19,17,462750,237150,121950,115200,36000,18000,18000,30300,19500,10800,100050,47850,52200,70800,36600,34200,207000,72000,135000,18600,
19,18,531600,329800,140550,189250,62600,28300,34300,55800,34350,21450,99600,47100,52500,111800,30800,81000,177000,72000,105000,24800,
19,19,513500,265900,134600,131300,63000,27000,36000,30300,8550,21750,112800,73650,39150,59800,25400,34400,229000,64000,165000,18600,
19,20,452600,297000,115850,181150,72500,27000,45500,55650,28200,27450,84450,38250,46200,84400,22400,62000,137000,32000,105000,18600,
19,21,418670,255070,101300,153770,75470,27000,48470,36300,2100,34200,85500,49800,35700,57800,22400,35400,145000,40000,105000,18600,
19,22,441050,292450,149100,143350,55800,35200,20600,60750,36900,23850,84300,42000,42300,91600,35000,56600,130000,40000,90000,18600,
19,23,477520,274920,111050,163870,63470,15000,48470,36600,6300,30300,101850,49950,51900,73000,39800,33200,184000,64000,120000,18600,
19,24,439900,254100,109150,144950,64300,27000,37300,52050,28200,23850,69150,25950,43200,68600,28000,40600,161000,56000,105000,24800,
19,25,498700,274900,123800,151100,67300,30000,37300,32400,17400,15000,102000,45600,56400,73200,30800,42400,199000,64000,135000,24800,
19,26,511040,316440,141250,175190,77240,31300,45940,59400,24750,34650,93600,51600,42000,86200,33600,52600,176000,56000,120000,18600,
19,27,489250,278650,123050,155600,51000,15000,36000,36750,6300,30450,112500,56550,55950,78400,45200,33200,192000,72000,120000,18600,
19,28,460985,267185,122700,144485,63235,18000,45235,52200,21750,30450,106950,57750,49200,44800,25200,19600,169000,64000,105000,24800,
19,29,500935,315135,120550,194585,77435,30000,47435,57300,21750,35550,82800,40800,42000,97600,28000,69600,161000,56000,105000,24800,
19,30,496400,316800,120900,195900,81900,33000,48900,59100,30300,28800,82800,32400,50400,93000,25200,67800,161000,56000,105000,18600,
20,0,453455,289855,111000,178855,69305,15000,54305,30300,13050,17250,110250,49350,60900,80000,33600,46400,145000,40000,105000,18600,
20,1,417385,221785,106985,114800,45235,18235,27000,49800,23850,25950,67350,36900,30450,59400,28000,31400,177000,72000,105000,18600,
20,2,519650,302850,127600,175250,60000,24000,36000,46500,8700,37800,115950,58500,57450,80400,36400,44000,192000,72000,120000,24800,
20,3,401950,258550,102650,155900,64300,24000,40300,45600,19500,26100,72450,36750,35700,76200,22400,53800,131000,56000,75000,12400,
20,4,405650,270050,136500,133550,69900,35600,34300,37800,24750,13050,77550,38550,39000,84800,37600,47200,117000,72000,45000,18600,
20,5,463935,285335,119250,166085,66235,21000,45235,52050,19500,32550,97650,45150,52500,69400,33600,35800,160000,40000,120000,18600,
20,6,496050,263450,151800,111650,49300,31300,18000,58200,27750,30450,73950,39150,34800,82000,53600,28400,214000,64000,150000,18600,
20,7,394800,235400,111450,123950,39000,15000,24000,54300,19500,34800,77700,43350,34350,64400,33600,30800,147000,72000,75000,12400,
20,8,421585,250785,100750,150035,63235,18000,45235,36750,17250,19500,62400,26100,36300,88400,39400,49000,146000,56000,90000,24800,
20,9,429655,304055,128635,175420,78305,31535,46770,35100,19500,15600,92850,36000,56850,97800,41600,56200,107000,32000,75000,18600,
20,10,534870,301270,115300,185970,61770,18000,43770,47700,21750,25950,85800,32550,53250,106000,43000,63000,215000,80000,135000,18600,
20,11,400200,236400,112800,123600,21000,21000,0,49950,19500,30450,89850,38700,51150,75600,33600,42000,139000,64000,75000,24800,
20,12,433685,270085,100950,169135,60235,21000,39235,34050,17250,16800,72600,26100,46500,103200,36600,66600,145000,40000,105000,18600,
20,13,487585,276985,99785,177200,45235,12235,33000,52200,21750,30450,98550,34800,63750,81000,31000,50000,192000,72000,120000,18600,
20,14,518950,281150,123900,157250,61300,21000,40300,52950,26100,26850,81900,51600,30300,85000,25200,59800,213000,48000,165000,24800,
20,15,514770,313970,114900,199070,61770,27000,34770,56700,19500,37200,108300,43200,65100,87200,25200,62000,176000,56000,120000,24800,
20,16,497200,280400,125900,154500,72000,30000,42000,55200,26100,29100,67200,39000,28200,86000,30800,55200,192000,72000,120000,24800,
20,17,462750,237150,121950,115200,36000,18000,18000,30300,19500,10800,100050,47850,52200,70800,36600,34200,207000,72000,135000,18600,
20,18,531600,329800,140550,189250,62600,28300,34300,55800,34350,21450,99600,47100,52500,111800,30800,81000,177000,72000,105000,24800,
20,19,513500,265900,134600,131300,63000,27000,36000,30300,8550,21750,112800,73650,39150,59800,25400,34400,229000,64000,165000,18600,
20,20,452600,297000,115850,181150,72500,27000,45500,55650,28200,27450,84450,38250,46200,84400,22400,62000,137000,32000,105000,18600,
20,21,418670,255070,101300,153770,75470,27000,48470,36300,2100,34200,85500,49800,35700,57800,22400,35400,145000,40000,105000,18600,
20,22,441050,292450,149100,143350,55800,35200,20600,60750,36900,23850,84300,42000,42300,91600,35000,56600,130000,40000,90000,18600,
20,23,477520,274920,111050,163870,63470,15000,48470,36600,6300,30300,101850,49950,51900,73000,39800,33200,184000,64000,120000,18600,
20,24,439900,254100,109150,144950,64300,27000,37300,52050,28200,23850,69150,25950,43200,68600,28000,40600,161000,56000,105000,24800,
20,25,498700,274900,123800,151100,67300,30000,37300,32400,17400,15000,102000,45600,56400,73200,30800,42400,199000,64000,135000,24800,
20,26,511040,316440,141250,175190,77240,31300,45940,59400,24750,34650,93600,51600,42000,86200,33600,52600,176000,56000,120000,18600,
20,27,489250,278650,123050,155600,51000,15000,36000,36750,6300,30450,112500,56550,55950,78400,45200,33200,192000,72000,120000,18600,
20,28,460985,267185,122700,144485,63235,18000,45235,52200,21750,30450,106950,57750,49200,44800,25200,19600,169000,64000,105000,24800,
20,29,500935,315135,120550,194585,77435,30000,47435,57300,21750,35550,82800,40800,42000,97600,28000,69600,161000,56000,105000,24800,
20,30,496400,316800,120900,195900,81900,33000,48900,59100,30300,28800,82800,32400,50400,93000,25200,67800,161000,56000,105000,18600,
21,0,374255,256655,115810,140845,101255,37410,63845,33600,12600,21000,54600,29400,25200,67200,36400,30800,99000,24000,75000,18600,
21,1,503635,301035,134860,166175,68585,37410,31175,35700,16800,18900,84150,40050,44100,112600,40600,72000,184000,64000,120000,18600,
21,2,482555,274755,135210,139545,81055,37410,43645,27300,14700,12600,63000,39900,23100,103400,43200,60200,183000,48000,135000,24800,
21,3,484685,281085,128275,152810,68585,31175,37410,33600,12600,21000,63300,38100,25200,115600,46400,69200,185000,80000,105000,18600,
21,4,498600,297000,111080,185920,124700,49880,74820,37800,16800,21000,56700,12600,44100,77800,31800,46000,183000,48000,135000,18600,
21,5,473355,288555,115475,173080,81055,31175,49880,31500,14700,16800,63000,29400,33600,113000,40200,72800,160000,40000,120000,24800,
21,6,517555,300755,139810,160945,81055,37410,43645,33600,21000,12600,81900,29400,52500,104200,52000,52200,192000,72000,120000,24800,
21,7,503570,269970,128425,141545,74820,31175,43645,27300,14700,12600,98250,53550,44700,69600,29000,40600,215000,80000,135000,18600,
21,8,428855,250255,96240,154015,81055,24940,56115,29400,10500,18900,65400,31800,33600,74400,29000,45400,160000,40000,120000,18600,
21,9,442730,248130,135940,112190,49880,24940,24940,33600,21000,12600,71850,37800,34050,92800,52200,40600,176000,56000,120000,18600,
21,10,448990,275390,127010,148380,87290,37410,49880,33600,18900,14700,65100,27300,37800,89400,43400,46000,155000,80000,75000,18600,
21,11,516605,328005,110525,217480,81055,31175,49880,31500,12600,18900,84450,31950,52500,131000,34800,96200,170000,80000,90000,18600,
21,12,575530,336930,136675,200255,112230,31175,81055,31500,16800,14700,99000,42300,56700,94200,46400,47800,220000,40000,180000,18600,
21,13,503385,279585,147075,132510,68585,31175,37410,29400,16800,12600,54600,44100,10500,127000,55000,72000,199000,64000,135000,24800,
21,14,461840,245240,124215,121025,87290,56115,31175,37800,16800,21000,85350,33900,51450,34800,17400,17400,198000,48000,150000,18600,
21,15,451555,289755,108945,180810,81055,43645,37410,44100,16800,27300,58800,14700,44100,105800,33800,72000,137000,32000,105000,24800,
21,16,469260,283460,104210,179250,99760,37410,62350,31500,10500,21000,71400,27300,44100,80800,29000,51800,161000,56000,105000,24800,
21,17,498495,295895,136380,159515,105995,49880,56115,35700,14700,21000,82200,48600,33600,72000,23200,48800,184000,64000,120000,18600,
21,18,540470,314870,144360,170510,74820,37410,37410,29400,12600,16800,94650,42150,52500,116000,52200,63800,207000,72000,135000,18600,
21,19,464790,271990,125910,146080,87290,37410,49880,35700,12600,23100,71400,35700,35700,77600,40200,37400,168000,48000,120000,24800,
21,20,502920,264120,109010,155110,74820,37410,37410,27300,10500,16800,63600,32100,31500,98400,29000,69400,214000,64000,150000,24800,
21,21,469965,297365,120510,176855,118465,37410,81055,35700,12600,23100,50400,27300,23100,92800,43200,49600,154000,64000,90000,18600,
21,22,456035,268435,120660,147775,68585,37410,31175,35700,12600,23100,63150,35850,27300,101000,34800,66200,169000,64000,105000,18600,
21,23,478060,300260,137345,162915,99760,43645,56115,33600,10500,23100,86100,46200,39900,80800,37000,43800,153000,48000,105000,24800,
21,24,454155,267555,131445,136110,81055,43645,37410,29400,14700,14700,73500,44100,29400,83600,29000,54600,168000,48000,120000,18600,
21,25,521155,310555,157510,153045,81055,37410,43645,50400,21000,29400,95100,44100,51000,84000,55000,29000,192000,72000,120000,18600,
21,26,456470,262870,122825,140045,74820,31175,43645,31500,14700,16800,67350,42150,25200,89200,34800,54400,175000,40000,135000,18600,
21,27,519020,288220,154945,133275,74820,43645,31175,35700,12600,23100,90900,52500,38400,86800,46200,40600,206000,56000,150000,24800,
21,28,552360,306560,122410,184150,99760,37410,62350,33600,10500,23100,78000,33900,44100,95200,40600,54600,221000,56000,165000,24800,
21,29,465730,337330,126580,210750,125130,49880,75250,35700,16800,18900,69300,23100,46200,107200,36800,70400,116000,56000,60000,12400,
21,30,512225,318625,162915,155710,93525,56115,37410,33600,14700,18900,81900,39900,42000,109600,52200,57400,175000,40000,135000,18600,
22,0,367300,249700,110800,138900,70300,24000,46300,39300,17400,21900,57900,31800,26100,82200,37600,44600,99000,24000,75000,18600,
22,1,420700,270900,112700,158200,68600,30000,38600,52200,21750,30450,83700,46950,36750,66400,14000,52400,125000,80000,45000,24800,
22,2,464500,269700,132350,137350,63000,24000,39000,56400,32550,23850,71100,45000,26100,79200,30800,48400,170000,80000,90000,24800,
22,3,505920,273320,107000,166320,73770,24000,49770,59400,28200,31200,85350,34800,50550,54800,20000,34800,214000,64000,150000,18600,
22,4,484570,282970,107200,175770,84470,33000,51470,54300,26100,28200,63600,19500,44100,80600,28600,52000,183000,48000,135000,18600,
22,5,462500,277700,107900,169800,56600,21000,35600,36300,19500,16800,70200,36600,33600,114600,30800,83800,160000,40000,120000,24800,
22,6,494485,277685,129700,147985,54235,24000,30235,45600,30450,15150,107850,38850,69000,70000,36400,33600,192000,72000,120000,24800,
22,7,485700,252100,122950,129150,48000,21000,27000,39150,21750,17400,117150,60600,56550,47800,19600,28200,215000,80000,135000,18600,
22,8,417435,238835,89650,149185,57235,18000,39235,39000,13050,25950,77400,39000,38400,65200,19600,45600,160000,40000,120000,18600,
22,9,430650,236050,127050,109000,36000,18000,18000,47700,28200,19500,90750,47250,43500,61600,33600,28000,176000,56000,120000,18600,
22,10,438550,264950,119750,145200,60000,24000,36000,49950,28200,21750,86400,36750,49650,68600,30800,37800,155000,80000,75000,18600,
22,11,498550,309950,97900,212050,51000,18000,33000,38700,15150,23550,91650,39150,52500,128600,25600,103000,170000,80000,90000,18600,
22,12,563885,325285,129650,195635,79135,21000,58135,45600,23850,21750,114750,54000,60750,85800,30800,55000,220000,40000,180000,18600,
22,13,493800,270000,141650,128350,45000,21000,24000,39900,22500,17400,71100,55950,15150,114000,42200,71800,199000,64000,135000,24800,
22,14,450150,233550,119300,114250,57000,36000,21000,56550,26100,30450,94800,43200,51600,25200,14000,11200,198000,48000,150000,18600,
22,15,441850,280050,104000,176050,57900,30000,27900,48750,21450,27300,66000,21750,44250,107400,30800,76600,137000,32000,105000,24800,
22,16,454550,268750,95650,173100,67300,24000,43300,41850,15150,26700,81000,36900,44100,78600,19600,59000,161000,56000,105000,24800,
22,17,486550,283950,132600,151350,73300,36000,37300,52200,21750,30450,101250,58050,43200,57200,16800,40400,184000,64000,120000,18600,
22,18,534985,309385,139385,170000,55535,27235,28300,42000,17250,24750,125250,58500,66750,86600,36400,50200,207000,72000,135000,18600,
22,19,452835,260035,120350,139685,63235,27000,36235,49950,17400,32550,88050,45150,42900,58800,30800,28000,168000,48000,120000,24800,
22,20,487850,249050,104100,144950,48000,24000,24000,39000,15150,23850,82650,39150,43500,79400,25800,53600,214000,64000,150000,24800,
22,21,463135,290535,114900,175635,86835,27000,59835,45300,17400,27900,60000,36900,23100,98400,33600,64800,154000,64000,90000,18600,
22,22,445200,257600,115050,142550,48000,27000,21000,49350,17400,31950,84450,45450,39000,75800,25200,50600,169000,64000,105000,18600,
22,23,469835,292035,134000,158035,68835,29600,39235,45450,15150,30300,97950,55650,42300,79800,33600,46200,153000,48000,105000,24800,
22,24,441335,254735,122650,132085,54235,27000,27235,38850,19500,19350,97050,53550,43500,64600,22600,42000,168000,48000,120000,18600,
22,25,502635,292035,145535,146500,57235,27235,30000,69450,28200,41250,109350,53700,55650,56000,36400,19600,192000,72000,120000,18600,
22,26,437650,244050,111500,132550,45000,18000,27000,46500,21750,24750,84150,49350,34800,68400,22400,46000,175000,40000,135000,18600,
22,27,506200,275400,148400,127000,51000,30000,21000,49800,17250,32550,109800,64350,45450,64800,36800,28000,206000,56000,150000,24800,
22,28,539400,293600,118950,174650,67300,27000,40300,46350,15150,31200,99150,45600,53550,80800,31200,49600,221000,56000,165000,24800,
22,29,464000,335600,122800,212800,103000,37300,65700,40650,21750,18900,76350,30150,46200,115600,33600,82000,116000,56000,60000,12400,
22,30,500450,306850,157600,149250,60000,36000,24000,46350,19500,26850,93900,44700,49200,106600,57400,49200,175000,40000,135000,18600,
23,0,528620,326020,143200,182820,75470,27000,48470,49950,26100,23850,106200,62100,44100,94400,28000,66400,184000,64000,120000,18600,
23,1,554050,290450,130350,160100,36000,12000,24000,41250,26100,15150,126000,58650,67350,87200,33600,53600,245000,80000,165000,18600,
23,2,550290,342490,174945,167545,87290,43645,43645,42000,18900,23100,100800,54600,46200,112400,57800,54600,183000,48000,135000,24800,
23,3,432300,246500,96250,150250,62200,12000,50200,49950,21750,28200,66750,34500,32250,67600,28000,39600,161000,56000,105000,24800,
23,4,465100,294300,119800,174500,72900,21000,51900,43050,21750,21300,99750,57450,42300,78600,19600,59000,146000,56000,90000,24800,
23,5,407000,220400,120400,100000,57000,36000,21000,36900,13050,23850,84300,51750,32550,42200,19600,22600,168000,48000,120000,18600,
23,6,446150,238350,113100,125250,51000,21000,30000,39150,8700,30450,78000,49800,28200,70200,33600,36600,183000,48000,135000,24800,
23,7,484500,274900,127900,147000,49300,18000,31300,36900,19500,17400,126900,70800,56100,61800,19600,42200,191000,56000,135000,18600,
23,8,426250,254650,134400,120250,69000,27000,42000,41250,26100,15150,70800,44700,26100,73600,36600,37000,153000,48000,105000,18600,
23,9,451600,257800,114200,143600,64300,27000,37300,32550,15150,17400,78150,41250,36900,82800,30800,52000,169000,64000,105000,24800,
23,10,509400,290800,112150,178650,67300,27000,40300,50850,21750,29100,90450,34800,55650,82200,28600,53600,200000,80000,120000,18600,
23,11,478550,270750,124200,146550,75000,30000,45000,36900,23850,13050,92850,45150,47700,66000,25200,40800,183000,48000,135000,24800,
23,12,366220,234420,82800,151620,60470,21000,39470,30000,19500,10500,57150,25500,31650,86800,16800,70000,107000,32000,75000,24800,
23,13,498600,304800,112800,192000,75000,27000,48000,39150,21750,17400,72450,38850,33600,118200,25200,93000,169000,64000,105000,24800,
23,14,546900,330100,126500,203600,61300,18000,43300,47100,30450,16650,99900,47250,52650,121800,30800,91000,192000,72000,120000,24800,
23,15,427570,256970,84400,172570,54470,15000,39470,34200,17400,16800,93300,40800,52500,75000,11200,63800,152000,32000,120000,18600,
23,16,389100,255500,105750,149750,90500,24000,66500,53850,21600,32250,52950,31950,21000,58200,28200,30000,115000,40000,75000,18600,
23,17,480800,271000,140900,130100,82300,37300,45000,45600,17400,28200,95100,58200,36900,48000,28000,20000,185000,80000,105000,24800,
23,18,416050,267450,102650,164800,68200,21000,47200,38550,15150,23400,63900,34500,29400,96800,32000,64800,130000,40000,90000,18600,
23,19,421950,275150,109100,166050,68600,24000,44600,45000,15150,29850,72750,36150,36600,88800,33800,55000,122000,32000,90000,24800,
23,20,461000,251200,125300,125900,36000,21000,15000,60750,23850,36900,76050,41250,34800,78400,39200,39200,185000,80000,105000,24800,
23,21,535335,318535,138200,180335,78735,36000,42735,60750,23850,36900,94050,55950,38100,85000,22400,62600,192000,72000,120000,24800,
23,22,515000,312400,144200,168200,69000,30000,39000,50700,21600,29100,98700,55800,42900,94000,36800,57200,184000,64000,120000,18600,
23,23,432585,283785,114535,169250,45235,27235,18000,49950,19500,30450,63600,25800,37800,125000,42000,83000,124000,64000,60000,24800,
23,24,511750,324150,131350,192800,56200,30000,26200,38400,17400,21000,97950,47550,50400,131600,36400,95200,169000,64000,105000,18600,
23,25,500600,269600,124400,145200,63000,18000,45000,36900,21750,15150,75900,45450,30450,93800,39200,54600,200000,80000,120000,31000,
23,26,417600,254800,113750,141050,48000,27000,21000,34650,17400,17250,83550,38550,45000,88600,30800,57800,138000,48000,90000,24800,
23,27,501550,293750,142550,151200,45000,12000,33000,35550,20400,15150,118800,62550,56250,94400,47600,46800,183000,48000,135000,24800,
23,28,475120,290320,134085,156235,60470,27235,33235,49950,23850,26100,93300,51000,42300,86600,32000,54600,160000,40000,120000,24800,
23,29,468750,281150,146550,134600,50600,29600,21000,46350,33300,13050,79800,47250,32550,104400,36400,68000,169000,64000,105000,18600,
23,30,484000,258400,119600,138800,42000,15000,27000,52200,26100,26100,91200,47700,43500,73000,30800,42200,207000,72000,135000,18600,
24,0,421685,272885,107050,165835,57235,21000,36235,52200,26100,26100,76050,40350,35700,87400,19600,67800,124000,64000,60000,24800,
24,1,523325,314525,138210,176315,93525,37410,56115,39900,16800,23100,77700,37800,39900,103400,46200,57200,184000,64000,120000,24800,
24,2,523325,314525,138210,176315,93525,37410,56115,39900,16800,23100,77700,37800,39900,103400,46200,57200,184000,64000,120000,24800,
24,3,523325,314525,138210,176315,93525,37410,56115,39900,16800,23100,77700,37800,39900,103400,46200,57200,184000,64000,120000,24800,
24,4,523325,314525,138210,176315,93525,37410,56115,39900,16800,23100,77700,37800,39900,103400,46200,57200,184000,64000,120000,24800,
24,5,523325,314525,138210,176315,93525,37410,56115,39900,16800,23100,77700,37800,39900,103400,46200,57200,184000,64000,120000,24800,
24,6,332450,198850,87340,111510,62350,24940,37410,25200,10500,14700,48300,23100,25200,63000,28800,34200,115000,40000,75000,18600,
24,7,249545,145145,67105,78040,43645,18705,24940,18900,8400,10500,33600,16800,16800,49000,23200,25800,92000,32000,60000,12400,
24,8,523325,314525,138210,176315,93525,37410,56115,39900,16800,23100,77700,37800,39900,103400,46200,57200,184000,64000,120000,24800,
24,9,523325,314525,138210,176315,93525,37410,56115,39900,16800,23100,77700,37800,39900,103400,46200,57200,184000,64000,120000,24800,
24,10,523325,314525,138210,176315,93525,37410,56115,39900,16800,23100,77700,37800,39900,103400,46200,57200,184000,64000,120000,24800,
24,11,523325,314525,138210,176315,93525,37410,56115,39900,16800,23100,77700,37800,39900,103400,46200,57200,184000,64000,120000,24800,
24,12,523325,314525,138210,176315,93525,37410,56115,39900,16800,23100,77700,37800,39900,103400,46200,57200,184000,64000,120000,24800,
24,13,332450,198850,87340,111510,62350,24940,37410,25200,10500,14700,48300,23100,25200,63000,28800,34200,115000,40000,75000,18600,
24,14,249545,145145,67105,78040,43645,18705,24940,18900,8400,10500,33600,16800,16800,49000,23200,25800,92000,32000,60000,12400,
24,15,523325,314525,138210,176315,93525,37410,56115,39900,16800,23100,77700,37800,39900,103400,46200,57200,184000,64000,120000,24800,
24,16,523325,314525,138210,176315,93525,37410,56115,39900,16800,23100,77700,37800,39900,103400,46200,57200,184000,64000,120000,24800,
24,17,523325,314525,138210,176315,93525,37410,56115,39900,16800,23100,77700,37800,39900,103400,46200,57200,184000,64000,120000,24800,
24,18,523325,314525,138210,176315,93525,37410,56115,39900,16800,23100,77700,37800,39900,103400,46200,57200,184000,64000,120000,24800,
24,19,523325,314525,138210,176315,93525,37410,56115,39900,16800,23100,77700,37800,39900,103400,46200,57200,184000,64000,120000,24800,
24,20,332450,198850,87340,111510,62350,24940,37410,25200,10500,14700,48300,23100,25200,63000,28800,34200,115000,40000,75000,18600,
24,21,249545,145145,67105,78040,43645,18705,24940,18900,8400,10500,33600,16800,16800,49000,23200,25800,92000,32000,60000,12400,
24,22,523325,314525,138210,176315,93525,37410,56115,39900,16800,23100,77700,37800,39900,103400,46200,57200,184000,64000,120000,24800,
24,23,523325,314525,138210,176315,93525,37410,56115,39900,16800,23100,77700,37800,39900,103400,46200,57200,184000,64000,120000,24800,
24,24,523325,314525,138210,176315,93525,37410,56115,39900,16800,23100,77700,37800,39900,103400,46200,57200,184000,64000,120000,24800,
24,25,523325,314525,138210,176315,93525,37410,56115,39900,16800,23100,77700,37800,39900,103400,46200,57200,184000,64000,120000,24800,
24,26,523325,314525,138210,176315,93525,37410,56115,39900,16800,23100,77700,37800,39900,103400,46200,57200,184000,64000,120000,24800,
24,27,332450,198850,87340,111510,62350,24940,37410,25200,10500,14700,48300,23100,25200,63000,28800,34200,115000,40000,75000,18600,
24,28,249545,145145,67105,78040,43645,18705,24940,18900,8400,10500,33600,16800,16800,49000,23200,25800,92000,32000,60000,12400,
24,29,523325,314525,138210,176315,93525,37410,56115,39900,16800,23100,77700,37800,39900,103400,46200,57200,184000,64000,120000,24800,
24,30,523325,314525,138210,176315,93525,37410,56115,39900,16800,23100,77700,37800,39900,103400,46200,57200,184000,64000,120000,24800,
25,0,540470,307670,108020,199650,72070,15470,56600,45450,17400,28050,72150,32550,39600,118000,42600,75400,208000,88000,120000,24800,
25,1,564540,324940,129900,195040,93940,30000,63940,30150,4350,25800,85650,49950,35700,115200,45600,69600,221000,56000,165000,18600,
25,2,516100,276500,127550,148950,60000,27000,33000,58650,23850,34800,101250,36900,64350,56600,39800,16800,221000,56000,165000,18600,
25,3,494935,286135,116350,169785,66235,24000,42235,39000,19500,19500,78300,30450,47850,102600,42400,60200,184000,64000,120000,24800,
25,4,398450,267650,131700,135950,63000,36000,27000,44250,18600,25650,63600,33900,29700,96800,43200,53600,106000,16000,90000,24800,
25,5,426950,269350,108350,161000,56200,15000,41200,37650,15150,22500,96300,55800,40500,79200,22400,56800,139000,64000,75000,18600,
25,6,464000,301200,117650,183550,57000,30000,27000,53100,24750,28350,78300,32100,46200,112800,30800,82000,138000,48000,90000,24800,
25,7,420700,234900,109450,125450,57000,21000,36000,32550,17400,15150,78150,34650,43500,67200,36400,30800,161000,56000,105000,24800,
25,8,512800,251000,102600,148400,48000,9000,39000,58650,23850,34800,84750,49950,34800,59600,19800,39800,237000,72000,165000,24800,
25,9,434850,285450,102800,182650,53600,18000,35600,49050,17100,31950,81000,36900,44100,101800,30800,71000,137000,32000,105000,12400,
25,10,504435,308835,124800,184035,61535,24000,37535,45300,19500,25800,107400,64500,42900,94600,16800,77800,177000,72000,105000,18600,
25,11,472750,294950,133800,161150,70300,27000,43300,69900,21600,48300,88950,42600,46350,65800,42600,23200,153000,48000,105000,24800,
25,12,484905,275305,120800,154505,75705,27000,48705,41100,19500,21600,82500,43500,39000,76000,30800,45200,191000,56000,135000,18600,
25,13,487050,247250,132350,114900,45000,27000,18000,47700,19500,28200,71550,52050,19500,83000,33800,49200,215000,80000,135000,24800,
25,14,524750,278150,141100,137050,66000,33000,33000,41250,21750,19500,106500,49950,56550,64400,36400,28000,228000,48000,180000,18600,
25,15,473650,302850,115700,187150,84100,33000,51100,47100,21750,25350,74250,30150,44100,97400,30800,66600,146000,56000,90000,24800,
25,16,488485,307885,119750,188135,70535,24000,46535,43500,19500,24000,77850,45450,32400,116000,30800,85200,162000,72000,90000,18600,
25,17,422450,219650,112450,107200,45000,27000,18000,65100,30300,34800,67350,32550,34800,42200,22600,19600,178000,88000,90000,24800,
25,18,495550,307950,132650,175300,54000,18000,36000,51750,23850,27900,89400,60000,29400,112800,30800,82000,169000,64000,105000,18600,
25,19,375600,219800,117350,102450,39000,18000,21000,41250,15150,26100,75150,45000,30150,64400,39200,25200,131000,56000,75000,24800,
25,20,472850,256050,132350,123700,45000,21000,24000,63000,32550,30450,77850,36600,41250,70200,42200,28000,192000,72000,120000,24800,
25,21,487500,267900,127000,140900,39000,24000,15000,58650,30450,28200,73650,15150,58500,96600,57400,39200,201000,96000,105000,18600,
25,22,536335,309735,135300,174435,78235,27000,51235,58650,19500,39150,82050,52200,29850,90800,36600,54200,208000,88000,120000,18600,
25,23,406250,248650,127850,120800,63000,24000,39000,47700,23850,23850,72750,57600,15150,65200,22400,42800,139000,64000,75000,18600,
25,24,486605,306005,147600,158405,72705,30000,42705,58650,28200,30450,94050,40800,53250,80600,48600,32000,162000,72000,90000,18600,
25,25,518400,331600,113300,218300,85800,24000,61800,31650,15150,16500,91350,43350,48000,122800,30800,92000,162000,72000,90000,24800,
25,26,474650,272850,120200,152650,52300,30000,22300,58500,21600,36900,94650,34800,59850,67400,33800,33600,177000,72000,105000,24800,
25,27,423870,230070,109085,120985,60470,21235,39235,58350,21450,36900,94050,49200,44850,17200,17200,0,169000,64000,105000,24800,
25,28,530400,344600,134500,210100,76800,31300,45500,44850,21750,23100,93150,44850,48300,129800,36600,93200,161000,56000,105000,24800,
25,29,578185,307385,142050,165335,54235,27000,27235,54150,21600,32550,108600,47850,60750,90400,45600,44800,246000,96000,150000,24800,
25,30,490050,319450,97250,222200,59200,18000,41200,48750,17250,31500,86700,45000,41700,124800,17000,107800,152000,32000,120000,18600,
26,0,430520,264920,122500,142420,69470,36000,33470,36900,17400,19500,96750,49500,47250,61800,19600,42200,147000,72000,75000,18600,
26,1,489550,279750,125700,154050,55300,27000,28300,46500,21750,24750,78150,43350,34800,99800,33600,66200,185000,80000,105000,24800,
26,2,584050,306450,121000,185450,56200,15000,41200,56550,17400,39150,101700,45600,56100,92000,43000,49000,259000,64000,195000,18600,
26,3,499985,297385,133450,163935,63235,27000,36235,68100,30300,37800,103050,45150,57900,63000,31000,32000,184000,64000,120000,18600,
26,4,461720,267120,123950,143170,48470,24000,24470,45450,19500,25950,94800,41250,53550,78400,39200,39200,176000,56000,120000,18600,
26,5,450550,254950,94600,160350,42000,12000,30000,39000,23850,15150,100350,39150,61200,73600,19600,54000,177000,72000,105000,18600,
26,6,406485,270885,90385,180500,86035,30235,55800,40500,19500,21000,63750,23850,39900,80600,16800,63800,117000,72000,45000,18600,
26,7,483435,282635,119500,163135,76535,33000,43535,49950,26100,23850,81150,40800,40350,75000,19600,55400,176000,56000,120000,24800,
26,8,420935,303135,125800,177335,75235,27000,48235,45150,21750,23400,63150,35850,27300,119600,41200,78400,93000,48000,45000,24800,
26,9,484700,269100,126800,142300,66000,24000,42000,30300,17250,13050,108000,51750,56250,64800,33800,31000,197000,32000,165000,18600,
26,10,478835,277835,97850,179985,66235,12000,54235,56400,21600,34800,76800,30450,46350,78400,33800,44600,170000,80000,90000,31000,
26,11,463735,277935,125950,151985,60235,24000,36235,37650,20400,17250,92250,45150,47100,87800,36400,51400,161000,56000,105000,24800,
26,12,395000,238400,107450,130950,45000,24000,21000,63000,23850,39150,45000,17400,27600,85400,42200,43200,138000,48000,90000,18600,
26,13,495185,299585,109550,190035,73535,15000,58535,35400,12900,22500,98850,47850,51000,91800,33800,58000,177000,72000,105000,18600,
26,14,479470,313870,153550,160320,81070,47600,33470,50700,24750,25950,100500,45000,55500,81600,36200,45400,147000,72000,75000,18600,
26,15,472800,279200,121900,157300,78900,27000,51900,54300,19500,34800,77400,39000,38400,68600,36400,32200,175000,40000,135000,18600,
26,16,508600,292800,106850,185950,42000,9000,33000,55950,25950,30000,95850,57900,37950,99000,14000,85000,191000,56000,135000,24800,
26,17,506350,285750,137500,148250,54000,27000,27000,36900,6450,30450,121650,76050,45600,73200,28000,45200,202000,112000,90000,18600,
26,18,543600,318000,134350,183650,63000,15000,48000,45300,10500,34800,116100,69450,46650,93600,39400,54200,207000,72000,135000,18600,
26,19,436185,279385,120985,158400,63235,24235,39000,56400,21600,34800,55350,21750,33600,104400,53400,51000,132000,72000,60000,24800,
26,20,427485,250485,117085,133400,54235,33235,21000,56400,19500,36900,72450,27750,44700,67400,36600,30800,146000,56000,90000,31000,
26,21,473270,303470,132650,170820,94370,31300,63070,47400,23850,23550,65700,27900,37800,96000,49600,46400,145000,40000,105000,24800,
26,22,489970,317570,108700,208870,86270,18000,68270,45000,28200,16800,72300,26100,46200,114000,36400,77600,160000,40000,120000,12400,
26,23,533850,294050,120300,173750,40300,15000,25300,59550,26100,33450,105600,54000,51600,88600,25200,63400,215000,80000,135000,24800,
26,24,514000,305200,128850,176350,65600,24000,41600,36750,28200,8550,113250,51450,61800,89600,25200,64400,184000,64000,120000,24800,
26,25,439750,299950,126550,173400,79800,30000,49800,42600,17400,25200,94950,48750,46200,82600,30400,52200,115000,40000,75000,24800,
26,26,483100,267300,126550,140750,54000,21000,33000,41250,15150,26100,86850,45600,41250,85200,44800,40400,191000,56000,135000,24800,
26,27,428035,251035,86850,164185,42235,12000,30235,58500,28200,30300,86700,21450,65250,63600,25200,38400,146000,56000,90000,31000,
26,28,449650,285050,114350,170700,55300,21000,34300,58650,23850,34800,76500,38700,37800,94600,30800,63800,146000,56000,90000,18600,
26,29,511805,287205,116550,170655,74005,24000,50005,52050,26100,25950,81750,41250,40500,79400,25200,54200,206000,56000,150000,18600,
26,30,497725,241125,99175,141950,55175,31175,24000,45450,23850,21600,89100,32550,56550,51400,11600,39800,238000,88000,150000,18600,
27,0,444320,259520,131140,128380,74820,24940,49880,33600,21000,12600,81900,42000,39900,69200,43200,26000,160000,40000,120000,24800,
27,1,434460,284660,120545,164115,99760,43645,56115,37800,16800,21000,73500,39900,33600,73600,20200,53400,125000,80000,45000,24800,
27,2,553200,328400,134050,194350,63000,24000,39000,45450,23850,21600,119550,58200,61350,100400,28000,72400,200000,80000,120000,24800,
27,3,424400,297800,121700,176100,79400,28300,51100,36150,15150,21000,86850,40650,46200,95400,37600,57800,108000,48000,60000,18600,
27,4,491000,288400,134850,153550,63000,27000,36000,58500,19500,39000,101100,43350,57750,65800,45000,20800,184000,64000,120000,18600,
27,5,389900,235100,86200,148900,43300,15000,28300,35550,10800,24750,86250,40800,45450,70000,19600,50400,130000,40000,90000,24800,
27,6,414635,265835,137450,128385,70535,31300,39235,31200,24750,6450,102900,42600,60300,61200,38800,22400,124000,64000,60000,24800,
27,7,444600,258000,100900,157100,68600,24000,44600,45450,15150,30300,75750,21750,54000,68200,40000,28200,168000,48000,120000,18600,
27,8,502750,270150,119100,151050,61300,18000,43300,59550,26100,33450,101700,58200,43500,47600,16800,30800,214000,64000,150000,18600,
27,9,432385,289785,137350,152435,57735,21000,36735,48300,28800,19500,97950,55350,42600,85800,32200,53600,124000,64000,60000,18600,
27,10,520350,266550,117400,149150,57000,24000,33000,52050,25950,26100,95700,47850,47850,61800,19600,42200,229000,64000,165000,24800,
27,11,492205,344405,115885,228520,88705,18235,70470,44400,15000,29400,97500,40650,56850,113800,42000,71800,123000,48000,75000,24800,
27,12,533750,316150,142250,173900,77200,34300,42900,63750,21600,42150,73200,49950,23250,102000,36400,65600,199000,64000,135000,18600,
27,13,463950,283550,104450,179100,68600,15000,53600,43950,15150,28800,82200,43500,38700,88800,30800,58000,168000,48000,120000,12400,
27,14,463870,255070,105800,149270,69470,24000,45470,63750,25950,37800,62850,30450,32400,59000,25400,33600,184000,64000,120000,24800,
27,15,473350,255750,117350,138400,57000,33000,24000,45600,19500,26100,82350,30450,51900,70800,34400,36400,199000,64000,135000,18600,
27,16,437100,255700,121600,134100,72000,27000,45000,26100,4350,21750,69600,47850,21750,88000,42400,45600,169000,64000,105000,12400,
27,17,403500,232700,100200,132500,52300,21000,31300,43500,21750,21750,75300,32250,43050,61600,25200,36400,146000,56000,90000,24800,
27,18,509205,294405,127700,166705,69705,30000,39705,49950,19500,30450,98550,47400,51150,76200,30800,45400,190000,40000,150000,24800,
27,19,461185,291385,124000,167385,85135,25300,59835,43200,21750,21450,67650,31950,35700,95400,45000,50400,145000,40000,105000,24800,
27,20,511500,302700,134850,167850,73300,30000,43300,58650,23850,34800,91950,55800,36150,78800,25200,53600,184000,64000,120000,24800,
27,21,499940,297340,127800,169540,63940,27000,36940,52050,30450,21600,106950,45150,61800,74400,25200,49200,184000,64000,120000,18600,
27,22,435785,262985,114000,148985,60235,24000,36235,50850,21750,29100,90300,34650,55650,61600,33600,28000,148000,88000,60000,24800,
27,23,438385,272985,130700,142285,63235,33000,30235,54300,23850,30450,98250,51450,46800,57200,22400,34800,153000,48000,105000,12400,
27,24,529635,359035,167400,191635,87335,35200,52135,37800,21000,16800,93300,50400,42900,140600,60800,79800,152000,32000,120000,18600,
27,25,447500,289900,116650,173250,80200,24000,56200,50850,19500,31350,58650,36750,21900,100200,36400,63800,139000,64000,75000,18600,
27,26,528800,289800,106900,182900,42000,21000,21000,30450,17400,13050,90150,19500,70650,127200,49000,78200,208000,88000,120000,31000,
27,27,494550,309750,135850,173900,61300,24000,37300,48450,21750,26700,108000,51300,56700,92000,38800,53200,160000,40000,120000,24800,
27,28,565085,331485,149335,182150,73135,27235,45900,62850,17250,45600,126900,62850,64050,68600,42000,26600,215000,80000,135000,18600,
27,29,474600,272000,123800,148200,39000,30000,9000,53850,21750,32100,86550,41250,45300,92600,30800,61800,184000,64000,120000,18600,
27,30,534650,314250,133450,180800,58300,18000,40300,45450,19500,25950,105900,56550,49350,104600,39400,65200,208000,88000,120000,12400,
28,0,507455,315655,164620,151035,66705,39470,27235,29850,16950,12900,105900,46200,59700,113200,62000,51200,167000,32000,135000,24800,
28,1,485150,268350,102950,165400,57000,21000,36000,41100,21600,19500,86850,43350,43500,83400,17000,66400,192000,72000,120000,24800,
28,2,523285,276485,124500,151985,36235,24000,12235,56400,26100,30300,91050,34800,56250,92800,39600,53200,222000,72000,150000,24800,
28,3,440700,239100,95300,143800,60000,24000,36000,60900,21750,39150,81600,32550,49050,36600,17000,19600,183000,48000,135000,18600,
28,4,450200,278600,111750,166850,63000,24000,39000,34500,10650,23850,89700,43500,46200,91400,33600,57800,153000,48000,105000,18600,
28,5,466770,287170,105300,181870,61770,18000,43770,40200,12900,27300,60000,34800,25200,125200,39600,85600,161000,56000,105000,18600,
28,6,523735,261135,100000,161135,51235,6000,45235,45450,8550,36900,97650,47850,49800,66800,37600,29200,244000,64000,180000,18600,
28,7,550020,325220,121900,203320,66470,27000,39470,43050,17400,25650,84900,26100,58800,130800,51400,79400,200000,80000,120000,24800,
28,8,354600,243800,84550,159250,66500,15000,51500,35850,10500,25350,65850,28050,37800,75600,31000,44600,86000,56000,30000,24800,
28,9,347900,250500,91850,158650,43300,18000,25300,49950,21600,28350,50850,13050,37800,106400,39200,67200,85000,40000,45000,12400,
28,10,438520,251720,111900,139820,69470,24000,45470,43500,17400,26100,88350,53700,34650,50400,16800,33600,162000,72000,90000,24800,
28,11,472300,285500,128300,157200,55300,18000,37300,47700,21750,25950,94500,49350,45150,88000,39200,48800,162000,72000,90000,24800,
28,12,549100,306500,146250,160250,63000,27000,36000,54300,17400,36900,87000,47850,39150,102200,54000,48200,224000,104000,120000,18600,
28,13,540920,315320,137500,177820,69470,21000,48470,55950,28200,27750,109500,51900,57600,80400,36400,44000,207000,72000,135000,18600,
28,14,457470,280670,121850,158820,76770,33000,43770,45600,19500,26100,118500,63750,54750,39800,5600,34200,152000,32000,120000,24800,
28,15,349200,198600,88050,110550,39000,15000,24000,47700,15150,32550,58500,41100,17400,53400,16800,36600,132000,72000,60000,18600,
28,16,526770,301970,129450,172520,63470,18000,45470,60750,23850,36900,103350,54000,49350,74400,33600,40800,200000,80000,120000,24800,
28,17,513600,303800,134800,169000,75000,27000,48000,63900,21750,42150,66900,49650,17250,98000,36400,61600,185000,80000,105000,24800,
28,18,468000,296400,122650,173750,49300,9000,40300,48150,26100,22050,67950,51150,16800,131000,36400,94600,153000,48000,105000,18600,
28,19,390800,244000,102950,141050,64300,27000,37300,58050,19500,38550,70050,25650,44400,51600,30800,20800,122000,32000,90000,24800,
28,20,498550,280750,111050,169700,66500,24000,42500,45600,21750,23850,95250,36900,58350,73400,28400,45000,193000,88000,105000,24800,
28,21,493850,284050,125900,158150,54000,30000,24000,49800,23850,25950,103650,49650,54000,76600,22400,54200,185000,80000,105000,24800,
28,22,439850,282250,136550,145700,58300,24000,34300,56550,21750,34800,83400,49200,34200,84000,41600,42400,139000,64000,75000,18600,
28,23,335150,240350,99950,140400,72000,30000,42000,31200,12900,18300,67350,31650,35700,69800,25400,44400,70000,40000,30000,24800,
28,24,491100,273500,94200,179300,45000,3000,42000,49800,23850,25950,83700,39150,44550,95000,28200,66800,199000,64000,135000,18600,
28,25,551800,288200,134250,153950,69000,27000,42000,30150,23850,6300,100050,52200,47850,89000,31200,57800,245000,80000,165000,18600,
28,26,585750,299150,133400,165750,66000,27000,39000,36750,15150,21600,104400,47850,56550,92000,43400,48600,268000,88000,180000,18600,
28,27,406585,233985,130185,103800,48235,24235,24000,65100,19500,45600,47250,47250,0,73400,39200,34200,154000,64000,90000,18600,
28,28,508170,298570,129500,169070,66470,21000,45470,52050,21600,30450,95250,47700,47550,84800,39200,45600,191000,56000,135000,18600,
28,29,452700,288900,116200,172700,82800,30000,52800,47400,26100,21300,69900,40500,29400,88800,19600,69200,139000,64000,75000,24800,
28,30,453535,283735,160835,122900,83835,50835,33000,55950,23400,32550,73950,42000,31950,70000,44600,25400,145000,40000,105000,24800,
29,0,427395,265595,118745,146850,105995,43645,62350,31500,18900,12600,65100,33600,31500,63000,22600,40400,137000,32000,105000,24800,
29,1,493650,291050,127600,163450,50600,24000,26600,49800,23850,25950,103050,51750,51300,87600,28000,59600,184000,64000,120000,18600,
29,2,553200,328400,134050,194350,63000,24000,39000,45450,23850,21600,119550,58200,61350,100400,28000,72400,200000,80000,120000,24800,
29,3,424400,297800,121700,176100,79400,28300,51100,36150,15150,21000,86850,40650,46200,95400,37600,57800,108000,48000,60000,18600,
29,4,491000,288400,134850,153550,63000,27000,36000,58500,19500,39000,101100,43350,57750,65800,45000,20800,184000,64000,120000,18600,
29,5,389900,235100,86200,148900,43300,15000,28300,35550,10800,24750,86250,40800,45450,70000,19600,50400,130000,40000,90000,24800,
29,6,414635,265835,137450,128385,70535,31300,39235,31200,24750,6450,102900,42600,60300,61200,38800,22400,124000,64000,60000,24800,
29,7,444600,258000,100900,157100,68600,24000,44600,45450,15150,30300,75750,21750,54000,68200,40000,28200,168000,48000,120000,18600,
29,8,502750,270150,119100,151050,61300,18000,43300,59550,26100,33450,101700,58200,43500,47600,16800,30800,214000,64000,150000,18600,
29,9,432385,289785,137350,152435,57735,21000,36735,48300,28800,19500,97950,55350,42600,85800,32200,53600,124000,64000,60000,18600,
29,10,520350,266550,117400,149150,57000,24000,33000,52050,25950,26100,95700,47850,47850,61800,19600,42200,229000,64000,165000,24800,
29,11,492205,344405,115885,228520,88705,18235,70470,44400,15000,29400,97500,40650,56850,113800,42000,71800,123000,48000,75000,24800,
29,12,533750,316150,142250,173900,77200,34300,42900,63750,21600,42150,73200,49950,23250,102000,36400,65600,199000,64000,135000,18600,
29,13,463950,283550,104450,179100,68600,15000,53600,43950,15150,28800,82200,43500,38700,88800,30800,58000,168000,48000,120000,12400,
29,14,463870,255070,105800,149270,69470,24000,45470,63750,25950,37800,62850,30450,32400,59000,25400,33600,184000,64000,120000,24800,
29,15,473350,255750,117350,138400,57000,33000,24000,45600,19500,26100,82350,30450,51900,70800,34400,36400,199000,64000,135000,18600,
29,16,437100,255700,121600,134100,72000,27000,45000,26100,4350,21750,69600,47850,21750,88000,42400,45600,169000,64000,105000,12400,
29,17,403500,232700,100200,132500,52300,21000,31300,43500,21750,21750,75300,32250,43050,61600,25200,36400,146000,56000,90000,24800,
29,18,509205,294405,127700,166705,69705,30000,39705,49950,19500,30450,98550,47400,51150,76200,30800,45400,190000,40000,150000,24800,
29,19,461185,291385,124000,167385,85135,25300,59835,43200,21750,21450,67650,31950,35700,95400,45000,50400,145000,40000,105000,24800,
29,20,511500,302700,134850,167850,73300,30000,43300,58650,23850,34800,91950,55800,36150,78800,25200,53600,184000,64000,120000,24800,
29,21,499940,297340,127800,169540,63940,27000,36940,52050,30450,21600,106950,45150,61800,74400,25200,49200,184000,64000,120000,18600,
29,22,435785,262985,114000,148985,60235,24000,36235,50850,21750,29100,90300,34650,55650,61600,33600,28000,148000,88000,60000,24800,
29,23,438385,272985,130700,142285,63235,33000,30235,54300,23850,30450,98250,51450,46800,57200,22400,34800,153000,48000,105000,12400,
29,24,529635,359035,167400,191635,87335,35200,52135,37800,21000,16800,93300,50400,42900,140600,60800,79800,152000,32000,120000,18600,
29,25,447500,289900,116650,173250,80200,24000,56200,50850,19500,31350,58650,36750,21900,100200,36400,63800,139000,64000,75000,18600,
29,26,528800,289800,106900,182900,42000,21000,21000,30450,17400,13050,90150,19500,70650,127200,49000,78200,208000,88000,120000,31000,
29,27,494550,309750,135850,173900,61300,24000,37300,48450,21750,26700,108000,51300,56700,92000,38800,53200,160000,40000,120000,24800,
29,28,565085,331485,149335,182150,73135,27235,45900,62850,17250,45600,126900,62850,64050,68600,42000,26600,215000,80000,135000,18600,
29,29,474600,272000,123800,148200,39000,30000,9000,53850,21750,32100,86550,41250,45300,92600,30800,61800,184000,64000,120000,18600,
29,30,534650,314250,133450,180800,58300,18000,40300,45450,19500,25950,105900,56550,49350,104600,39400,65200,208000,88000,120000,12400,
30,0,471385,292585,120750,171835,75235,33000,42235,45000,19500,25500,66150,43050,23100,106200,25200,81000,154000,64000,90000,24800,
30,1,450550,255950,127250,128700,51000,21000,30000,71700,28200,43500,77250,47250,30000,56000,30800,25200,176000,56000,120000,18600,
30,2,465750,288950,105550,183400,86200,30000,56200,43350,23850,19500,72000,32100,39900,87400,19600,67800,152000,32000,120000,24800,
30,3,512070,277470,102870,174600,70370,27470,42900,60900,30450,30450,78000,21750,56250,68200,23200,45000,216000,96000,120000,18600,
30,4,489200,286600,134100,152500,73300,27000,46300,47850,21750,26100,92850,51750,41100,72600,33600,39000,184000,64000,120000,18600,
30,5,489450,303650,111050,192600,63500,24000,39500,46800,19500,27300,95550,45150,50400,97800,22400,75400,161000,56000,105000,24800,
30,6,441450,292650,119450,173200,59200,31300,27900,40500,17400,23100,76350,34350,42000,116600,36400,80200,124000,64000,60000,24800,
30,7,549350,325550,129900,195650,57000,27000,30000,58950,28200,30750,96600,41100,55500,113000,33600,79400,199000,64000,135000,24800,
30,8,435650,240050,116900,123150,48000,21000,27000,49950,23850,26100,71700,41250,30450,70400,30800,39600,177000,72000,105000,18600,
30,9,564150,284550,120600,163950,60000,15000,45000,47700,19500,28200,110850,54300,56550,66000,31800,34200,261000,96000,165000,18600,
30,10,462385,284585,121200,163385,57235,21000,36235,43350,19500,23850,78600,47100,31500,105400,33600,71800,153000,48000,105000,24800,
30,11,433000,262200,123700,138500,63000,33000,30000,45600,19500,26100,73200,32400,40800,80400,38800,41600,146000,56000,90000,24800,
30,12,510200,292400,150050,142350,39000,21000,18000,58650,23850,34800,93150,54000,39150,101600,51200,50400,193000,88000,105000,24800,
30,13,454635,298835,127435,171400,77435,18235,59200,42900,14700,28200,95100,42900,52200,83400,51600,31800,131000,56000,75000,24800,
30,14,510535,316735,115800,200935,87735,30000,57735,40800,17400,23400,89400,43200,46200,98800,25200,73600,169000,64000,105000,24800,
30,15,504300,294900,140800,154100,67300,30000,37300,56550,21750,34800,82050,49650,32400,89000,39400,49600,197000,32000,165000,12400,
30,16,485100,241300,85800,155500,49300,18000,31300,49950,23850,26100,73650,32550,41100,68400,11400,57000,219000,24000,195000,24800,
30,17,471985,263185,115450,147735,40535,12000,28535,50700,23850,26850,99150,51600,47550,72800,28000,44800,184000,64000,120000,24800,
30,18,463950,268350,122300,146050,60000,18000,42000,49950,21750,28200,97200,51750,45450,61200,30800,30400,177000,72000,105000,18600,
30,19,434050,255250,121650,133600,63000,33000,30000,41850,20250,21600,63000,34800,28200,87400,33600,53800,154000,64000,90000,24800,
30,20,381220,253620,130020,123600,69470,30470,39000,43050,23550,19500,77100,38400,38700,64000,37600,26400,109000,64000,45000,18600,
30,21,465685,295885,114300,181585,75735,24000,51735,42300,21300,21000,93450,40800,52650,84400,28200,56200,145000,40000,105000,24800,
30,22,494300,307500,136800,170700,50600,22300,28300,58650,23850,34800,89250,51450,37800,109000,39200,69800,162000,72000,90000,24800,
30,23,452650,274050,153750,120300,69500,36500,33000,49800,23850,25950,64350,42600,21750,90400,50800,39600,160000,40000,120000,18600,
30,24,413285,271685,107550,164135,42235,18000,24235,43500,19500,24000,76350,36450,39900,109600,33600,76000,123000,48000,75000,18600,
30,25,429235,272635,124500,148135,63235,21000,42235,57300,19500,37800,84900,49200,35700,67200,34800,32400,138000,48000,90000,18600,
30,26,438485,290685,106900,183785,71435,21000,50435,42600,19500,23100,74250,30000,44250,102400,36400,66000,123000,48000,75000,24800,
30,27,521020,274220,113900,160320,63470,24000,39470,58650,23850,34800,101700,52050,49650,50400,14000,36400,222000,72000,150000,24800,
30,28,506050,274250,128450,145800,78000,24000,54000,36900,26100,10800,90750,55950,34800,68600,22400,46200,207000,72000,135000,24800,
30,29,522400,341800,140350,201450,61300,27000,34300,38250,12900,25350,106650,58050,48600,135600,42400,93200,162000,72000,90000,18600,
30,30,499450,294450,124800,169650,64300,21000,43300,39450,13800,25650,92100,53400,38700,98600,36600,62000,174000,24000,150000,31000,
31,0,468750,274150,128400,145750,69000,27000,42000,38850,25950,12900,95100,47250,47850,71200,28200,43000,176000,56000,120000,18600,
31,1,391690,266890,121410,145480,87290,37410,49880,48300,21000,27300,52500,37800,14700,78800,25200,53600,100000,40000,60000,24800,
31,2,528485,288885,138185,150700,63235,30235,33000,33300,21600,11700,102150,49950,52200,90200,36400,53800,221000,56000,165000,18600,
31,3,540250,337650,133400,204250,85800,27000,58800,47250,23850,23400,117000,68550,48450,87600,14000,73600,184000,64000,120000,18600,
31,4,461320,281720,131300,150420,63470,21000,42470,56400,30450,25950,85650,49050,36600,76200,30800,45400,161000,56000,105000,18600,
31,5,440785,284185,150150,134035,55535,34300,21235,48600,16050,32550,91050,44400,46650,89000,55400,33600,138000,48000,90000,18600,
31,6,441300,255500,116150,139350,64300,27000,37300,56250,25800,30450,73350,32550,40800,61600,30800,30800,161000,56000,105000,24800,
31,7,470350,275750,135950,139800,49300,28300,21000,58650,36900,21750,88200,34350,53850,79600,36400,43200,176000,56000,120000,18600,
31,8,524735,313335,138800,174535,83835,30000,53835,58650,19500,39150,111450,58500,52950,59400,30800,28600,199000,64000,135000,12400,
31,9,446500,243900,107900,136000,54000,12000,42000,43200,21450,21750,93300,52050,41250,53400,22400,31000,184000,64000,120000,18600,
31,10,471150,270150,140550,129600,60000,30000,30000,49800,21600,28200,84150,49350,34800,76200,39600,36600,170000,80000,90000,31000,
31,11,469300,253500,111350,142150,57000,24000,33000,43500,17400,26100,101400,55950,45450,51600,14000,37600,191000,56000,135000,24800,
31,12,509750,278950,115750,163200,65600,24000,41600,46350,21600,24750,116400,47550,68850,50600,22600,28000,206000,56000,150000,24800,
31,13,560400,280800,134050,146750,54000,27000,27000,39000,12900,26100,104400,56550,47850,83400,37600,45800,261000,96000,165000,18600,
31,14,589800,375000,147000,228000,92300,26600,65700,62250,21750,40500,108450,51450,57000,112000,47200,64800,190000,40000,150000,24800,
31,15,565335,317735,139550,178185,58535,18000,40535,54150,19500,34650,124650,71250,53400,80400,30800,49600,229000,64000,165000,18600,
31,16,408555,276755,131285,145470,53005,28535,24470,60450,25950,34500,102900,50400,52500,60400,26400,34000,107000,32000,75000,24800,
31,17,483000,274200,121400,152800,63000,27000,36000,60300,23850,36450,94500,45150,49350,56400,25400,31000,184000,64000,120000,24800,
31,18,491050,272650,122000,150650,63000,27000,36000,45150,17400,27750,78300,34800,43500,86200,42800,43400,206000,56000,150000,12400,
31,19,422250,249650,104250,145400,54000,24000,30000,39000,17250,21750,82050,34800,47250,74600,28200,46400,154000,64000,90000,18600,
31,20,544800,305000,139100,165900,55300,24000,31300,56400,23850,32550,120900,60450,60450,72400,30800,41600,215000,80000,135000,24800,
31,21,518100,284500,133350,151150,72000,30000,42000,32400,21600,10800,123900,56550,67350,56200,25200,31000,215000,80000,135000,18600,
31,22,510750,276150,129700,146450,63000,21000,42000,47700,23850,23850,82650,30450,52200,82800,54400,28400,216000,96000,120000,18600,
31,23,495085,295285,132150,163135,50835,25300,25535,48600,20400,28200,95850,47250,48600,100000,39200,60800,175000,40000,135000,24800,
31,24,514800,283000,130350,152650,62600,21000,41600,47700,21750,25950,99900,45600,54300,72800,42000,30800,207000,72000,135000,24800,
31,25,603050,317450,136400,181050,78000,33000,45000,67200,28200,39000,93450,34800,58650,78800,40400,38400,267000,72000,195000,18600,
31,26,448850,253250,138100,115150,48000,24000,24000,43500,17400,26100,114150,60300,53850,47600,36400,11200,177000,72000,105000,18600,
31,27,563700,293900,130750,163150,63000,27000,36000,54300,23850,30450,91200,36900,54300,85400,43000,42400,245000,80000,165000,24800,
31,28,486900,261300,119200,142100,60000,9000,51000,47700,21750,25950,73800,52050,21750,79800,36400,43400,207000,72000,135000,18600,
31,29,478335,277535,119600,157935,54235,24000,30235,47850,13050,34800,88050,43350,44700,87400,39200,48200,176000,56000,120000,24800,
31,30,492500,268700,112950,155750,45000,24000,21000,71550,25950,45600,90150,34800,55350,62000,28200,33800,199000,64000,135000,24800,
32,0,415000,282200,127550,154650,60500,24000,36500,50100,25950,24150,69600,44400,25200,102000,33200,68800,108000,48000,60000,24800,
32,1,452150,257550,122750,134800,63000,27000,36000,47700,19500,28200,73650,45450,28200,73200,30800,42400,176000,56000,120000,18600,
32,2,470500,291700,110850,180850,62600,21000,41600,42900,21750,21150,84600,42900,41700,101600,25200,76400,154000,64000,90000,24800,
32,3,448400,247600,117500,130100,63000,24000,39000,32550,17400,15150,84450,45300,39150,67600,30800,36800,176000,56000,120000,24800,
32,4,443900,248300,108350,139950,36000,18000,18000,47700,15150,32550,105600,58200,47400,59000,17000,42000,177000,72000,105000,18600,
32,5,478535,292735,119050,173685,55535,27000,28535,47250,17400,29850,63750,23850,39900,126200,50800,75400,161000,56000,105000,24800,
32,6,414250,235650,117050,118600,39000,30000,9000,60750,23850,36900,85500,40800,44700,50400,22400,28000,160000,40000,120000,18600,
32,7,449250,276650,124600,152050,59600,15000,44600,57300,23850,33450,90150,49350,40800,69600,36400,33200,154000,64000,90000,18600,
32,8,452885,286285,118150,168135,60235,21000,39235,60750,26100,34650,107100,59850,47250,58200,11200,47000,148000,88000,60000,18600,
32,9,438000,257400,106800,150600,62600,18000,44600,58650,19500,39150,69150,41100,28050,67000,28200,38800,162000,72000,90000,18600,
32,10,579870,342070,142285,199785,92670,30235,62435,48300,16050,32250,101100,54000,47100,100000,42000,58000,213000,48000,165000,24800,
32,11,502570,279770,123250,156520,76770,24000,52770,46350,28200,18150,94650,51450,43200,62000,19600,42400,198000,48000,150000,24800,
32,12,481900,252100,123550,128550,51000,18000,33000,32550,21750,10800,86550,47400,39150,82000,36400,45600,205000,40000,165000,24800,
32,13,476700,251100,120100,131000,27000,12000,15000,36900,21750,15150,117000,58350,58650,70200,28000,42200,207000,72000,135000,18600,
32,14,516435,291835,124250,167585,72235,24000,48235,47550,21600,25950,90450,47850,42600,81600,30800,50800,206000,56000,150000,18600,
32,15,514550,295950,114450,181500,81900,30000,51900,52050,21750,30300,81600,36900,44700,80400,25800,54600,200000,80000,120000,18600,
32,16,552300,311700,137750,173950,78900,33000,45900,56550,21750,34800,92850,60600,32250,83400,22400,61000,222000,72000,150000,18600,
32,17,525285,314485,144150,170335,73535,31300,42235,55200,17400,37800,105750,56250,49500,80000,39200,40800,186000,96000,90000,24800,
32,18,522505,306705,117700,189005,83005,24000,59005,43050,15150,27900,83250,39150,44100,97400,39400,58000,191000,56000,135000,24800,
32,19,476105,258305,134500,123805,45705,27000,18705,34650,15150,19500,67350,32550,34800,110600,59800,50800,193000,88000,105000,24800,
32,20,464800,268200,114300,153900,51000,18000,33000,52050,19500,32550,81750,28200,53550,83400,48600,34800,178000,88000,90000,18600,
32,21,460155,287755,118250,169505,69705,24000,45705,25950,12900,13050,77100,39150,37950,115000,42200,72800,160000,40000,120000,12400,
32,22,452200,249600,113900,135700,54000,18000,36000,47700,32550,15150,80100,40950,39150,67800,22400,45400,184000,64000,120000,18600,
32,23,470500,281900,121850,160050,63900,21000,42900,49800,19500,30300,103200,55950,47250,65000,25400,39600,170000,80000,90000,18600,
32,24,533900,281100,124750,156350,54000,21000,33000,57300,19500,37800,99600,56250,43350,70200,28000,42200,228000,48000,180000,24800,
32,25,538290,309490,141335,168155,84940,42235,42705,46350,16050,30300,91800,53850,37950,86400,29200,57200,204000,24000,180000,24800,
32,26,473850,270250,102050,168200,55300,24000,31300,51900,17250,34650,97050,34800,62250,66000,26000,40000,185000,80000,105000,18600,
32,27,438550,236950,104750,132200,57000,18000,39000,43350,15150,28200,63000,34800,28200,73600,36800,36800,183000,48000,135000,18600,
32,28,485400,297800,106250,191550,62200,21000,41200,62400,30450,31950,87000,32400,54600,86200,22400,63800,169000,64000,105000,18600,
32,29,496300,284700,139800,144900,70300,33000,37300,60750,28200,32550,80250,39000,41250,73400,39600,33800,193000,88000,105000,18600,
32,30,523400,304000,142250,161750,64300,27000,37300,49950,19500,30450,102150,56550,45600,87600,39200,48400,207000,72000,135000,12400,
33,0,540645,323845,137825,186020,105995,31175,74820,44100,16800,27300,94950,55050,39900,78800,34800,44000,192000,72000,120000,24800,
33,1,528800,297000,137690,159310,62350,24940,37410,37800,16800,21000,69450,37950,31500,127400,58000,69400,207000,72000,135000,24800,
33,2,468420,265820,128875,136945,74820,31175,43645,14700,8400,6300,60900,31500,29400,115400,57800,57600,184000,64000,120000,18600,
33,3,458590,280790,109440,171350,87290,24940,62350,33600,10500,23100,73500,33600,39900,86400,40400,46000,153000,48000,105000,24800,
33,4,487720,294120,94000,200120,74820,0,74820,37800,14700,23100,63300,21300,42000,118200,58000,60200,175000,40000,135000,18600,
33,5,451660,273860,119845,154015,99760,43645,56115,44100,16800,27300,67200,33600,33600,62800,25800,37000,153000,48000,105000,24800,
33,6,519085,301485,154710,146775,68585,37410,31175,44100,27300,16800,58800,29400,29400,130000,60600,69400,199000,64000,135000,18600,
33,7,421225,280425,126975,153450,97825,31175,66650,46200,23100,23100,71400,27300,44100,65000,45400,19600,116000,56000,60000,24800,
33,8,477530,307730,145715,162015,112230,56115,56115,23100,8400,14700,100800,50400,50400,71600,30800,40800,145000,40000,105000,24800,
33,9,479225,279425,128445,150980,93525,43645,49880,31500,12600,18900,63000,29400,33600,91400,42800,48600,175000,40000,135000,24800,
33,10,479725,300925,132740,168185,93525,24940,68585,21000,16800,4200,88200,50400,37800,98200,40600,57600,154000,64000,90000,24800,
33,11,378490,244690,90840,153850,87290,24940,62350,29400,16800,12600,50400,6300,44100,77600,42800,34800,109000,64000,45000,24800,
33,12,504260,327460,127175,200285,99760,31175,68585,37800,14700,23100,98700,44100,54600,91200,37200,54000,152000,32000,120000,24800,
33,13,478960,300160,145415,154745,99760,56115,43645,35700,14700,21000,73500,37800,35700,91200,36800,54400,154000,64000,90000,24800,
33,14,571950,317150,126470,190680,62350,12470,49880,25200,12600,12600,99600,49200,50400,130000,52200,77800,230000,80000,150000,24800,
33,15,450220,271620,142010,129610,74820,37410,37410,37800,21000,16800,75600,37800,37800,83400,45800,37600,160000,40000,120000,18600,
33,16,464135,240335,113210,127125,68585,37410,31175,14700,4200,10500,52650,25200,27450,104400,46400,58000,199000,64000,135000,24800,
33,17,520695,296895,131845,165050,105995,43645,62350,35700,6300,29400,71400,35700,35700,83800,46200,37600,199000,64000,135000,24800,
33,18,522555,329755,115940,213815,81055,24940,56115,29400,12600,16800,98700,37800,60900,120600,40600,80000,168000,48000,120000,24800,
33,19,521155,309555,131610,177945,81055,37410,43645,42000,14700,27300,82500,44700,37800,104000,34800,69200,193000,88000,105000,18600,
33,20,543875,318275,146025,172250,93525,31175,62350,46200,18900,27300,71550,37950,33600,107000,58000,49000,207000,72000,135000,18600,
33,21,457255,322655,103905,218750,111155,18705,92450,33600,10500,23100,90300,39900,50400,87600,34800,52800,116000,56000,60000,18600,
33,22,484805,273205,113725,159480,81055,31175,49880,37800,12600,25200,52950,23550,29400,101400,46400,55000,193000,88000,105000,18600,
33,23,456625,321225,144175,177050,102125,31175,70950,35700,12600,23100,84000,46200,37800,99400,54200,45200,123000,48000,75000,12400,
33,24,514865,330065,137080,192985,118465,49880,68585,37800,14700,23100,75600,44100,31500,98200,28400,69800,160000,40000,120000,24800,
33,25,538560,298960,119010,179950,99760,37410,62350,39900,16800,23100,69900,30000,39900,89400,34800,54600,221000,56000,165000,18600,
33,26,493355,298755,138910,159845,81055,37410,43645,33600,10500,23100,77700,42000,35700,106400,49000,57400,176000,56000,120000,18600,
33,27,512430,309830,124845,184985,112230,43645,68585,44100,16800,27300,52500,21000,31500,101000,43400,57600,184000,64000,120000,18600,
33,28,520085,288285,144210,144075,68585,37410,31175,33600,16800,16800,75900,37800,38100,110200,52200,58000,207000,72000,135000,24800,
33,29,505655,287055,112705,174350,81055,18705,62350,33600,18900,14700,74400,34500,39900,98000,40600,57400,200000,80000,120000,18600,
33,30,452860,282060,114510,167550,99760,37410,62350,29400,18900,10500,69300,21000,48300,83600,37200,46400,146000,56000,90000,24800,
34,0,445660,280060,132315,147745,99760,56115,43645,27300,12600,14700,75600,37800,37800,77400,25800,51600,147000,72000,75000,18600,
34,1,400390,236590,100510,136080,87290,37410,49880,29400,12600,16800,56700,18900,37800,63200,31600,31600,139000,64000,75000,24800,
34,2,597355,319755,130540,189215,81055,24940,56115,39900,12600,27300,82800,40800,42000,116000,52200,63800,259000,64000,195000,18600,
34,3,510325,307725,140945,166780,93525,43645,49880,46200,21000,25200,84000,35700,48300,84000,40600,43400,184000,64000,120000,18600,
34,4,474985,280385,131210,149175,68585,37410,31175,31500,12600,18900,73500,29400,44100,106800,51800,55000,176000,56000,120000,18600,
34,5,500765,321965,144810,177155,122765,37410,85355,37800,14700,23100,58800,35700,23100,102600,57000,45600,154000,64000,90000,24800,
34,6,472475,283875,120160,163715,93525,37410,56115,35700,16800,18900,48450,25350,23100,106200,40600,65600,170000,80000,90000,18600,
34,7,396655,293055,113810,179245,114555,49410,65145,33600,16800,16800,77700,33600,44100,67200,14000,53200,85000,40000,45000,18600,
34,8,499290,244490,127055,117435,24940,18705,6235,29400,16800,12600,45150,27750,17400,145000,63800,81200,230000,80000,150000,24800,
34,9,507040,289440,135015,154425,87290,56115,31175,29400,10500,18900,79950,33600,46350,92800,34800,58000,199000,64000,135000,18600,
34,10,486375,285375,103055,182320,93525,18705,74820,39900,14700,25200,67350,23250,44100,84600,46400,38200,170000,80000,90000,31000,
34,11,473190,287390,133610,153780,87290,37410,49880,27300,14700,12600,75600,35700,39900,97200,45800,51400,161000,56000,105000,24800,
34,12,404985,248385,115210,133175,68585,37410,31175,44100,16800,27300,35700,12600,23100,100000,48400,51600,138000,48000,90000,18600,
34,13,502295,306695,115740,190955,105995,24940,81055,25200,8400,16800,84300,36000,48300,91200,46400,44800,177000,72000,105000,18600,
34,14,476895,311295,148850,162445,105995,62350,43645,37800,16800,21000,81900,35700,46200,85600,34000,51600,147000,72000,75000,18600,
34,15,479430,285830,131445,154385,112230,43645,68585,37800,14700,23100,58800,27300,31500,77000,45800,31200,175000,40000,135000,18600,
34,16,520000,304200,112320,191880,62350,12470,49880,44100,18900,25200,95550,57750,37800,102200,23200,79000,191000,56000,135000,24800,
34,17,530640,310040,147845,162195,87290,43645,43645,27300,6300,21000,91050,57300,33750,104400,40600,63800,202000,112000,90000,18600,
34,18,552440,326840,140155,186685,87290,18705,68585,35700,10500,25200,97050,52950,44100,106800,58000,48800,207000,72000,135000,18600,
34,19,446825,290025,128510,161515,93525,37410,56115,39900,14700,25200,50400,16800,33600,106200,59600,46600,132000,72000,60000,24800,
34,20,443055,266055,124280,141775,81055,49880,31175,42000,14700,27300,63000,23100,39900,80000,36600,43400,146000,56000,90000,31000,
34,21,485930,316130,134345,181785,129430,43645,85785,37800,16800,21000,60900,23100,37800,88000,50800,37200,145000,40000,105000,24800,
34,22,498760,326360,114740,211620,108360,24940,83420,35700,18900,16800,65100,18900,46200,117200,52000,65200,160000,40000,120000,12400,
34,23,548150,308350,127840,180510,62350,24940,37410,42000,18900,23100,91200,49200,42000,112800,34800,78000,215000,80000,135000,24800,
34,24,519075,310275,133260,177015,93525,37410,56115,27300,18900,8400,94650,42150,52500,94800,34800,60000,184000,64000,120000,24800,
34,25,440760,300960,128345,172615,104060,43645,60415,37800,12600,25200,90300,44100,46200,68800,28000,40800,115000,40000,75000,24800,
34,26,499355,283555,133575,149980,81055,31175,49880,29400,10500,18900,60900,31500,29400,112200,60400,51800,191000,56000,135000,24800,
34,27,441550,264550,91305,173245,62350,18705,43645,42000,18900,23100,84000,18900,65100,76200,34800,41400,146000,56000,90000,31000,
34,28,459655,295055,119875,175180,81055,31175,49880,48300,16800,31500,69300,31500,37800,96400,40400,56000,146000,56000,90000,18600,
34,29,519710,295110,120960,174150,99760,37410,62350,35700,16800,18900,67650,31950,35700,92000,34800,57200,206000,56000,150000,18600,
34,30,509135,252535,99175,153360,68585,31175,37410,38400,21600,16800,81750,34800,46950,63800,11600,52200,238000,88000,150000,18600,
35,0,431000,269200,112800,156400,46300,15000,31300,28050,15150,12900,84450,49050,35400,110400,33600,76800,137000,32000,105000,24800,
35,1,417385,221785,106985,114800,45235,18235,27000,49800,23850,25950,67350,36900,30450,59400,28000,31400,177000,72000,105000,18600,
35,2,464650,256850,125900,130950,54000,24000,30000,39150,21750,17400,81900,49350,32550,81800,30800,51000,183000,48000,135000,24800,
35,3,468300,264700,122000,142700,45000,21000,24000,45600,15150,30450,86700,52050,34650,87400,33800,53600,185000,80000,105000,18600,
35,4,484570,282970,107200,175770,84470,33000,51470,54300,26100,28200,63600,19500,44100,80600,28600,52000,183000,48000,135000,18600,
35,5,462500,277700,107900,169800,56600,21000,35600,36300,19500,16800,70200,36600,33600,114600,30800,83800,160000,40000,120000,24800,
35,6,494485,277685,129700,147985,54235,24000,30235,45600,30450,15150,107850,38850,69000,70000,36400,33600,192000,72000,120000,24800,
35,7,485700,252100,122950,129150,48000,21000,27000,39150,21750,17400,117150,60600,56550,47800,19600,28200,215000,80000,135000,18600,
35,8,417435,238835,89650,149185,57235,18000,39235,39000,13050,25950,77400,39000,38400,65200,19600,45600,160000,40000,120000,18600,
35,9,430650,236050,127050,109000,36000,18000,18000,47700,28200,19500,90750,47250,43500,61600,33600,28000,176000,56000,120000,18600,
35,10,438550,264950,119750,145200,60000,24000,36000,49950,28200,21750,86400,36750,49650,68600,30800,37800,155000,80000,75000,18600,
35,11,498550,309950,97900,212050,51000,18000,33000,38700,15150,23550,91650,39150,52500,128600,25600,103000,170000,80000,90000,18600,
35,12,563885,325285,129650,195635,79135,21000,58135,45600,23850,21750,114750,54000,60750,85800,30800,55000,220000,40000,180000,18600,
35,13,493800,270000,141650,128350,45000,21000,24000,39900,22500,17400,71100,55950,15150,114000,42200,71800,199000,64000,135000,24800,
35,14,450150,233550,119300,114250,57000,36000,21000,56550,26100,30450,94800,43200,51600,25200,14000,11200,198000,48000,150000,18600,
35,15,441850,280050,104000,176050,57900,30000,27900,48750,21450,27300,66000,21750,44250,107400,30800,76600,137000,32000,105000,24800,
35,16,454550,268750,95650,173100,67300,24000,43300,41850,15150,26700,81000,36900,44100,78600,19600,59000,161000,56000,105000,24800,
35,17,486550,283950,132600,151350,73300,36000,37300,52200,21750,30450,101250,58050,43200,57200,16800,40400,184000,64000,120000,18600,
35,18,534985,309385,139385,170000,55535,27235,28300,42000,17250,24750,125250,58500,66750,86600,36400,50200,207000,72000,135000,18600,
35,19,452835,260035,120350,139685,63235,27000,36235,49950,17400,32550,88050,45150,42900,58800,30800,28000,168000,48000,120000,24800,
35,20,487850,249050,104100,144950,48000,24000,24000,39000,15150,23850,82650,39150,43500,79400,25800,53600,214000,64000,150000,24800,
35,21,463135,290535,114900,175635,86835,27000,59835,45300,17400,27900,60000,36900,23100,98400,33600,64800,154000,64000,90000,18600,
35,22,445200,257600,115050,142550,48000,27000,21000,49350,17400,31950,84450,45450,39000,75800,25200,50600,169000,64000,105000,18600,
35,23,469835,292035,134000,158035,68835,29600,39235,45450,15150,30300,97950,55650,42300,79800,33600,46200,153000,48000,105000,24800,
35,24,441335,254735,122650,132085,54235,27000,27235,38850,19500,19350,97050,53550,43500,64600,22600,42000,168000,48000,120000,18600,
35,25,502635,292035,145535,146500,57235,27235,30000,69450,28200,41250,109350,53700,55650,56000,36400,19600,192000,72000,120000,18600,
35,26,437650,244050,111500,132550,45000,18000,27000,46500,21750,24750,84150,49350,34800,68400,22400,46000,175000,40000,135000,18600,
35,27,506200,275400,148400,127000,51000,30000,21000,49800,17250,32550,109800,64350,45450,64800,36800,28000,206000,56000,150000,24800,
35,28,539400,293600,118950,174650,67300,27000,40300,46350,15150,31200,99150,45600,53550,80800,31200,49600,221000,56000,165000,24800,
35,29,464000,335600,122800,212800,103000,37300,65700,40650,21750,18900,76350,30150,46200,115600,33600,82000,116000,56000,60000,12400,
35,30,500450,306850,157600,149250,60000,36000,24000,46350,19500,26850,93900,44700,49200,106600,57400,49200,175000,40000,135000,18600,
36,0,430520,264920,122500,142420,69470,36000,33470,36900,17400,19500,96750,49500,47250,61800,19600,42200,147000,72000,75000,18600,
36,1,489550,279750,125700,154050,55300,27000,28300,46500,21750,24750,78150,43350,34800,99800,33600,66200,185000,80000,105000,24800,
36,2,498070,289270,122900,166370,63470,18000,45470,54150,28200,25950,92850,42900,49950,78800,33800,45000,184000,64000,120000,24800,
36,3,470700,268100,119200,148900,57000,24000,33000,45450,28200,17250,95250,39000,56250,70400,28000,42400,184000,64000,120000,18600,
36,4,461720,267120,123950,143170,48470,24000,24470,45450,19500,25950,94800,41250,53550,78400,39200,39200,176000,56000,120000,18600,
36,5,494550,315750,143100,172650,87900,29600,58300,50850,21750,29100,66000,42750,23250,111000,49000,62000,154000,64000,90000,24800,
36,6,460920,272320,110850,161470,66470,24000,42470,49950,23850,26100,65100,34800,30300,90800,28200,62600,170000,80000,90000,18600,
36,7,385535,281935,110650,171285,86835,39000,47835,36150,19200,16950,82350,38250,44100,76600,14200,62400,85000,40000,45000,18600,
36,8,486920,232120,121370,110750,18470,15470,3000,43500,26100,17400,49950,34800,15150,120200,45000,75200,230000,80000,150000,24800,
36,9,492300,274700,130200,144500,60000,39000,21000,39150,13050,26100,108150,49950,58200,67400,28200,39200,199000,64000,135000,18600,
36,10,478835,277835,97850,179985,66235,12000,54235,56400,21600,34800,76800,30450,46350,78400,33800,44600,170000,80000,90000,31000,
36,11,463735,277935,125950,151985,60235,24000,36235,37650,20400,17250,92250,45150,47100,87800,36400,51400,161000,56000,105000,24800,
36,12,395000,238400,107450,130950,45000,24000,21000,63000,23850,39150,45000,17400,27600,85400,42200,43200,138000,48000,90000,18600,
36,13,495185,299585,109550,190035,73535,15000,58535,35400,12900,22500,98850,47850,51000,91800,33800,58000,177000,72000,105000,18600,
36,14,479470,313870,153550,160320,81070,47600,33470,50700,24750,25950,100500,45000,55500,81600,36200,45400,147000,72000,75000,18600,
36,15,472800,279200,121900,157300,78900,27000,51900,54300,19500,34800,77400,39000,38400,68600,36400,32200,175000,40000,135000,18600,
36,16,508600,292800,106850,185950,42000,9000,33000,55950,25950,30000,95850,57900,37950,99000,14000,85000,191000,56000,135000,24800,
36,17,506350,285750,137500,148250,54000,27000,27000,36900,6450,30450,121650,76050,45600,73200,28000,45200,202000,112000,90000,18600,
36,18,543600,318000,134350,183650,63000,15000,48000,45300,10500,34800,116100,69450,46650,93600,39400,54200,207000,72000,135000,18600,
36,19,436185,279385,120985,158400,63235,24235,39000,56400,21600,34800,55350,21750,33600,104400,53400,51000,132000,72000,60000,24800,
36,20,427485,250485,117085,133400,54235,33235,21000,56400,19500,36900,72450,27750,44700,67400,36600,30800,146000,56000,90000,31000,
36,21,473270,303470,132650,170820,94370,31300,63070,47400,23850,23550,65700,27900,37800,96000,49600,46400,145000,40000,105000,24800,
36,22,489970,317570,108700,208870,86270,18000,68270,45000,28200,16800,72300,26100,46200,114000,36400,77600,160000,40000,120000,12400,
36,23,533850,294050,120300,173750,40300,15000,25300,59550,26100,33450,105600,54000,51600,88600,25200,63400,215000,80000,135000,24800,
36,24,514000,305200,128850,176350,65600,24000,41600,36750,28200,8550,113250,51450,61800,89600,25200,64400,184000,64000,120000,24800,
36,25,439750,299950,126550,173400,79800,30000,49800,42600,17400,25200,94950,48750,46200,82600,30400,52200,115000,40000,75000,24800,
36,26,483100,267300,126550,140750,54000,21000,33000,41250,15150,26100,86850,45600,41250,85200,44800,40400,191000,56000,135000,24800,
36,27,428035,251035,86850,164185,42235,12000,30235,58500,28200,30300,86700,21450,65250,63600,25200,38400,146000,56000,90000,31000,
36,28,449650,285050,114350,170700,55300,21000,34300,58650,23850,34800,76500,38700,37800,94600,30800,63800,146000,56000,90000,18600,
36,29,511805,287205,116550,170655,74005,24000,50005,52050,26100,25950,81750,41250,40500,79400,25200,54200,206000,56000,150000,18600,
36,30,497725,241125,99175,141950,55175,31175,24000,45450,23850,21600,89100,32550,56550,51400,11600,39800,238000,88000,150000,18600,
37,0,544025,328025,159910,168115,93525,37410,56115,35700,21000,14700,84000,44100,39900,114800,57400,57400,185000,80000,105000,31000,
37,1,565495,318695,144845,173850,105995,43645,62350,31500,12600,18900,71400,33600,37800,109800,55000,54800,222000,72000,150000,24800,
37,2,468420,265820,128875,136945,74820,31175,43645,14700,8400,6300,60900,31500,29400,115400,57800,57600,184000,64000,120000,18600,
37,3,458590,280790,109440,171350,87290,24940,62350,33600,10500,23100,73500,33600,39900,86400,40400,46000,153000,48000,105000,24800,
37,4,487720,294120,94000,200120,74820,0,74820,37800,14700,23100,63300,21300,42000,118200,58000,60200,175000,40000,135000,18600,
37,5,451660,273860,119845,154015,99760,43645,56115,44100,16800,27300,67200,33600,33600,62800,25800,37000,153000,48000,105000,24800,
37,6,519085,301485,154710,146775,68585,37410,31175,44100,27300,16800,58800,29400,29400,130000,60600,69400,199000,64000,135000,18600,
37,7,421225,280425,126975,153450,97825,31175,66650,46200,23100,23100,71400,27300,44100,65000,45400,19600,116000,56000,60000,24800,
37,8,477530,307730,145715,162015,112230,56115,56115,23100,8400,14700,100800,50400,50400,71600,30800,40800,145000,40000,105000,24800,
37,9,479225,279425,128445,150980,93525,43645,49880,31500,12600,18900,63000,29400,33600,91400,42800,48600,175000,40000,135000,24800,
37,10,479725,300925,132740,168185,93525,24940,68585,21000,16800,4200,88200,50400,37800,98200,40600,57600,154000,64000,90000,24800,
37,11,378490,244690,90840,153850,87290,24940,62350,29400,16800,12600,50400,6300,44100,77600,42800,34800,109000,64000,45000,24800,
37,12,504260,327460,127175,200285,99760,31175,68585,37800,14700,23100,98700,44100,54600,91200,37200,54000,152000,32000,120000,24800,
37,13,478960,300160,145415,154745,99760,56115,43645,35700,14700,21000,73500,37800,35700,91200,36800,54400,154000,64000,90000,24800,
37,14,571950,317150,126470,190680,62350,12470,49880,25200,12600,12600,99600,49200,50400,130000,52200,77800,230000,80000,150000,24800,
37,15,450220,271620,142010,129610,74820,37410,37410,37800,21000,16800,75600,37800,37800,83400,45800,37600,160000,40000,120000,18600,
37,16,464135,240335,113210,127125,68585,37410,31175,14700,4200,10500,52650,25200,27450,104400,46400,58000,199000,64000,135000,24800,
37,17,520695,296895,131845,165050,105995,43645,62350,35700,6300,29400,71400,35700,35700,83800,46200,37600,199000,64000,135000,24800,
37,18,522555,329755,115940,213815,81055,24940,56115,29400,12600,16800,98700,37800,60900,120600,40600,80000,168000,48000,120000,24800,
37,19,521155,309555,131610,177945,81055,37410,43645,42000,14700,27300,82500,44700,37800,104000,34800,69200,193000,88000,105000,18600,
37,20,543875,318275,146025,172250,93525,31175,62350,46200,18900,27300,71550,37950,33600,107000,58000,49000,207000,72000,135000,18600,
37,21,457255,322655,103905,218750,111155,18705,92450,33600,10500,23100,90300,39900,50400,87600,34800,52800,116000,56000,60000,18600,
37,22,484805,273205,113725,159480,81055,31175,49880,37800,12600,25200,52950,23550,29400,101400,46400,55000,193000,88000,105000,18600,
37,23,456625,321225,144175,177050,102125,31175,70950,35700,12600,23100,84000,46200,37800,99400,54200,45200,123000,48000,75000,12400,
37,24,514865,330065,137080,192985,118465,49880,68585,37800,14700,23100,75600,44100,31500,98200,28400,69800,160000,40000,120000,24800,
37,25,538560,298960,119010,179950,99760,37410,62350,39900,16800,23100,69900,30000,39900,89400,34800,54600,221000,56000,165000,18600,
37,26,493355,298755,138910,159845,81055,37410,43645,33600,10500,23100,77700,42000,35700,106400,49000,57400,176000,56000,120000,18600,
37,27,512430,309830,124845,184985,112230,43645,68585,44100,16800,27300,52500,21000,31500,101000,43400,57600,184000,64000,120000,18600,
37,28,520085,288285,144210,144075,68585,37410,31175,33600,16800,16800,75900,37800,38100,110200,52200,58000,207000,72000,135000,24800,
37,29,505655,287055,112705,174350,81055,18705,62350,33600,18900,14700,74400,34500,39900,98000,40600,57400,200000,80000,120000,18600,
37,30,452860,282060,114510,167550,99760,37410,62350,29400,18900,10500,69300,21000,48300,83600,37200,46400,146000,56000,90000,24800,
38,0,422285,287685,109850,177835,65835,21000,44835,33900,17100,16800,87150,40950,46200,100800,30800,70000,116000,56000,60000,18600,
38,1,473700,294900,126450,168450,76800,24000,52800,47550,10800,36750,85350,58050,27300,85200,33600,51600,154000,64000,90000,24800,
38,2,464650,256850,125900,130950,54000,24000,30000,39150,21750,17400,81900,49350,32550,81800,30800,51000,183000,48000,135000,24800,
38,3,480700,324100,146150,177950,65200,25300,39900,54300,26850,27450,86400,48600,37800,118200,45400,72800,138000,48000,90000,18600,
38,4,435950,224350,104500,119850,30000,9000,21000,39150,13050,26100,78000,62850,15150,77200,19600,57600,193000,88000,105000,18600,
38,5,419635,248835,113950,134885,69235,27000,42235,41250,19500,21750,87750,36450,51300,50600,31000,19600,146000,56000,90000,24800,
38,6,375350,219550,107350,112200,45000,15000,30000,49950,13050,36900,68400,51300,17100,56200,28000,28200,131000,56000,75000,24800,
38,7,490190,304590,143070,161520,65240,30470,34770,49800,23850,25950,80550,51150,29400,109000,37600,71400,167000,32000,135000,18600,
38,8,507935,308135,129350,178785,97535,39000,58535,51900,23850,28050,59700,42900,16800,99000,23600,75400,175000,40000,135000,24800,
38,9,464650,232850,95500,137350,48000,21000,27000,45600,15150,30450,91050,39150,51900,48200,20200,28000,207000,72000,135000,24800,
38,10,487535,271735,89635,182100,42235,12235,30000,49950,17400,32550,76950,34800,42150,102600,25200,77400,191000,56000,135000,24800,
38,11,447800,260200,133250,126950,72000,27000,45000,47850,26100,21750,92550,57750,34800,47800,22400,25400,169000,64000,105000,18600,
38,12,496185,278385,127950,150435,57235,27000,30235,44250,17400,26850,112500,58350,54150,64400,25200,39200,193000,88000,105000,24800,
38,13,391200,263600,115900,147700,67300,27000,40300,41100,12900,28200,74400,45000,29400,80800,31000,49800,109000,64000,45000,18600,
38,14,554250,351650,133300,218350,80200,33000,47200,40200,20400,19800,94050,43500,50550,137200,36400,100800,184000,64000,120000,18600,
38,15,498100,291300,141750,149550,69000,24000,45000,21600,12900,8700,120300,64050,56250,80400,40800,39600,182000,32000,150000,24800,
38,16,483590,310990,157555,153435,69940,39705,30235,43350,21750,21600,108900,55500,53400,88800,40600,48200,154000,64000,90000,18600,
38,17,478050,276450,126350,150100,45000,18000,27000,36900,26100,10800,109950,51450,58500,84600,30800,53800,183000,48000,135000,18600,
38,18,452950,273350,137600,135750,52300,21000,31300,46500,26100,20400,90150,59700,30450,84400,30800,53600,161000,56000,105000,18600,
38,19,459440,263840,98205,165635,66940,18705,48235,35550,17400,18150,66750,19500,47250,94600,42600,52000,177000,72000,105000,18600,
38,20,469800,245200,106600,138600,48000,21000,27000,63000,19500,43500,69600,43500,26100,64600,22600,42000,206000,56000,150000,18600,
38,21,508200,276200,109700,166500,66000,24000,42000,34650,15150,19500,91350,39150,52200,84200,31400,52800,201000,96000,105000,31000,
38,22,447650,251050,107250,143800,48000,27000,21000,36750,4200,32550,95100,41250,53850,71200,34800,36400,178000,88000,90000,18600,
38,23,478150,315350,126650,188700,78500,24000,54500,49800,26100,23700,84450,44550,39900,102600,32000,70600,138000,48000,90000,24800,
38,24,449420,292820,131735,161085,66070,27235,38835,42900,17250,25650,86850,44850,42000,97000,42400,54600,138000,48000,90000,18600,
38,25,442200,254600,115550,139050,51000,24000,27000,49800,15150,34650,86400,45600,40800,67400,30800,36600,169000,64000,105000,18600,
38,26,408300,274700,108150,166550,59600,18000,41600,42450,10500,31950,83850,43050,40800,88800,36600,52200,115000,40000,75000,18600,
38,27,433250,269650,114400,155250,63900,24000,39900,54150,28200,25950,63600,34200,29400,88000,28000,60000,145000,40000,105000,18600,
38,28,489600,267800,122800,145000,75000,30000,45000,55200,17400,37800,64800,47400,17400,72800,28000,44800,197000,32000,165000,24800,
38,29,471650,268050,138050,130000,63000,21000,42000,39000,23850,15150,103650,62400,41250,62400,30800,31600,185000,80000,105000,18600,
38,30,515700,282900,108550,174350,63900,24000,39900,49950,15150,34800,95250,34800,60450,73800,34600,39200,208000,88000,120000,24800,
39,0,422285,287685,109850,177835,65835,21000,44835,33900,17100,16800,87150,40950,46200,100800,30800,70000,116000,56000,60000,18600,
39,1,509075,277275,124945,152330,93525,43645,49880,44100,18900,25200,70050,27600,42450,69600,34800,34800,207000,72000,135000,24800,
39,2,503500,316900,123100,193800,96100,24000,72100,49800,26100,23700,82800,45000,37800,88200,28000,60200,168000,48000,120000,18600,
39,3,480700,324100,146150,177950,65200,25300,39900,54300,26850,27450,86400,48600,37800,118200,45400,72800,138000,48000,90000,18600,
39,4,435950,224350,104500,119850,30000,9000,21000,39150,13050,26100,78000,62850,15150,77200,19600,57600,193000,88000,105000,18600,
39,5,419635,248835,113950,134885,69235,27000,42235,41250,19500,21750,87750,36450,51300,50600,31000,19600,146000,56000,90000,24800,
39,6,375350,219550,107350,112200,45000,15000,30000,49950,13050,36900,68400,51300,17100,56200,28000,28200,131000,56000,75000,24800,
39,7,490190,304590,143070,161520,65240,30470,34770,49800,23850,25950,80550,51150,29400,109000,37600,71400,167000,32000,135000,18600,
39,8,507935,308135,129350,178785,97535,39000,58535,51900,23850,28050,59700,42900,16800,99000,23600,75400,175000,40000,135000,24800,
39,9,464650,232850,95500,137350,48000,21000,27000,45600,15150,30450,91050,39150,51900,48200,20200,28000,207000,72000,135000,24800,
39,10,487535,271735,89635,182100,42235,12235,30000,49950,17400,32550,76950,34800,42150,102600,25200,77400,191000,56000,135000,24800,
39,11,447800,260200,133250,126950,72000,27000,45000,47850,26100,21750,92550,57750,34800,47800,22400,25400,169000,64000,105000,18600,
39,12,496185,278385,127950,150435,57235,27000,30235,44250,17400,26850,112500,58350,54150,64400,25200,39200,193000,88000,105000,24800,
39,13,391200,263600,115900,147700,67300,27000,40300,41100,12900,28200,74400,45000,29400,80800,31000,49800,109000,64000,45000,18600,
39,14,554250,351650,133300,218350,80200,33000,47200,40200,20400,19800,94050,43500,50550,137200,36400,100800,184000,64000,120000,18600,
39,15,498100,291300,141750,149550,69000,24000,45000,21600,12900,8700,120300,64050,56250,80400,40800,39600,182000,32000,150000,24800,
39,16,483590,310990,157555,153435,69940,39705,30235,43350,21750,21600,108900,55500,53400,88800,40600,48200,154000,64000,90000,18600,
39,17,478050,276450,126350,150100,45000,18000,27000,36900,26100,10800,109950,51450,58500,84600,30800,53800,183000,48000,135000,18600,
39,18,452950,273350,137600,135750,52300,21000,31300,46500,26100,20400,90150,59700,30450,84400,30800,53600,161000,56000,105000,18600,
39,19,459440,263840,98205,165635,66940,18705,48235,35550,17400,18150,66750,19500,47250,94600,42600,52000,177000,72000,105000,18600,
39,20,469800,245200,106600,138600,48000,21000,27000,63000,19500,43500,69600,43500,26100,64600,22600,42000,206000,56000,150000,18600,
39,21,508200,276200,109700,166500,66000,24000,42000,34650,15150,19500,91350,39150,52200,84200,31400,52800,201000,96000,105000,31000,
39,22,447650,251050,107250,143800,48000,27000,21000,36750,4200,32550,95100,41250,53850,71200,34800,36400,178000,88000,90000,18600,
39,23,478150,315350,126650,188700,78500,24000,54500,49800,26100,23700,84450,44550,39900,102600,32000,70600,138000,48000,90000,24800,
39,24,449420,292820,131735,161085,66070,27235,38835,42900,17250,25650,86850,44850,42000,97000,42400,54600,138000,48000,90000,18600,
39,25,442200,254600,115550,139050,51000,24000,27000,49800,15150,34650,86400,45600,40800,67400,30800,36600,169000,64000,105000,18600,
39,26,408300,274700,108150,166550,59600,18000,41600,42450,10500,31950,83850,43050,40800,88800,36600,52200,115000,40000,75000,18600,
39,27,433250,269650,114400,155250,63900,24000,39900,54150,28200,25950,63600,34200,29400,88000,28000,60000,145000,40000,105000,18600,
39,28,489600,267800,122800,145000,75000,30000,45000,55200,17400,37800,64800,47400,17400,72800,28000,44800,197000,32000,165000,24800,
39,29,471650,268050,138050,130000,63000,21000,42000,39000,23850,15150,103650,62400,41250,62400,30800,31600,185000,80000,105000,18600,
39,30,515700,282900,108550,174350,63900,24000,39900,49950,15150,34800,95250,34800,60450,73800,34600,39200,208000,88000,120000,24800,
40,0,542890,301490,146545,154945,87290,43645,43645,31500,14700,16800,78300,36000,42300,104400,52200,52200,229000,64000,165000,12400,
40,1,491060,279460,128430,151030,99760,49880,49880,31500,12600,18900,61200,25350,35850,87000,40600,46400,193000,88000,105000,18600,
40,2,538365,320565,158645,161920,118465,43645,74820,16800,12600,4200,73500,33600,39900,111800,68800,43000,193000,88000,105000,24800,
40,3,464555,301955,132510,169445,81055,37410,43645,42000,18900,23100,86100,33600,52500,92800,42600,50200,144000,24000,120000,18600,
40,4,528660,327860,132240,195620,99760,24940,74820,48300,21000,27300,71400,39900,31500,108400,46400,62000,176000,56000,120000,24800,
40,5,440770,246970,122610,124360,74820,37410,37410,31500,12600,18900,56850,29400,27450,83800,43200,40600,169000,64000,105000,24800,
40,6,380390,251790,116610,135180,87290,37410,49880,37800,12600,25200,52500,37800,14700,74200,28800,45400,110000,80000,30000,18600,
40,7,443920,240520,91770,148750,74820,12470,62350,33600,10500,23100,42900,28200,14700,89200,40600,48600,191000,56000,135000,12400,
40,8,453855,253055,104145,148910,81055,43645,37410,44100,23100,21000,44100,8400,35700,83800,29000,54800,176000,56000,120000,24800,
40,9,437835,243235,120540,122695,68585,24940,43645,35700,16800,18900,46350,21000,25350,92600,57800,34800,176000,56000,120000,18600,
40,10,529130,325530,141145,184385,112230,43645,68585,31500,14700,16800,75600,33600,42000,106200,49200,57000,185000,80000,105000,18600,
40,11,376455,234855,103810,131045,81055,37410,43645,33600,16800,16800,54600,21000,33600,65600,28600,37000,123000,48000,75000,18600,
40,12,537515,334915,117625,217290,118465,31175,87290,25200,10500,14700,77850,29550,48300,113400,46400,67000,184000,64000,120000,18600,
40,13,457620,264820,113405,151415,74820,18705,56115,33600,18900,14700,50400,21000,29400,106000,54800,51200,168000,48000,120000,24800,
40,14,566805,333205,149725,183480,81055,31175,49880,42000,21000,21000,79950,33750,46200,130200,63800,66400,215000,80000,135000,18600,
40,15,486660,284860,136545,148315,99760,43645,56115,25200,12600,12600,48300,31500,16800,111600,48800,62800,177000,72000,105000,24800,
40,16,550565,319765,131580,188185,118465,49880,68585,33600,14700,18900,65100,29400,35700,102600,37600,65000,206000,56000,150000,24800,
40,17,522590,283790,111540,172250,87290,24940,62350,29400,14700,14700,80700,42900,37800,86400,29000,57400,214000,64000,150000,24800,
40,18,489325,279725,127910,151815,93525,37410,56115,31500,16800,14700,65100,27300,37800,89600,46400,43200,191000,56000,135000,18600,
40,19,551940,298140,126540,171600,87290,24940,62350,46200,16800,29400,89250,38400,50850,75400,46400,29000,229000,64000,165000,24800,
40,20,512700,318100,139120,178980,62350,12470,49880,46200,18900,27300,115950,61350,54600,93600,46400,47200,176000,56000,120000,18600,
40,21,549975,325375,138560,186815,93525,37410,56115,37800,16800,21000,77850,37950,39900,116200,46400,69800,206000,56000,150000,18600,
40,22,608990,308190,162495,145695,87290,43645,43645,39900,16800,23100,88200,38250,49950,92800,63800,29000,276000,96000,180000,24800,
40,23,538495,327895,144645,183250,105995,43645,62350,37800,16800,21000,77700,37800,39900,106400,46400,60000,192000,72000,120000,18600,
40,24,471625,292825,118740,174085,93525,24940,68585,31500,8400,23100,75600,42000,33600,92200,43400,48800,154000,64000,90000,24800,
40,25,527800,348000,153580,194420,124700,49880,74820,33600,14700,18900,77700,37800,39900,112000,51200,60800,155000,80000,75000,24800,
40,26,469385,288785,118175,170610,68585,31175,37410,44100,18900,25200,60900,18900,42000,115200,49200,66000,162000,72000,90000,18600,
40,27,497925,291125,118210,172915,93525,37410,56115,29400,10500,18900,75600,27300,48300,92600,43000,49600,182000,32000,150000,24800,
40,28,490750,303950,104360,199590,129000,37410,91590,23100,6300,16800,65250,31650,33600,86600,29000,57600,162000,72000,90000,24800,
40,29,491560,282760,122110,160650,99760,37410,62350,46200,16800,29400,58800,27300,31500,78000,40600,37400,184000,64000,120000,24800,
40,30,497260,310660,138880,171780,99760,49880,49880,35700,4200,31500,88200,42000,46200,87000,42800,44200,168000,48000,120000,18600,
41,0,480970,279370,133260,146110,74820,37410,37410,23100,18900,4200,77850,42150,35700,103600,34800,68800,183000,48000,135000,18600,
41,1,461600,259800,122110,137690,62350,37410,24940,33600,14700,18900,56850,21000,35850,107000,49000,58000,177000,72000,105000,24800,
41,2,431985,247185,121075,126110,68585,31175,37410,35700,18900,16800,65100,42000,23100,77800,29000,48800,160000,40000,120000,24800,
41,3,428590,296790,106210,190580,107490,40410,67080,23100,10500,12600,71400,27300,44100,94800,28000,66800,107000,32000,75000,24800,
41,4,422635,237035,94435,142600,53835,15235,38600,58650,21750,36900,68550,23850,44700,56000,33600,22400,167000,32000,135000,18600,
41,5,394300,216500,93600,122900,69000,27000,42000,69450,30300,39150,47250,19500,27750,30800,16800,14000,153000,48000,105000,24800,
41,6,494750,315150,160250,154900,62600,22300,40300,58650,19500,39150,78300,46650,31650,115600,71800,43800,161000,56000,105000,18600,
41,7,416870,290270,119300,170970,60470,18000,42470,42300,21300,21000,89100,57600,31500,98400,22400,76000,108000,48000,60000,18600,
41,8,423550,227950,95600,132350,54000,24000,30000,52050,13050,39000,65100,32550,32550,56800,26000,30800,177000,72000,105000,18600,
41,9,405100,249500,91250,158250,52300,15000,37300,32100,17400,14700,72300,36450,35850,92800,22400,70400,137000,32000,105000,18600,
41,10,457600,263800,110000,153800,57000,27000,30000,49950,21750,28200,82050,30450,51600,74800,30800,44000,169000,64000,105000,24800,
41,11,483285,289485,127085,162400,72235,30235,42000,61650,28200,33450,94200,32250,61950,61400,36400,25000,169000,64000,105000,24800,
41,12,464085,292285,116850,175435,98835,27000,71835,60900,32550,28350,51150,32100,19050,81400,25200,56200,147000,72000,75000,24800,
41,13,419150,270350,110600,159750,63000,21000,42000,49650,28200,21450,50700,27600,23100,107000,33800,73200,124000,64000,60000,24800,
41,14,429585,218985,106350,112635,36235,24000,12235,34800,13050,21750,56550,26100,30450,91400,43200,48200,192000,72000,120000,18600,
41,15,410900,238100,123500,114600,48000,30000,18000,28200,17400,10800,105900,45300,60600,56000,30800,25200,148000,88000,60000,24800,
41,16,506600,297800,115700,182100,83200,36000,47200,54300,19500,34800,83100,34800,48300,77200,25400,51800,184000,64000,120000,24800,
41,17,396750,256150,114300,141850,43300,27000,16300,49800,23850,25950,103650,55050,48600,59400,8400,51000,122000,32000,90000,18600,
41,18,463450,282850,143150,139700,55300,28300,27000,52950,20400,32550,107400,58050,49350,67200,36400,30800,162000,72000,90000,18600,
41,19,495950,324150,128350,195800,62600,21000,41600,48300,17400,30900,101850,61950,39900,111400,28000,83400,147000,72000,75000,24800,
41,20,464720,254120,107720,146400,49770,15470,34300,23850,8700,15150,106500,49950,56550,74000,33600,40400,192000,72000,120000,18600,
41,21,522190,297390,109370,188020,57940,18470,39470,52050,23850,28200,76800,30450,46350,110600,36600,74000,200000,80000,120000,24800,
41,22,497100,285500,123700,161800,68600,24000,44600,60900,26100,34800,84600,45600,39000,71400,28000,43400,193000,88000,105000,18600,
41,23,421685,287885,104685,183200,53835,18235,35600,42750,17250,25500,93900,46800,47100,97400,22400,75000,109000,64000,45000,24800,
41,24,472885,286085,101600,184485,63235,27000,36235,51150,17400,33750,95700,43200,52500,76000,14000,62000,162000,72000,90000,24800,
41,25,458770,280970,127400,153570,64770,30000,34770,54150,23850,30300,82650,59550,23100,79400,14000,65400,153000,48000,105000,24800,
41,26,461970,298170,117700,180470,52770,21000,31770,46950,21750,25200,95250,46950,48300,103200,28000,75200,139000,64000,75000,24800,
41,27,447200,259600,99850,159750,73300,27000,46300,43350,19500,23850,81750,21750,60000,61200,31600,29600,169000,64000,105000,18600,
41,28,497350,269750,128500,141250,24000,18000,6000,54300,26100,28200,104250,56400,47850,87200,28000,59200,209000,104000,105000,18600,
41,29,486020,298420,134650,163770,79770,30000,49770,58650,21750,36900,102600,45300,57300,57400,37600,19800,169000,64000,105000,18600,
41,30,478250,277450,116850,160600,76300,24000,52300,54300,19500,34800,55650,36750,18900,91200,36600,54600,176000,56000,120000,24800,
42,0,434720,261120,114575,146545,74820,31175,43645,37800,14700,23100,59100,33900,25200,89400,34800,54600,155000,80000,75000,18600,
42,1,437570,257970,113990,143980,74820,24940,49880,35700,14700,21000,69450,33750,35700,78000,40600,37400,161000,56000,105000,18600,
42,2,548760,331160,134140,197020,99760,24940,74820,35700,16800,18900,92700,40200,52500,103000,52200,50800,199000,64000,135000,18600,
42,3,569275,299475,150960,148515,93525,37410,56115,33600,16800,16800,67950,44550,23400,104400,52200,52200,245000,80000,165000,24800,
42,4,512560,295760,133945,161815,99760,43645,56115,29400,12600,16800,63000,31500,31500,103600,46200,57400,192000,72000,120000,24800,
42,5,407770,243970,98260,145710,74820,37410,37410,27300,16800,10500,76050,38250,37800,65800,5800,60000,139000,64000,75000,24800,
42,6,413485,247885,111600,136285,57235,30000,27235,54150,17250,36900,69300,39150,30150,67200,25200,42000,147000,72000,75000,18600,
42,7,571805,336405,156760,179645,81055,37410,43645,46200,18900,27300,93150,42450,50700,116000,58000,58000,223000,88000,135000,12400,
42,8,558660,296860,144075,152785,99760,31175,68585,29400,14700,14700,54900,40200,14700,112800,58000,54800,237000,72000,165000,24800,
42,9,537060,306260,136480,169780,99760,49880,49880,33600,14700,18900,69300,31500,37800,103600,40400,63200,206000,56000,150000,24800,
42,10,461325,266725,108640,158085,93525,24940,68585,37800,16800,21000,37800,14700,23100,97600,52200,45400,176000,56000,120000,18600,
42,11,492135,283335,124860,158475,68585,37410,31175,44100,18900,25200,69450,33750,35700,101200,34800,66400,184000,64000,120000,24800,
42,12,548640,315040,118725,196315,87290,31175,56115,52500,25200,27300,61650,21750,39900,113600,40600,73000,215000,80000,135000,18600,
42,13,489290,309490,141510,167980,87290,37410,49880,48300,21000,27300,98700,48300,50400,75200,34800,40400,155000,80000,75000,24800,
42,14,439615,245015,117110,127905,56115,37410,18705,39900,12600,27300,67800,38100,29700,81200,29000,52200,176000,56000,120000,18600,
42,15,449975,269375,124495,144880,93525,43645,49880,29400,16800,12600,88650,46650,42000,57800,17400,40400,162000,72000,90000,18600,
42,16,370315,289715,138740,150975,112015,50740,61275,44100,21000,23100,58800,37800,21000,74800,29200,45600,62000,32000,30000,18600,
42,17,419255,278655,128375,150280,81055,31175,49880,39900,16800,23100,69300,37800,31500,88400,42600,45800,122000,32000,90000,18600,
42,18,456220,255420,111675,143745,74820,31175,43645,33600,12600,21000,46200,27300,18900,100800,40600,60200,176000,56000,120000,24800,
42,19,514895,314095,141945,172150,105995,43645,62350,33600,14700,18900,73500,37800,35700,101000,45800,55200,176000,56000,120000,24800,
42,20,483860,290060,144745,145315,99760,43645,56115,37800,14700,23100,69300,37800,31500,83200,48600,34600,169000,64000,105000,24800,
42,21,560725,320125,160880,159245,93525,49880,43645,29400,21000,8400,75600,37800,37800,121600,52200,69400,222000,72000,150000,18600,
42,22,493695,307095,138010,169085,105995,37410,68585,35700,16800,18900,88200,37800,50400,77200,46000,31200,168000,48000,120000,18600,
42,23,507485,305685,133475,172210,68585,31175,37410,33600,12600,21000,105300,54900,50400,98200,34800,63400,177000,72000,105000,24800,
42,24,538895,308095,132810,175285,105995,37410,68585,31500,12600,18900,67200,33600,33600,103400,49200,54200,206000,56000,150000,24800,
42,25,523855,308055,138645,169410,81055,43645,37410,33600,14700,18900,84000,39900,44100,109400,40400,69000,191000,56000,135000,24800,
42,26,484360,313560,121945,191615,99760,43645,56115,29400,12600,16800,75600,31500,44100,108800,34200,74600,146000,56000,90000,24800,
42,27,462255,276455,133875,142580,81055,31175,49880,35700,14700,21000,65100,33600,31500,94600,54400,40200,161000,56000,105000,24800,
42,28,470800,305400,149115,156285,124700,56115,68585,37800,10500,27300,86100,48300,37800,56800,34200,22600,153000,48000,105000,12400,
42,29,447460,281660,131180,150480,99760,49880,49880,31500,18900,12600,67200,25200,42000,83200,37200,46000,141000,96000,45000,24800,
42,30,537290,299290,145145,154145,87290,43645,43645,37800,16800,21000,67200,35700,31500,107000,49000,58000,207000,72000,135000,31000,
43,0,554035,330235,138190,192045,68585,24940,43645,39900,16800,23100,92550,44250,48300,129200,52200,77000,199000,64000,135000,24800,
43,1,502185,290585,130310,160275,68585,37410,31175,39900,16800,23100,54900,29700,25200,127200,46400,80800,193000,88000,105000,18600,
43,2,509855,308055,156845,151210,81055,43645,37410,39900,10500,29400,86100,56700,29400,101000,46000,55000,177000,72000,105000,24800,
43,3,449520,276920,130575,146345,74820,31175,43645,31500,12600,18900,67200,37800,29400,103400,49000,54400,154000,64000,90000,18600,
43,4,404190,279390,126910,152480,91590,41710,49880,37800,18900,18900,67200,31500,35700,82800,34800,48000,100000,40000,60000,24800,
43,5,485775,283175,128125,155050,93525,31175,62350,46200,18900,27300,56850,31650,25200,86600,46400,40200,184000,64000,120000,18600,
43,6,454650,276850,139540,137310,62350,24940,37410,44100,23100,21000,75600,48300,27300,94800,43200,51600,153000,48000,105000,24800,
43,7,470860,306260,150845,155415,99760,43645,56115,37800,18900,18900,69300,39900,29400,99400,48400,51000,146000,56000,90000,18600,
43,8,556095,302295,128275,174020,105995,31175,74820,39900,21000,18900,70200,47100,23100,86200,29000,57200,229000,64000,165000,24800,
43,9,586425,293625,151260,142365,93525,37410,56115,37800,21000,16800,75300,40650,34650,87000,52200,34800,268000,88000,180000,24800,
43,10,494020,279220,115440,163780,74820,24940,49880,48300,16800,31500,69300,27300,42000,86800,46400,40400,190000,40000,150000,24800,
43,11,458290,278690,108775,169915,87290,31175,56115,37800,10500,27300,73800,38100,35700,79800,29000,50800,161000,56000,105000,18600,
43,12,544630,342030,152145,189885,112230,43645,68585,33600,16800,16800,92400,48300,44100,103800,43400,60400,184000,64000,120000,18600,
43,13,520485,310885,148210,162675,68585,37410,31175,46200,16800,29400,77700,33600,44100,118400,60400,58000,191000,56000,135000,18600,
43,14,469195,289595,136610,152985,105995,37410,68585,27300,14700,12600,65100,35700,29400,91200,48800,42400,161000,56000,105000,18600,
43,15,488300,310500,134980,175520,124700,49880,74820,42000,16800,25200,71400,31500,39900,72400,36800,35600,153000,48000,105000,24800,
43,16,443130,257330,96020,161310,49880,12470,37410,37800,12600,25200,88650,36150,52500,81000,34800,46200,161000,56000,105000,24800,
43,17,482155,294555,130075,164480,81055,31175,49880,31500,10500,21000,84000,42000,42000,98000,46400,51600,169000,64000,105000,18600,
43,18,560500,326900,144075,182825,62350,31175,31175,37800,10500,27300,99150,44400,54750,127600,58000,69600,215000,80000,135000,18600,
43,19,469555,296955,131540,165415,81055,24940,56115,39900,18900,21000,75600,35700,39900,100400,52000,48400,154000,64000,90000,18600,
43,20,529535,298735,111825,186910,68585,31175,37410,39900,18900,21000,82650,38550,44100,107600,23200,84400,206000,56000,150000,24800,
43,21,490765,274965,127180,147785,118465,49880,68585,23100,14700,8400,58800,25200,33600,74600,37400,37200,191000,56000,135000,24800,
43,22,442290,255490,110440,145050,87290,24940,62350,27300,14700,12600,63300,36000,27300,77600,34800,42800,162000,72000,90000,24800,
43,23,547995,308195,148780,159415,105995,49880,56115,23100,12600,10500,69300,31500,37800,109800,54800,55000,215000,80000,135000,24800,
43,24,456860,291260,125410,165850,99760,37410,62350,35700,14700,21000,75600,35700,39900,80200,37600,42600,147000,72000,75000,18600,
43,25,460760,275960,135945,140015,99760,43645,56115,27300,8400,18900,86100,52500,33600,62800,31400,31400,160000,40000,120000,24800,
43,26,497460,294860,143310,151550,99760,37410,62350,37800,18900,18900,56700,37800,18900,100600,49200,51400,184000,64000,120000,18600,
43,27,464125,291525,125145,166380,93525,43645,49880,37800,10500,27300,79800,33600,46200,80400,37400,43000,154000,64000,90000,18600,
43,28,439955,270355,93405,176950,111155,18705,92450,33600,12600,21000,50400,18900,31500,75200,43200,32000,151000,16000,135000,18600,
43,29,454325,292325,145680,146645,97825,54180,43645,31500,14700,16800,71400,42000,29400,91600,34800,56800,131000,56000,75000,31000,
43,30,484560,313760,123440,190320,99760,24940,74820,29400,8400,21000,88200,44100,44100,96400,46000,50400,146000,56000,90000,24800,
44,0,451770,272970,98800,174170,67770,18000,49770,36600,21600,15000,78600,36600,42000,90000,22600,67400,154000,64000,90000,24800,
44,1,489550,279750,125700,154050,55300,27000,28300,46500,21750,24750,78150,43350,34800,99800,33600,66200,185000,80000,105000,24800,
44,2,584050,306450,121000,185450,56200,15000,41200,56550,17400,39150,101700,45600,56100,92000,43000,49000,259000,64000,195000,18600,
44,3,499985,297385,133450,163935,63235,27000,36235,68100,30300,37800,103050,45150,57900,63000,31000,32000,184000,64000,120000,18600,
44,4,461720,267120,123950,143170,48470,24000,24470,45450,19500,25950,94800,41250,53550,78400,39200,39200,176000,56000,120000,18600,
44,5,494550,315750,143100,172650,87900,29600,58300,50850,21750,29100,66000,42750,23250,111000,49000,62000,154000,64000,90000,24800,
44,6,460920,272320,110850,161470,66470,24000,42470,49950,23850,26100,65100,34800,30300,90800,28200,62600,170000,80000,90000,18600,
44,7,385535,281935,110650,171285,86835,39000,47835,36150,19200,16950,82350,38250,44100,76600,14200,62400,85000,40000,45000,18600,
44,8,486920,232120,121370,110750,18470,15470,3000,43500,26100,17400,49950,34800,15150,120200,45000,75200,230000,80000,150000,24800,
44,9,492300,274700,130200,144500,60000,39000,21000,39150,13050,26100,108150,49950,58200,67400,28200,39200,199000,64000,135000,18600,
44,10,478835,277835,97850,179985,66235,12000,54235,56400,21600,34800,76800,30450,46350,78400,33800,44600,170000,80000,90000,31000,
44,11,463735,277935,125950,151985,60235,24000,36235,37650,20400,17250,92250,45150,47100,87800,36400,51400,161000,56000,105000,24800,
44,12,395000,238400,107450,130950,45000,24000,21000,63000,23850,39150,45000,17400,27600,85400,42200,43200,138000,48000,90000,18600,
44,13,495185,299585,109550,190035,73535,15000,58535,35400,12900,22500,98850,47850,51000,91800,33800,58000,177000,72000,105000,18600,
44,14,479470,313870,153550,160320,81070,47600,33470,50700,24750,25950,100500,45000,55500,81600,36200,45400,147000,72000,75000,18600,
44,15,472800,279200,121900,157300,78900,27000,51900,54300,19500,34800,77400,39000,38400,68600,36400,32200,175000,40000,135000,18600,
44,16,508600,292800,106850,185950,42000,9000,33000,55950,25950,30000,95850,57900,37950,99000,14000,85000,191000,56000,135000,24800,
44,17,506350,285750,137500,148250,54000,27000,27000,36900,6450,30450,121650,76050,45600,73200,28000,45200,202000,112000,90000,18600,
44,18,543600,318000,134350,183650,63000,15000,48000,45300,10500,34800,116100,69450,46650,93600,39400,54200,207000,72000,135000,18600,
44,19,436185,279385,120985,158400,63235,24235,39000,56400,21600,34800,55350,21750,33600,104400,53400,51000,132000,72000,60000,24800,
44,20,427485,250485,117085,133400,54235,33235,21000,56400,19500,36900,72450,27750,44700,67400,36600,30800,146000,56000,90000,31000,
44,21,473270,303470,132650,170820,94370,31300,63070,47400,23850,23550,65700,27900,37800,96000,49600,46400,145000,40000,105000,24800,
44,22,489970,317570,108700,208870,86270,18000,68270,45000,28200,16800,72300,26100,46200,114000,36400,77600,160000,40000,120000,12400,
44,23,533850,294050,120300,173750,40300,15000,25300,59550,26100,33450,105600,54000,51600,88600,25200,63400,215000,80000,135000,24800,
44,24,514000,305200,128850,176350,65600,24000,41600,36750,28200,8550,113250,51450,61800,89600,25200,64400,184000,64000,120000,24800,
44,25,439750,299950,126550,173400,79800,30000,49800,42600,17400,25200,94950,48750,46200,82600,30400,52200,115000,40000,75000,24800,
44,26,483100,267300,126550,140750,54000,21000,33000,41250,15150,26100,86850,45600,41250,85200,44800,40400,191000,56000,135000,24800,
44,27,428035,251035,86850,164185,42235,12000,30235,58500,28200,30300,86700,21450,65250,63600,25200,38400,146000,56000,90000,31000,
44,28,449650,285050,114350,170700,55300,21000,34300,58650,23850,34800,76500,38700,37800,94600,30800,63800,146000,56000,90000,18600,
44,29,511805,287205,116550,170655,74005,24000,50005,52050,26100,25950,81750,41250,40500,79400,25200,54200,206000,56000,150000,18600,
44,30,497725,241125,99175,141950,55175,31175,24000,45450,23850,21600,89100,32550,56550,51400,11600,39800,238000,88000,150000,18600,
45,0,537135,321135,159735,161400,67135,27235,39900,49800,30300,19500,105000,51000,54000,99200,51200,48000,185000,80000,105000,31000,
45,1,434185,238585,112190,126395,68585,24940,43645,35700,16800,18900,53100,29850,23250,81200,40600,40600,177000,72000,105000,18600,
45,2,537325,320525,137710,182815,93525,37410,56115,33600,6300,27300,92400,42000,50400,101000,52000,49000,192000,72000,120000,24800,
45,3,506995,305395,142410,162985,105995,37410,68585,39900,14700,25200,73500,44100,29400,86000,46200,39800,183000,48000,135000,18600,
45,4,495820,294820,119375,175445,74820,31175,43645,44100,18900,25200,77700,23100,54600,98200,46200,52000,170000,80000,90000,31000,
45,5,398685,252685,131110,121575,72885,41710,31175,46200,21000,25200,84000,42000,42000,49600,26400,23200,115000,40000,75000,31000,
45,6,394095,222495,95590,126905,43645,24940,18705,33600,10500,23100,52650,25350,27300,92600,34800,57800,153000,48000,105000,18600,
45,7,499655,289055,139045,150010,81055,43645,37410,37800,14700,23100,54600,23100,31500,115600,57600,58000,192000,72000,120000,18600,
45,8,623110,335510,149895,185615,99760,43645,56115,42000,16800,25200,66150,43050,23100,127600,46400,81200,269000,104000,165000,18600,
45,9,496690,264890,107560,157330,87290,37410,49880,31500,12600,18900,76500,34350,42150,69600,23200,46400,207000,72000,135000,24800,
45,10,476805,288405,130225,158180,81055,31175,49880,35700,16800,18900,73650,35850,37800,98000,46400,51600,176000,56000,120000,12400,
45,11,449050,272250,132245,140005,62350,43645,18705,37800,14700,23100,69300,31500,37800,102800,42400,60400,152000,32000,120000,24800,
45,12,447920,301120,118640,182480,74820,24940,49880,37800,16800,21000,86100,39900,46200,102400,37000,65400,122000,32000,90000,24800,
45,13,474630,274630,114880,159750,112230,49880,62350,23100,6300,16800,65100,27300,37800,74200,31400,42800,169000,64000,105000,31000,
45,14,532555,299155,135960,163195,81055,37410,43645,39900,18900,21000,91200,44850,46350,87000,34800,52200,221000,56000,165000,12400,
45,15,406525,280725,129045,151680,93525,43645,49880,39900,16800,23100,73500,37800,35700,73800,30800,43000,101000,56000,45000,24800,
45,16,501505,276905,107125,169780,81055,31175,49880,29400,4200,25200,82650,42750,39900,83800,29000,54800,206000,56000,150000,18600,
45,17,465570,286970,123325,163645,74820,31175,43645,42000,18900,23100,100950,44250,56700,69200,29000,40200,160000,40000,120000,18600,
45,18,448255,263455,141980,121475,81055,49880,31175,39900,16800,23100,48300,27300,21000,94200,48000,46200,160000,40000,120000,24800,
45,19,466100,263500,126460,137040,62350,37410,24940,27300,12600,14700,69450,35850,33600,104400,40600,63800,184000,64000,120000,18600,
45,20,504895,309295,149345,159950,105995,43645,62350,29400,21000,8400,81900,35700,46200,92000,49000,43000,177000,72000,105000,18600,
45,21,382020,226220,115275,110945,74820,31175,43645,33600,10500,23100,46200,33600,12600,71600,40000,31600,131000,56000,75000,24800,
45,22,519170,279570,103725,175845,74820,31175,43645,42000,18900,23100,61950,30450,31500,100800,23200,77600,221000,56000,165000,18600,
45,23,440185,269385,105070,164315,68585,12470,56115,35700,10500,25200,69300,27300,42000,95800,54800,41000,146000,56000,90000,24800,
45,24,393860,245260,110980,134280,99760,49880,49880,31500,16800,14700,54600,18900,35700,59400,25400,34000,130000,40000,90000,18600,
45,25,468260,283460,124575,158885,99760,31175,68585,35700,14700,21000,67200,35700,31500,80800,43000,37800,160000,40000,120000,24800,
45,26,520355,303555,126340,177215,81055,24940,56115,39900,12600,27300,58800,25200,33600,123800,63600,60200,192000,72000,120000,24800,
45,27,488660,300260,150310,149950,99760,37410,62350,33600,12600,21000,69300,39900,29400,97600,60400,37200,176000,56000,120000,12400,
45,28,510450,278650,137110,141540,62350,37410,24940,37800,21000,16800,74100,38100,36000,104400,40600,63800,207000,72000,135000,24800,
45,29,505335,289535,141710,147825,68585,37410,31175,35700,14700,21000,101250,46200,55050,84000,43400,40600,191000,56000,135000,24800,
45,30,554675,292875,145160,147715,93525,37410,56115,31500,16800,14700,63450,44550,18900,104400,46400,58000,237000,72000,165000,24800,
46,0,581045,314645,143810,170835,105995,37410,68585,18900,10500,8400,85350,49500,35850,104400,46400,58000,254000,104000,150000,12400,
46,1,446720,275120,127310,147810,74820,37410,37410,29400,16800,12600,73500,35700,37800,97400,37400,60000,153000,48000,105000,18600,
46,2,523110,328510,118995,209515,99760,43645,56115,35700,12600,23100,86250,33750,52500,106800,29000,77800,176000,56000,120000,18600,
46,3,494935,286135,116350,169785,66235,24000,42235,39000,19500,19500,78300,30450,47850,102600,42400,60200,184000,64000,120000,24800,
46,4,436920,251320,101505,149815,74820,18705,56115,42000,16800,25200,56700,16800,39900,77800,49200,28600,167000,32000,135000,18600,
46,5,414995,237195,102345,134850,105995,43645,62350,48300,21000,27300,39900,14700,25200,43000,23000,20000,153000,48000,105000,24800,
46,6,503825,324225,162575,161650,93525,31175,62350,42000,14700,27300,73500,44100,29400,115200,72600,42600,161000,56000,105000,18600,
46,7,422255,295655,123040,172615,81055,24940,56115,39900,18900,21000,81900,50400,31500,92800,28800,64000,108000,48000,60000,18600,
46,8,438605,243005,102560,140445,81055,37410,43645,35700,8400,27300,50850,27750,23100,75400,29000,46400,177000,72000,105000,18600,
46,9,418155,262555,98740,163815,81055,24940,56115,27300,12600,14700,63000,29400,33600,91200,31800,59400,137000,32000,105000,18600,
46,10,461555,267755,113510,154245,81055,37410,43645,33600,14700,18900,60900,21000,39900,92200,40400,51800,169000,64000,105000,24800,
46,11,496195,302395,135645,166750,105995,43645,62350,44100,21000,23100,77700,25200,52500,74600,45800,28800,169000,64000,105000,24800,
46,12,482100,310300,128445,181855,141900,43645,98255,46200,23100,23100,46200,27300,18900,76000,34400,41600,147000,72000,75000,24800,
46,13,427325,278525,115275,163250,93525,31175,62350,37800,21000,16800,46200,23100,23100,101000,40000,61000,124000,64000,60000,24800,
46,14,442465,231865,111260,120605,56115,37410,18705,23100,8400,14700,42450,19050,23400,110200,46400,63800,192000,72000,120000,18600,
46,15,425970,253170,130045,123125,74820,43645,31175,21000,12600,8400,82350,33600,48750,75000,40200,34800,148000,88000,60000,24800,
46,16,516030,307230,121580,185650,112230,49880,62350,39900,14700,25200,73500,25200,48300,81600,31800,49800,184000,64000,120000,24800,
46,17,398950,258350,116210,142140,62350,37410,24940,35700,16800,18900,94500,50400,44100,65800,11600,54200,122000,32000,90000,18600,
46,18,474720,294120,147310,146810,74820,37410,37410,37800,14700,23100,86100,46200,39900,95400,49000,46400,162000,72000,90000,18600,
46,19,512225,340425,136675,203750,93525,31175,62350,39900,12600,27300,92400,52500,39900,114600,40400,74200,147000,72000,75000,24800,
46,20,479685,269085,111905,157180,68585,18705,49880,18900,6300,12600,80400,40500,39900,101200,46400,54800,192000,72000,120000,18600,
46,21,537570,312770,115455,197315,74820,18705,56115,39900,18900,21000,71850,25650,46200,126200,52200,74000,200000,80000,120000,24800,
46,22,513410,301810,133060,168750,99760,37410,62350,44100,18900,25200,65550,36150,29400,92400,40600,51800,193000,88000,105000,18600,
46,23,429220,295420,109040,186380,74820,24940,49880,35700,12600,23100,86100,39900,46200,98800,31600,67200,109000,64000,45000,24800,
46,24,486990,300190,109210,190980,87290,37410,49880,42000,12600,29400,88500,36000,52500,82400,23200,59200,162000,72000,90000,24800,
46,25,467390,289590,133145,156445,87290,43645,43645,39900,16800,23100,75600,52500,23100,86800,20200,66600,153000,48000,105000,24800,
46,26,471120,307320,120375,186945,74820,31175,43645,39900,14700,25200,88200,39900,48300,104400,34600,69800,139000,64000,75000,24800,
46,27,456545,268945,103860,165085,105995,37410,68585,31500,14700,16800,65250,16950,48300,66200,34800,31400,169000,64000,105000,18600,
46,28,512210,284610,133790,150820,37410,24940,12470,37800,18900,18900,87600,49350,38250,121800,40600,81200,209000,104000,105000,18600,
46,29,499030,311430,140045,171385,112230,43645,68585,42000,14700,27300,88200,35700,52500,69000,46000,23000,169000,64000,105000,18600,
46,30,490330,289530,125410,164120,112230,37410,74820,39900,14700,25200,46200,27300,18900,91200,46000,45200,176000,56000,120000,24800,
47,0,431000,269200,112800,156400,46300,15000,31300,28050,15150,12900,84450,49050,35400,110400,33600,76800,137000,32000,105000,24800,
47,1,515190,306390,134250,172140,72940,27000,45940,47250,16950,30300,96600,54300,42300,89600,36000,53600,184000,64000,120000,24800,
47,2,515135,306335,129835,176500,68835,27235,41600,49500,16950,32550,96600,52050,44550,91400,33600,57800,184000,64000,120000,24800,
47,3,516685,307885,132085,175800,67535,27235,40300,49500,16950,32550,100650,54300,46350,90200,33600,56600,184000,64000,120000,24800,
47,4,511655,302855,132085,170770,69705,27235,42470,48150,16950,31200,99000,54300,44700,86000,33600,52400,184000,64000,120000,24800,
47,5,518250,309450,132650,176800,72500,27000,45500,49500,16950,32550,96450,51900,44550,91000,36800,54200,184000,64000,120000,24800,
47,6,323050,189450,85700,103750,42000,18000,24000,34650,15150,19500,62400,30150,32250,50400,22400,28000,115000,40000,75000,18600,
47,7,237300,132900,60650,72250,30000,12000,18000,23850,10800,13050,45450,23850,21600,33600,14000,19600,92000,32000,60000,12400,
47,8,509575,300775,129835,170940,73175,27235,45940,51900,21600,30300,89700,47400,42300,86000,33600,52400,184000,64000,120000,24800,
47,9,519100,310300,132650,177650,69900,27000,42900,47250,16950,30300,99150,51900,47250,94000,36800,57200,184000,64000,120000,24800,
47,10,518250,309450,131850,177600,67300,27000,40300,56400,23850,32550,95550,47400,48150,90200,33600,56600,184000,64000,120000,24800,
47,11,516835,308035,129835,178200,71435,27235,44200,49500,16950,32550,99300,52050,47250,87800,33600,54200,184000,64000,120000,24800,
47,12,515250,306450,132650,173800,66000,27000,39000,51900,21600,30300,94350,47250,47100,94200,36800,57400,184000,64000,120000,24800,
47,13,321000,187400,83650,103750,42000,18000,24000,30000,12900,17100,64800,30150,34650,50600,22600,28000,115000,40000,75000,18600,
47,14,237300,132900,60650,72250,30000,12000,18000,23850,10800,13050,45450,23850,21600,33600,14000,19600,92000,32000,60000,12400,
47,15,514250,305450,131850,173600,67300,27000,40300,55050,23850,31200,92100,47400,44700,91000,33600,57400,184000,64000,120000,24800,
47,16,514320,305520,133050,172470,69470,27000,42470,54150,23850,30300,89700,47400,42300,92200,34800,57400,184000,64000,120000,24800,
47,17,516535,307735,129835,177900,67535,27235,40300,49500,16950,32550,99300,52050,47250,91400,33600,57800,184000,64000,120000,24800,
47,18,518450,309650,131850,177800,69900,27000,42900,56400,23850,32550,91950,47400,44550,91400,33600,57800,184000,64000,120000,24800,
47,19,513350,304550,131850,172700,67300,27000,40300,54150,23850,30300,92100,47400,44700,91000,33600,57400,184000,64000,120000,24800,
47,20,323050,189450,85700,103750,42000,18000,24000,34650,15150,19500,62400,30150,32250,50400,22400,28000,115000,40000,75000,18600,
47,21,237300,132900,60650,72250,30000,12000,18000,23850,10800,13050,45450,23850,21600,33600,14000,19600,92000,32000,60000,12400,
47,22,511635,302835,129835,173000,66235,27235,39000,51900,21600,30300,92100,47400,44700,92600,33600,59000,184000,64000,120000,24800,
47,23,517350,308550,131850,176700,71200,27000,44200,56400,23850,32550,91950,47400,44550,89000,33600,55400,184000,64000,120000,24800,
47,24,513520,304720,131850,172870,69470,27000,42470,54150,23850,30300,89700,47400,42300,91400,33600,57800,184000,64000,120000,24800,
47,25,519500,310700,131850,178850,73800,27000,46800,54150,23850,30300,91950,47400,44550,90800,33600,57200,184000,64000,120000,24800,
47,26,512340,303540,132600,170940,72940,27000,45940,51900,21600,30300,89700,47400,42300,89000,36600,52400,184000,64000,120000,24800,
47,27,323050,189450,85700,103750,42000,18000,24000,34650,15150,19500,62400,30150,32250,50400,22400,28000,115000,40000,75000,18600,
47,28,237300,132900,60650,72250,30000,12000,18000,23850,10800,13050,45450,23850,21600,33600,14000,19600,92000,32000,60000,12400,
47,29,513250,304450,131850,172600,66000,27000,39000,50400,19200,31200,97050,52050,45000,91000,33600,57400,184000,64000,120000,24800,
47,30,514850,306050,131850,174200,71200,27000,44200,54150,23850,30300,89700,47400,42300,91000,33600,57400,184000,64000,120000,24800,
48,0,415000,282200,127550,154650,60500,24000,36500,50100,25950,24150,69600,44400,25200,102000,33200,68800,108000,48000,60000,24800,
48,1,485620,277820,122875,154945,74820,31175,43645,31500,14700,16800,81900,33600,48300,89600,43400,46200,183000,48000,135000,24800,
48,2,441120,283520,121975,161545,74820,31175,43645,33600,12600,21000,86100,37800,48300,89000,40400,48600,139000,64000,75000,18600,
48,3,409855,262055,108510,153545,81055,37410,43645,39900,14700,25200,60900,33600,27300,80200,22800,57400,123000,48000,75000,24800,
48,4,530150,313350,130440,182910,62350,24940,37410,37800,16800,21000,94800,42300,52500,118400,46400,72000,192000,72000,120000,24800,
48,5,411465,255665,138280,117385,56115,49880,6235,37800,14700,23100,67350,31500,35850,94400,42200,52200,131000,56000,75000,24800,
48,6,480760,302960,133940,169020,104060,24940,79120,35700,12600,23100,84000,50400,33600,79200,46000,33200,153000,48000,105000,24800,
48,7,437590,271990,103010,168980,87290,37410,49880,39900,18900,21000,46200,6300,39900,98600,40400,58200,147000,72000,75000,18600,
48,8,457410,270810,127605,143205,37410,18705,18705,33600,16800,16800,67200,31500,35700,132600,60600,72000,168000,48000,120000,18600,
48,9,466855,233255,112925,120330,81055,31175,49880,35850,14700,21150,58350,49650,8700,58000,17400,40600,215000,80000,135000,18600,
48,10,483690,342890,144510,198380,87290,37410,49880,39900,18900,21000,94500,46200,48300,121200,42000,79200,116000,56000,60000,24800,
48,11,533825,317025,161245,155780,93525,43645,49880,48300,25200,23100,79800,46200,33600,95400,46200,49200,192000,72000,120000,24800,
48,12,537125,305325,130010,175315,93525,37410,56115,46200,16800,29400,76200,46800,29400,89400,29000,60400,207000,72000,135000,24800,
48,13,400555,266955,108340,158615,89655,24940,64715,31500,16800,14700,71400,37800,33600,74400,28800,45600,115000,40000,75000,18600,
48,14,477640,275040,123130,151910,87290,49880,37410,44100,16800,27300,48450,27450,21000,95200,29000,66200,184000,64000,120000,18600,
48,15,409720,263720,134010,129710,83420,46010,37410,23100,8400,14700,63000,33600,29400,94200,46000,48200,115000,40000,75000,31000,
48,16,500560,283760,117045,166715,99760,43645,56115,25200,14700,10500,69600,29700,39900,89200,29000,60200,192000,72000,120000,24800,
48,17,444355,268555,88305,180250,85355,18705,66650,33600,14700,18900,71400,23100,48300,78200,31800,46400,151000,16000,135000,24800,
48,18,428690,264090,126175,137915,87290,31175,56115,27300,14700,12600,77700,39900,37800,71800,40400,31400,146000,56000,90000,18600,
48,19,441290,277690,126410,151280,87290,37410,49880,35700,14700,21000,77700,31500,46200,77000,42800,34200,145000,40000,105000,18600,
48,20,424260,269660,99145,170515,104060,43645,60415,35700,16800,18900,60900,18900,42000,69000,19800,49200,136000,16000,120000,18600,
48,21,488625,316025,126375,189650,93525,31175,62350,42000,21000,21000,69300,33600,35700,111200,40600,70600,154000,64000,90000,18600,
48,22,499550,311950,143640,168310,62350,24940,37410,37800,14700,23100,75600,46200,29400,136200,57800,78400,169000,64000,105000,18600,
48,23,534045,300445,141030,159415,105995,49880,56115,46200,23100,23100,70050,44850,25200,78200,23200,55000,215000,80000,135000,18600,
48,24,565625,288825,147415,141410,93525,56115,37410,48300,18900,29400,60000,31800,28200,87000,40600,46400,252000,72000,180000,24800,
48,25,395455,233455,120845,112610,81055,43645,37410,39900,21000,18900,52500,25200,27300,60000,31000,29000,131000,56000,75000,31000,
48,26,504575,286975,118860,168115,93525,37410,56115,33600,18900,14700,67650,27750,39900,92200,34800,57400,199000,64000,135000,18600,
48,27,410525,274125,125475,148650,93525,31175,62350,39900,18900,21000,60900,29400,31500,79800,46000,33800,124000,64000,60000,12400,
48,28,489090,300690,126675,174015,87290,31175,56115,29400,16800,12600,86400,38100,48300,97600,40600,57000,176000,56000,120000,12400,
48,29,534580,284980,155745,129235,49880,43645,6235,31500,18900,12600,105000,46800,58200,98600,46400,52200,231000,96000,135000,18600,
48,30,510155,292555,133710,158845,81055,37410,43645,42000,14700,27300,56700,29400,27300,112800,52200,60600,199000,64000,135000,18600,
49,0,542045,339445,147460,191985,105995,37410,68585,35700,16800,18900,96750,52650,44100,101000,40600,60400,184000,64000,120000,18600,
49,1,400390,236590,100510,136080,87290,37410,49880,29400,12600,16800,56700,18900,37800,63200,31600,31600,139000,64000,75000,24800,
49,2,432185,250585,125280,125305,68585,49880,18705,33600,14700,18900,52800,23100,29700,95600,37600,58000,163000,88000,75000,18600,
49,3,395920,272120,102475,169645,109620,40175,69445,23100,14700,8400,71400,25200,46200,68000,22400,45600,99000,24000,75000,24800,
49,4,571490,352890,158410,194480,87290,37410,49880,52500,18900,33600,102900,44100,58800,110200,58000,52200,200000,80000,120000,18600,
49,5,523720,345120,129940,215180,74820,24940,49880,46200,12600,33600,81900,37800,44100,142200,54600,87600,160000,40000,120000,18600,
49,6,566810,333210,126690,206520,99760,24940,74820,29400,14700,14700,86850,40650,46200,117200,46400,70800,215000,80000,135000,18600,
49,7,459440,265840,95085,170755,87290,6235,81055,31500,10500,21000,55050,31950,23100,92000,46400,45600,175000,40000,135000,18600,
49,8,509290,275490,136545,138945,87290,43645,43645,37800,14700,23100,57600,31800,25800,92800,46400,46400,209000,104000,105000,24800,
49,9,511155,293355,119440,173915,81055,24940,56115,44100,18900,25200,61200,23400,37800,107000,52200,54800,193000,88000,105000,24800,
49,10,554415,315615,152780,162835,118465,49880,68585,39900,21000,18900,82050,35700,46350,75200,46200,29000,214000,64000,150000,24800,
49,11,517990,286190,121110,165080,87290,37410,49880,39900,14700,25200,54600,16800,37800,104400,52200,52200,207000,72000,135000,24800,
49,12,541810,295010,143995,151015,99760,43645,56115,33600,21000,12600,71850,44550,27300,89800,34800,55000,222000,72000,150000,24800,
49,13,534875,288075,123210,164865,93525,37410,56115,42000,12600,29400,82950,38400,44550,69600,34800,34800,222000,72000,150000,24800,
49,14,524100,315300,154045,161255,124700,43645,81055,39900,16800,23100,81900,58800,23100,68800,34800,34000,184000,64000,120000,24800,
49,15,574860,322060,138345,183715,99760,43645,56115,18900,10500,8400,79800,37800,42000,123600,46400,77200,228000,48000,180000,24800,
49,16,505690,304090,140480,163610,87290,49880,37410,33600,16800,16800,71400,33600,37800,111800,40200,71600,183000,48000,135000,18600,
49,17,473395,301795,96675,205120,118895,31175,87720,37800,14700,23100,67500,27600,39900,77600,23200,54400,153000,48000,105000,18600,
49,18,584380,342780,155165,187615,112230,56115,56115,29400,14700,14700,88350,37950,50400,112800,46400,66400,223000,88000,135000,18600,
49,19,482360,320560,129510,191050,99760,37410,62350,48300,21000,27300,69300,31500,37800,103200,39600,63600,137000,32000,105000,24800,
49,20,410195,297595,116380,181215,114595,49880,64715,33600,21000,12600,54600,23100,31500,94800,22400,72400,94000,64000,30000,18600,
49,21,494655,269855,90605,179250,81055,18705,62350,35700,14700,21000,81300,45600,35700,71800,11600,60200,200000,80000,120000,24800,
49,22,445925,281325,131510,149815,93525,37410,56115,33600,12600,21000,79800,35700,44100,74400,45800,28600,146000,56000,90000,18600,
49,23,440485,259885,106605,153280,68585,18705,49880,29400,16800,12600,61500,36300,25200,100400,34800,65600,162000,72000,90000,18600,
49,24,415255,278855,137810,141045,81055,37410,43645,33600,16800,16800,67200,29400,37800,97000,54200,42800,124000,64000,60000,12400,
49,25,526265,262465,119460,143005,56115,37410,18705,31500,16800,14700,82050,30450,51600,92800,34800,58000,239000,104000,135000,24800,
49,26,575745,305945,106060,199885,105995,37410,68585,40200,15000,25200,61350,13050,48300,98400,40600,57800,245000,80000,165000,24800,
49,27,504605,279805,97925,181880,81055,31175,49880,39900,12600,27300,80850,36750,44100,78000,17400,60600,200000,80000,120000,24800,
49,28,561025,313225,142410,170815,93525,37410,56115,33600,16800,16800,67500,36000,31500,118600,52200,66400,223000,88000,135000,24800,
49,29,392520,275720,94875,180845,92020,31175,60845,37800,16800,21000,65100,27300,37800,80800,19600,61200,92000,32000,60000,24800,
49,30,347490,235890,116010,119880,87290,37410,49880,18900,8400,10500,81900,50400,31500,47800,19800,28000,93000,48000,45000,18600,
50,0,427395,265595,118745,146850,105995,43645,62350,31500,18900,12600,65100,33600,31500,63000,22600,40400,137000,32000,105000,24800,
50,1,494400,285600,113920,171680,62350,12470,49880,46200,16800,29400,76050,38250,37800,101000,46400,54600,184000,64000,120000,24800,
50,2,505860,296260,135080,161180,99760,49880,49880,42000,14700,27300,65100,27300,37800,89400,43200,46200,191000,56000,135000,18600,
50,3,438860,277060,133010,144050,99760,37410,62350,37800,16800,21000,65100,42000,23100,74400,36800,37600,137000,32000,105000,24800,
50,4,482925,281325,114575,166750,93525,31175,62350,27300,10500,16800,80100,38100,42000,80400,34800,45600,183000,48000,135000,18600,
50,5,542760,317160,143340,173820,99760,24940,74820,37800,16800,21000,84600,55200,29400,95000,46400,48600,207000,72000,135000,18600,
50,6,452360,266560,131680,134880,99760,49880,49880,33600,12600,21000,50400,29400,21000,82800,39800,43000,161000,56000,105000,24800,
50,7,420860,259060,123645,135415,99760,43645,56115,29400,10500,18900,48300,27300,21000,81600,42200,39400,137000,32000,105000,24800,
50,8,570760,369160,132175,236985,99760,31175,68585,42000,14700,27300,92400,39900,52500,135000,46400,88600,183000,48000,135000,18600,
50,9,524750,301950,116670,185280,62350,12470,49880,42000,18900,23100,88800,44700,44100,108800,40600,68200,198000,48000,150000,24800,
50,10,477050,283250,133640,149610,62350,24940,37410,39900,21000,18900,63000,27300,35700,118000,60400,57600,169000,64000,105000,24800,
50,11,364025,229425,113345,116080,93525,43645,49880,27300,16800,10500,46200,18900,27300,62400,34000,28400,116000,56000,60000,18600,
50,12,505560,305760,153910,151850,99760,37410,62350,39900,18900,21000,77700,54600,23100,88400,43000,45400,175000,40000,135000,24800,
50,13,553225,299425,116910,182515,93525,37410,56115,35700,14700,21000,72000,30000,42000,98200,34800,63400,229000,64000,165000,24800,
50,14,534170,294570,146945,147625,74820,43645,31175,37800,18900,18900,63150,29400,33750,118800,55000,63800,221000,56000,165000,18600,
50,15,460090,302490,130810,171680,87290,37410,49880,29400,10500,18900,75600,39900,35700,110200,43000,67200,139000,64000,75000,18600,
50,16,507475,303875,140660,163215,93525,37410,56115,44100,18900,25200,73650,37950,35700,92600,46400,46200,185000,80000,105000,18600,
50,17,477920,285120,131510,153610,74820,37410,37410,50400,18900,31500,73500,29400,44100,86400,45800,40600,168000,48000,120000,24800,
50,18,467160,294560,128040,166520,99760,24940,74820,31500,14700,16800,65100,33600,31500,98200,54800,43400,154000,64000,90000,18600,
50,19,509495,300695,131645,169050,105995,43645,62350,23100,6300,16800,79800,44100,35700,91800,37600,54200,184000,64000,120000,24800,
50,20,463555,276155,126310,149845,81055,37410,43645,23100,10500,12600,79800,37800,42000,92200,40600,51600,175000,40000,135000,12400,
50,21,449230,321630,129180,192450,112230,49880,62350,39900,14700,25200,77700,33600,44100,91800,31000,60800,109000,64000,45000,18600,
50,22,391655,258855,105075,153780,81055,31175,49880,35700,21000,14700,65100,27300,37800,77000,25600,51400,108000,48000,60000,24800,
50,23,454270,251670,120155,131515,74820,18705,56115,33600,10500,23100,59250,44550,14700,84000,46400,37600,184000,64000,120000,18600,
50,24,478155,306555,122675,183880,81055,31175,49880,37800,14700,23100,86100,42000,44100,101600,34800,66800,153000,48000,105000,18600,
50,25,454995,268395,119855,148540,43645,18705,24940,33600,14700,18900,75750,40050,35700,115400,46400,69000,168000,48000,120000,18600,
50,26,504600,287000,126680,160320,124700,49880,74820,18900,8400,10500,88800,51000,37800,54600,17400,37200,199000,64000,135000,18600,
50,27,493620,292020,139610,152410,74820,37410,37410,35700,10500,25200,77700,39900,37800,103800,51800,52000,183000,48000,135000,18600,
50,28,459625,295825,136645,159180,93525,43645,49880,42000,18900,23100,86100,48300,37800,74200,25800,48400,139000,64000,75000,24800,
50,29,432535,223735,96905,126830,68585,18705,49880,25200,10500,14700,48750,21300,27450,81200,46400,34800,184000,64000,120000,24800,
50,30,542910,325310,129360,195950,99760,37410,62350,44100,14700,29400,88650,42450,46200,92800,34800,58000,199000,64000,135000,18600,
51,0,550260,317460,111405,206055,99760,18705,81055,33600,12600,21000,65700,27900,37800,118400,52200,66200,208000,88000,120000,24800,
51,1,491060,279460,128430,151030,99760,49880,49880,31500,12600,18900,61200,25350,35850,87000,40600,46400,193000,88000,105000,18600,
51,2,538365,320565,158645,161920,118465,43645,74820,16800,12600,4200,73500,33600,39900,111800,68800,43000,193000,88000,105000,24800,
51,3,464555,301955,132510,169445,81055,37410,43645,42000,18900,23100,86100,33600,52500,92800,42600,50200,144000,24000,120000,18600,
51,4,516560,298760,125375,173385,99760,31175,68585,21000,8400,12600,88800,51000,37800,89200,34800,54400,193000,88000,105000,24800,
51,5,521335,298735,122755,175980,68585,18705,49880,46200,18900,27300,78150,44550,33600,105800,40600,65200,204000,24000,180000,18600,
51,6,380390,251790,116610,135180,87290,37410,49880,37800,12600,25200,52500,37800,14700,74200,28800,45400,110000,80000,30000,18600,
51,7,443920,240520,91770,148750,74820,12470,62350,33600,10500,23100,42900,28200,14700,89200,40600,48600,191000,56000,135000,12400,
51,8,453855,253055,104145,148910,81055,43645,37410,44100,23100,21000,44100,8400,35700,83800,29000,54800,176000,56000,120000,24800,
51,9,437835,243235,120540,122695,68585,24940,43645,35700,16800,18900,46350,21000,25350,92600,57800,34800,176000,56000,120000,18600,
51,10,529130,325530,141145,184385,112230,43645,68585,31500,14700,16800,75600,33600,42000,106200,49200,57000,185000,80000,105000,18600,
51,11,376455,234855,103810,131045,81055,37410,43645,33600,16800,16800,54600,21000,33600,65600,28600,37000,123000,48000,75000,18600,
51,12,537515,334915,117625,217290,118465,31175,87290,25200,10500,14700,77850,29550,48300,113400,46400,67000,184000,64000,120000,18600,
51,13,457620,264820,113405,151415,74820,18705,56115,33600,18900,14700,50400,21000,29400,106000,54800,51200,168000,48000,120000,24800,
51,14,566805,333205,149725,183480,81055,31175,49880,42000,21000,21000,79950,33750,46200,130200,63800,66400,215000,80000,135000,18600,
51,15,486660,284860,136545,148315,99760,43645,56115,25200,12600,12600,48300,31500,16800,111600,48800,62800,177000,72000,105000,24800,
51,16,550565,319765,131580,188185,118465,49880,68585,33600,14700,18900,65100,29400,35700,102600,37600,65000,206000,56000,150000,24800,
51,17,522590,283790,111540,172250,87290,24940,62350,29400,14700,14700,80700,42900,37800,86400,29000,57400,214000,64000,150000,24800,
51,18,489325,279725,127910,151815,93525,37410,56115,31500,16800,14700,65100,27300,37800,89600,46400,43200,191000,56000,135000,18600,
51,19,551940,298140,126540,171600,87290,24940,62350,46200,16800,29400,89250,38400,50850,75400,46400,29000,229000,64000,165000,24800,
51,20,512700,318100,139120,178980,62350,12470,49880,46200,18900,27300,115950,61350,54600,93600,46400,47200,176000,56000,120000,18600,
51,21,549975,325375,138560,186815,93525,37410,56115,37800,16800,21000,77850,37950,39900,116200,46400,69800,206000,56000,150000,18600,
51,22,608990,308190,162495,145695,87290,43645,43645,39900,16800,23100,88200,38250,49950,92800,63800,29000,276000,96000,180000,24800,
51,23,538495,327895,144645,183250,105995,43645,62350,37800,16800,21000,77700,37800,39900,106400,46400,60000,192000,72000,120000,18600,
51,24,471625,292825,118740,174085,93525,24940,68585,31500,8400,23100,75600,42000,33600,92200,43400,48800,154000,64000,90000,24800,
51,25,527800,348000,153580,194420,124700,49880,74820,33600,14700,18900,77700,37800,39900,112000,51200,60800,155000,80000,75000,24800,
51,26,469385,288785,118175,170610,68585,31175,37410,44100,18900,25200,60900,18900,42000,115200,49200,66000,162000,72000,90000,18600,
51,27,497925,291125,118210,172915,93525,37410,56115,29400,10500,18900,75600,27300,48300,92600,43000,49600,182000,32000,150000,24800,
51,28,490750,303950,104360,199590,129000,37410,91590,23100,6300,16800,65250,31650,33600,86600,29000,57600,162000,72000,90000,24800,
51,29,491560,282760,122110,160650,99760,37410,62350,46200,16800,29400,58800,27300,31500,78000,40600,37400,184000,64000,120000,24800,
51,30,497260,310660,138880,171780,99760,49880,49880,35700,4200,31500,88200,42000,46200,87000,42800,44200,168000,48000,120000,18600,
52,0,540470,307670,108020,199650,72070,15470,56600,45450,17400,28050,72150,32550,39600,118000,42600,75400,208000,88000,120000,24800,
52,1,564540,324940,129900,195040,93940,30000,63940,30150,4350,25800,85650,49950,35700,115200,45600,69600,221000,56000,165000,18600,
52,2,516100,276500,127550,148950,60000,27000,33000,58650,23850,34800,101250,36900,64350,56600,39800,16800,221000,56000,165000,18600,
52,3,444025,283025,95710,187315,93525,37410,56115,23100,6300,16800,67200,29400,37800,99200,22600,76600,130000,40000,90000,31000,
52,4,452020,281220,137875,143345,74820,31175,43645,42000,16800,25200,75600,44100,31500,88800,45800,43000,146000,56000,90000,24800,
52,5,445625,281825,123875,157950,93525,31175,62350,23100,12600,10500,71400,31500,39900,93800,48600,45200,139000,64000,75000,24800,
52,6,460250,226450,110540,115910,62350,24940,37410,25200,10500,14700,69300,34500,34800,69600,40600,29000,209000,104000,105000,24800,
52,7,458625,304625,137545,167080,93525,43645,49880,37800,21000,16800,86100,35700,50400,87200,37200,50000,123000,48000,75000,31000,
52,8,565345,308745,158280,150465,105995,49880,56115,31500,14700,16800,95850,53100,42750,75400,40600,34800,238000,88000,150000,18600,
52,9,428490,254890,107475,147415,87290,31175,56115,31500,12600,18900,61500,40500,21000,74600,23200,51400,155000,80000,75000,18600,
52,10,421055,267255,99040,168215,89655,24940,64715,33600,21000,12600,71400,27300,44100,72600,25800,46800,129000,24000,105000,24800,
52,11,419360,270560,101010,169550,99760,37410,62350,42000,21000,21000,58800,16800,42000,70000,25800,44200,124000,64000,60000,24800,
52,12,482495,294895,135845,159050,105995,43645,62350,23100,6300,16800,71400,39900,31500,94400,46000,48400,169000,64000,105000,18600,
52,13,448785,278985,134345,144640,68585,43645,24940,37800,21000,16800,67200,35700,31500,105400,34000,71400,145000,40000,105000,24800,
52,14,482955,297155,117775,179380,81055,31175,49880,37800,16800,21000,60900,29400,31500,117400,40400,77000,161000,56000,105000,24800,
52,15,452815,268015,115305,152710,56115,18705,37410,33600,16800,16800,69300,33600,35700,109000,46200,62800,160000,40000,120000,24800,
52,16,490025,294425,152845,141580,93525,43645,49880,29400,16800,12600,65100,37800,27300,106400,54600,51800,177000,72000,105000,18600,
52,17,521810,314010,124490,189520,99760,24940,74820,29400,14700,14700,69450,44250,25200,115400,40600,74800,183000,48000,135000,24800,
52,18,440385,276585,127110,149475,68585,37410,31175,35700,16800,18900,77700,27300,50400,94600,45600,49000,139000,64000,75000,24800,
52,19,493820,270020,122110,147910,74820,37410,37410,35700,14700,21000,78300,46800,31500,81200,23200,58000,199000,64000,135000,24800,
52,20,509970,285170,126825,158345,74820,31175,43645,29400,12600,16800,82350,42450,39900,98600,40600,58000,200000,80000,120000,24800,
52,21,470590,274990,110310,164680,87290,37410,49880,33600,14700,18900,59100,23400,35700,95000,34800,60200,177000,72000,105000,18600,
52,22,400620,232620,112775,119845,74820,31175,43645,29400,18900,10500,54600,23100,31500,73800,39600,34200,137000,32000,105000,31000,
52,23,458675,294075,110725,183350,93525,31175,62350,25200,8400,16800,79950,42150,37800,95400,29000,66400,146000,56000,90000,18600,
52,24,466625,307225,115010,192215,93525,37410,56115,39900,18900,21000,78000,29700,48300,95800,29000,66800,147000,72000,75000,12400,
52,25,435390,264590,110310,154280,87290,37410,49880,33600,12600,21000,69300,23100,46200,74400,37200,37200,146000,56000,90000,24800,
52,26,489840,274040,144245,129795,87290,43645,43645,25200,12600,12600,86550,42000,44550,75000,46000,29000,191000,56000,135000,24800,
52,27,408390,259790,120345,139445,87290,43645,43645,27300,10500,16800,54600,29400,25200,90600,36800,53800,130000,40000,90000,18600,
52,28,454770,246970,107690,139280,74820,24940,49880,23100,10500,12600,48450,31650,16800,100600,40600,60000,183000,48000,135000,24800,
52,29,404360,255760,112645,143115,99760,43645,56115,23100,12600,10500,65100,25200,39900,67800,31200,36600,130000,40000,90000,18600,
52,30,562370,304770,127790,176980,74820,24940,49880,44100,18900,25200,81450,43350,38100,104400,40600,63800,239000,104000,135000,18600,
53,0,448450,261650,122700,138950,54000,18000,36000,52050,17400,34650,96600,53700,42900,59000,33600,25400,162000,72000,90000,24800,
53,1,444250,250450,108000,142450,46300,18000,28300,35550,23850,11700,80400,32550,47850,88200,33600,54600,169000,64000,105000,24800,
53,2,462350,274750,119800,154950,62600,24000,38600,67200,32550,34650,68550,32250,36300,76400,31000,45400,169000,64000,105000,18600,
53,3,496700,281900,112450,169450,60000,21000,39000,42900,15150,27750,79200,36900,42300,99800,39400,60400,190000,40000,150000,24800,
53,4,419370,248570,96300,152270,57470,15000,42470,45450,23850,21600,74850,32250,42600,70800,25200,45600,146000,56000,90000,24800,
53,5,516550,337950,124650,213300,63100,18000,45100,51900,17400,34500,91350,47250,44100,131600,42000,89600,160000,40000,120000,18600,
53,6,557270,323670,119350,204320,72470,18000,54470,39750,19500,20250,94050,47850,46200,117400,34000,83400,215000,80000,135000,18600,
53,7,448400,254800,86000,168800,60900,3000,57900,41850,13050,28800,62250,39150,23100,89800,30800,59000,175000,40000,135000,18600,
53,8,491950,258150,124200,133950,57000,27000,30000,52050,19500,32550,71700,43500,28200,77400,34200,43200,209000,104000,105000,24800,
53,9,499735,281935,114150,167785,58535,18000,40535,61650,26100,35550,78750,30450,48300,83000,39600,43400,193000,88000,105000,24800,
53,10,537800,299000,143550,155450,82300,33000,49300,51900,25950,25950,110400,49800,60600,54400,34800,19600,214000,64000,150000,24800,
53,11,508600,276800,114250,162550,63000,27000,36000,54300,19500,34800,73500,21750,51750,86000,46000,40000,207000,72000,135000,24800,
53,12,521250,274450,129550,144900,66000,27000,39000,43350,28200,15150,90900,51750,39150,74200,22600,51600,222000,72000,150000,24800,
53,13,515750,268950,114700,154250,60000,24000,36000,58500,17250,41250,99450,47850,51600,51000,25600,25400,222000,72000,150000,24800,
53,14,509535,300735,145650,155085,81235,27000,54235,55950,23850,32100,100950,68400,32550,62600,26400,36200,184000,64000,120000,24800,
53,15,557335,304535,127250,177285,67535,27000,40535,23700,15150,8550,105900,54300,51600,107400,30800,76600,228000,48000,180000,24800,
53,16,498820,297220,133850,163370,63470,33000,30470,46350,24750,21600,90000,45300,44700,97400,30800,66600,183000,48000,135000,18600,
53,17,466070,294470,94950,199520,96570,24000,72570,45000,21750,23250,72300,32400,39900,80600,16800,63800,153000,48000,105000,18600,
53,18,568920,327320,145850,181470,78470,36000,42470,42150,21750,20400,116700,54300,62400,90000,33800,56200,223000,88000,135000,18600,
53,19,474420,312620,122585,190035,73370,24235,49135,53550,24450,29100,74100,36300,37800,111600,37600,74000,137000,32000,105000,24800,
53,20,398585,285985,109100,176885,79535,33000,46535,43200,28200,15000,59250,25500,33750,104000,22400,81600,94000,64000,30000,18600,
53,21,479550,254750,84950,169800,55300,12000,43300,52200,21750,30450,86250,45600,40650,61000,5600,55400,200000,80000,120000,24800,
53,22,428900,264300,122950,141350,60000,24000,36000,47850,17400,30450,96450,45150,51300,60000,36400,23600,146000,56000,90000,18600,
53,23,433935,253335,102150,151185,46535,12000,34535,42000,23850,18150,78000,41100,36900,86800,25200,61600,162000,72000,90000,18600,
53,24,405250,268850,134500,134350,51000,24000,27000,46350,21600,24750,83700,38700,45000,87800,50200,37600,124000,64000,60000,12400,
53,25,516425,252625,114320,138305,46175,27470,18705,43350,23850,19500,89100,28200,60900,74000,34800,39200,239000,104000,135000,24800,
53,26,564525,294725,102975,191750,81775,34175,47600,52200,17400,34800,68550,10800,57750,92200,40600,51600,245000,80000,165000,24800,
53,27,501800,277000,98950,178050,55300,21000,34300,58650,19500,39150,92250,41250,51000,70800,17200,53600,200000,80000,120000,24800,
53,28,548035,300235,136450,163785,64535,24000,40535,49950,26100,23850,95550,49950,45600,90200,36400,53800,223000,88000,135000,24800,
53,29,387450,270650,94750,175900,67300,24000,43300,45750,21450,24300,68400,29700,38700,89200,19600,69600,92000,32000,60000,24800,
53,30,334150,222550,112050,110500,60000,27000,33000,26100,13050,13050,91650,55200,36450,44800,16800,28000,93000,48000,45000,18600,
54,0,528620,326020,143200,182820,75470,27000,48470,49950,26100,23850,106200,62100,44100,94400,28000,66400,184000,64000,120000,18600,
54,1,554050,290450,130350,160100,36000,12000,24000,41250,26100,15150,126000,58650,67350,87200,33600,53600,245000,80000,165000,18600,
54,2,455350,265950,124250,141700,45000,24000,21000,41100,19500,21600,95250,58350,36900,84600,22400,62200,177000,72000,105000,12400,
54,3,386320,273720,106600,167120,66470,27000,39470,36300,13050,23250,80550,38550,42000,90400,28000,62400,94000,64000,30000,18600,
54,4,410250,259850,123650,136200,57000,24000,33000,56400,23850,32550,95850,45000,50850,50600,30800,19800,138000,48000,90000,12400,
54,5,549435,296635,147085,149550,57235,36235,21000,41100,8550,32550,108300,54300,54000,90000,48000,42000,228000,48000,180000,24800,
54,6,451850,257050,108550,148500,43300,24000,19300,46500,17400,29100,88650,39150,49500,78600,28000,50600,170000,80000,90000,24800,
54,7,379785,277985,107285,170700,66235,24235,42000,37200,14700,22500,85350,48750,36600,89200,19600,69600,77000,32000,45000,24800,
54,8,484300,283700,135900,147800,84000,30000,54000,54300,26100,28200,92400,45000,47400,53000,34800,18200,182000,32000,150000,18600,
54,9,501750,284150,135800,148350,49300,18000,31300,52050,21600,30450,97200,62400,34800,85600,33800,51800,199000,64000,135000,18600,
54,10,531400,292600,144050,148550,75000,30000,45000,54300,21750,32550,80100,51900,28200,83200,40400,42800,214000,64000,150000,24800,
54,11,410150,270350,102350,168000,69500,18000,51500,43050,23850,19200,86400,29700,56700,71400,30800,40600,115000,40000,75000,24800,
54,12,531300,292500,156350,136150,57000,27000,30000,49950,19500,30450,129150,73050,56100,56400,36800,19600,214000,64000,150000,24800,
54,13,449135,270535,109250,161285,54235,18000,36235,53850,19500,34350,68250,40950,27300,94200,30800,63400,160000,40000,120000,18600,
54,14,413250,256650,109000,147650,75500,27000,48500,39150,13050,26100,68400,49350,19050,73600,19600,54000,138000,48000,90000,18600,
54,15,489550,308150,127100,181050,63000,27000,36000,49950,15150,34800,115200,54150,61050,80000,30800,49200,169000,64000,105000,12400,
54,16,460150,257550,110400,147150,67300,27000,40300,46500,21750,24750,67350,30450,36900,76400,31200,45200,184000,64000,120000,18600,
54,17,460300,251500,90450,161050,53600,21000,32600,72450,32550,39900,59850,2100,57750,65600,34800,30800,184000,64000,120000,24800,
54,18,561655,290055,138405,151650,51705,21705,30000,39000,19500,19500,108750,52200,56550,90600,45000,45600,253000,88000,165000,18600,
54,19,428320,270720,113650,157070,60470,21000,39470,41100,19500,21600,85950,45150,40800,83200,28000,55200,139000,64000,75000,18600,
54,20,429635,266835,119900,146935,52535,24000,28535,56100,30150,25950,63600,31950,31650,94600,33800,60800,138000,48000,90000,24800,
54,21,438985,266385,110300,156085,60235,21000,39235,25950,15150,10800,111600,60150,51450,68600,14000,54600,154000,64000,90000,18600,
54,22,425400,238600,113100,125500,45000,21000,24000,49950,26100,23850,90450,32400,58050,53200,33600,19600,162000,72000,90000,24800,
54,23,514550,318950,143300,175650,49300,24000,25300,54150,23700,30450,96300,54000,42300,119200,41600,77600,177000,72000,105000,18600,
54,24,393370,304970,112200,192770,78970,22300,56670,47250,18150,29100,71550,29550,42000,107200,42200,65000,76000,16000,60000,12400,
54,25,497200,271600,117500,154100,48000,15000,33000,30000,25800,4200,108600,54300,54300,85000,22400,62600,207000,72000,135000,18600,
54,26,428685,264885,102850,162035,46535,18000,28535,58500,28200,30300,74250,25650,48600,85600,31000,54600,139000,64000,75000,24800,
54,27,480900,295100,115350,179750,72900,36000,36900,40800,14850,25950,100200,47700,52500,81200,16800,64400,161000,56000,105000,24800,
54,28,492600,261000,122450,138550,63000,27000,36000,60750,28200,32550,77850,30450,47400,59400,36800,22600,213000,48000,165000,18600,
54,29,401735,245135,105200,139935,57235,33000,24235,47700,17400,30300,75000,40800,34200,65200,14000,51200,138000,48000,90000,18600,
54,30,333135,237535,98335,139200,48235,24235,24000,37950,14850,23100,61350,34050,27300,90000,25200,64800,77000,32000,45000,18600,
55,0,556310,338710,115090,223620,99760,24940,74820,35700,10500,25200,95250,44850,50400,108000,34800,73200,199000,64000,135000,18600,
55,1,372450,253850,68770,185080,70950,12470,58480,46200,14700,31500,35700,4200,31500,101000,37400,63600,100000,40000,60000,18600,
55,2,560970,296370,139090,157280,74820,24940,49880,31500,16800,14700,85650,45150,40500,104400,52200,52200,246000,96000,150000,18600,
55,3,501625,292825,118875,173950,93525,31175,62350,29400,14700,14700,60900,21000,39900,109000,52000,57000,184000,64000,120000,24800,
55,4,399385,268585,130275,138310,85785,48375,37410,37800,16800,21000,58800,31500,27300,86200,33600,52600,106000,16000,90000,24800,
55,5,434570,276970,116590,160380,74820,24940,49880,27300,10500,16800,82050,46350,35700,92800,34800,58000,139000,64000,75000,18600,
55,6,464000,301200,117650,183550,57000,30000,27000,53100,24750,28350,78300,32100,46200,112800,30800,82000,138000,48000,90000,24800,
55,7,420700,234900,109450,125450,57000,21000,36000,32550,17400,15150,78150,34650,43500,67200,36400,30800,161000,56000,105000,24800,
55,8,512800,251000,102600,148400,48000,9000,39000,58650,23850,34800,84750,49950,34800,59600,19800,39800,237000,72000,165000,24800,
55,9,434850,285450,102800,182650,53600,18000,35600,49050,17100,31950,81000,36900,44100,101800,30800,71000,137000,32000,105000,12400,
55,10,504435,308835,124800,184035,61535,24000,37535,45300,19500,25800,107400,64500,42900,94600,16800,77800,177000,72000,105000,18600,
55,11,472750,294950,133800,161150,70300,27000,43300,69900,21600,48300,88950,42600,46350,65800,42600,23200,153000,48000,105000,24800,
55,12,484905,275305,120800,154505,75705,27000,48705,41100,19500,21600,82500,43500,39000,76000,30800,45200,191000,56000,135000,18600,
55,13,487050,247250,132350,114900,45000,27000,18000,47700,19500,28200,71550,52050,19500,83000,33800,49200,215000,80000,135000,24800,
55,14,524750,278150,141100,137050,66000,33000,33000,41250,21750,19500,106500,49950,56550,64400,36400,28000,228000,48000,180000,18600,
55,15,473650,302850,115700,187150,84100,33000,51100,47100,21750,25350,74250,30150,44100,97400,30800,66600,146000,56000,90000,24800,
55,16,488485,307885,119750,188135,70535,24000,46535,43500,19500,24000,77850,45450,32400,116000,30800,85200,162000,72000,90000,18600,
55,17,422450,219650,112450,107200,45000,27000,18000,65100,30300,34800,67350,32550,34800,42200,22600,19600,178000,88000,90000,24800,
55,18,495550,307950,132650,175300,54000,18000,36000,51750,23850,27900,89400,60000,29400,112800,30800,82000,169000,64000,105000,18600,
55,19,375600,219800,117350,102450,39000,18000,21000,41250,15150,26100,75150,45000,30150,64400,39200,25200,131000,56000,75000,24800,
55,20,472850,256050,132350,123700,45000,21000,24000,63000,32550,30450,77850,36600,41250,70200,42200,28000,192000,72000,120000,24800,
55,21,487500,267900,127000,140900,39000,24000,15000,58650,30450,28200,73650,15150,58500,96600,57400,39200,201000,96000,105000,18600,
55,22,536335,309735,135300,174435,78235,27000,51235,58650,19500,39150,82050,52200,29850,90800,36600,54200,208000,88000,120000,18600,
55,23,406250,248650,127850,120800,63000,24000,39000,47700,23850,23850,72750,57600,15150,65200,22400,42800,139000,64000,75000,18600,
55,24,486605,306005,147600,158405,72705,30000,42705,58650,28200,30450,94050,40800,53250,80600,48600,32000,162000,72000,90000,18600,
55,25,518400,331600,113300,218300,85800,24000,61800,31650,15150,16500,91350,43350,48000,122800,30800,92000,162000,72000,90000,24800,
55,26,474650,272850,120200,152650,52300,30000,22300,58500,21600,36900,94650,34800,59850,67400,33800,33600,177000,72000,105000,24800,
55,27,423870,230070,109085,120985,60470,21235,39235,58350,21450,36900,94050,49200,44850,17200,17200,0,169000,64000,105000,24800,
55,28,530400,344600,134500,210100,76800,31300,45500,44850,21750,23100,93150,44850,48300,129800,36600,93200,161000,56000,105000,24800,
55,29,578185,307385,142050,165335,54235,27000,27235,54150,21600,32550,108600,47850,60750,90400,45600,44800,246000,96000,150000,24800,
55,30,490050,319450,97250,222200,59200,18000,41200,48750,17250,31500,86700,45000,41700,124800,17000,107800,152000,32000,120000,18600,
56,0,460590,296990,115305,181685,87290,18705,68585,23100,10500,12600,100800,39900,60900,85800,46200,39600,145000,40000,105000,18600,
56,1,522990,283390,125310,158080,87290,37410,49880,33600,14700,18900,69900,38400,31500,92600,34800,57800,221000,56000,165000,18600,
56,2,475590,288990,122175,166815,87290,31175,56115,39900,16800,23100,75600,33600,42000,86200,40600,45600,168000,48000,120000,18600,
56,3,415260,271860,109110,162750,99760,37410,62350,31500,12600,18900,63000,27300,35700,77600,31800,45800,131000,56000,75000,12400,
56,4,414160,278560,137780,140780,99760,49880,49880,27300,16800,10500,60900,31500,29400,90600,39600,51000,117000,72000,45000,18600,
56,5,478160,299560,124775,174785,99760,31175,68585,37800,14700,23100,88200,35700,52500,73800,43200,30600,160000,40000,120000,18600,
56,6,448725,254125,135145,118980,93525,43645,49880,42000,18900,23100,37800,29400,8400,80800,43200,37600,176000,56000,120000,18600,
56,7,590670,326070,150030,176040,74820,49880,24940,37800,16800,21000,74250,42750,31500,139200,40600,98600,246000,96000,150000,18600,
56,8,546260,330460,139175,191285,99760,31175,68585,39900,21000,18900,75600,29400,46200,115200,57600,57600,191000,56000,135000,24800,
56,9,502275,293475,131160,162315,93525,37410,56115,23100,16800,6300,90450,42150,48300,86400,34800,51600,184000,64000,120000,24800,
56,10,546840,313240,125825,187415,87290,31175,56115,33600,14700,18900,73950,27750,46200,118400,52200,66200,215000,80000,135000,18600,
56,11,413225,249425,118275,131150,31175,31175,0,33600,12600,21000,77850,31500,46350,106800,43000,63800,139000,64000,75000,24800,
56,12,443090,279490,105675,173815,87290,31175,56115,29400,12600,16800,63000,18900,44100,99800,43000,56800,145000,40000,105000,18600,
56,13,496485,285885,107705,178180,68585,18705,49880,35700,14700,21000,80400,27900,52500,101200,46400,54800,192000,72000,120000,18600,
56,14,528340,290540,127325,163215,87290,31175,56115,37800,16800,21000,67650,44550,23100,97800,34800,63000,213000,48000,165000,24800,
56,15,526090,325290,124445,200845,87290,43645,43645,46200,14700,31500,96600,31500,65100,95200,34600,60600,176000,56000,120000,24800,
56,16,514395,297595,135345,162250,105995,43645,62350,39900,18900,21000,48300,29400,18900,103400,43400,60000,192000,72000,120000,24800,
56,17,478615,253015,134075,118940,56115,31175,24940,23100,14700,8400,81000,36000,45000,92800,52200,40600,207000,72000,135000,18600,
56,18,539790,337990,143810,194180,87290,37410,49880,44100,27300,16800,88200,35700,52500,118400,43400,75000,177000,72000,105000,24800,
56,19,530975,283375,140160,143215,93525,37410,56115,25200,8400,16800,89250,59550,29700,75400,34800,40600,229000,64000,165000,18600,
56,20,469760,314160,128745,185415,99760,43645,56115,48300,21000,27300,81900,35700,46200,84200,28400,55800,137000,32000,105000,18600,
56,21,432395,268795,108910,159885,105995,37410,68585,27300,2100,25200,73500,37800,35700,62000,31600,30400,145000,40000,105000,18600,
56,22,446385,297785,150045,147740,68585,43645,24940,44100,25200,18900,81900,42000,39900,103200,39200,64000,130000,40000,90000,18600,
56,23,490675,288075,119290,168785,93525,24940,68585,29400,6300,23100,75750,35850,39900,89400,52200,37200,184000,64000,120000,18600,
56,24,449390,263590,112610,150980,87290,37410,49880,37800,18900,18900,52500,18900,33600,86000,37400,48600,161000,56000,105000,24800,
56,25,515360,291560,131145,160415,99760,43645,56115,25200,12600,12600,71400,31500,39900,95200,43400,51800,199000,64000,135000,24800,
56,26,514060,319460,143545,175915,99760,43645,56115,42000,16800,25200,81900,39900,42000,95800,43200,52600,176000,56000,120000,18600,
56,27,508055,297455,132840,164615,81055,24940,56115,27300,6300,21000,81900,37800,44100,107200,63800,43400,192000,72000,120000,18600,
56,28,481975,288175,130790,157385,93525,24940,68585,35700,14700,21000,92550,50550,42000,66400,40600,25800,169000,64000,105000,24800,
56,29,517495,331695,129145,202550,105995,43645,62350,48300,14700,33600,75600,33600,42000,101800,37200,64600,161000,56000,105000,24800,
56,30,507665,328065,125580,202485,118465,49880,68585,44100,21000,23100,73500,23100,50400,92000,31600,60400,161000,56000,105000,18600,
57,0,414000,240400,106250,134150,48000,21000,27000,49800,19500,30300,78000,43350,34650,64600,22400,42200,155000,80000,75000,18600,
57,1,419735,240135,105700,134435,48235,15000,33235,52050,21750,30300,83850,40950,42900,56000,28000,28000,161000,56000,105000,18600,
57,2,567820,305220,141200,164020,78470,30000,48470,52050,15150,36900,121500,73650,47850,53200,22400,30800,244000,64000,180000,18600,
57,3,512200,318400,144950,173450,79300,33000,46300,50700,23850,26850,95400,59700,35700,93000,28400,64600,169000,64000,105000,24800,
57,4,400050,237250,110750,126500,48000,24000,24000,45600,26100,19500,79050,29850,49200,64600,30800,33800,138000,48000,90000,24800,
57,5,477135,283335,121200,162135,64535,27000,37535,45600,26100,19500,81600,34500,47100,91600,33600,58000,169000,64000,105000,24800,
57,6,392900,274300,158050,116250,53600,29600,24000,60150,27750,32400,88350,48300,40050,72200,52400,19800,100000,40000,60000,18600,
57,7,556400,321000,150950,170050,57000,27000,30000,67350,28200,39150,116850,56550,60300,79800,39200,40600,223000,88000,135000,12400,
57,8,545300,283500,136250,147250,69000,21000,48000,41250,21750,19500,76050,54300,21750,97200,39200,58000,237000,72000,165000,24800,
57,9,523535,292735,124985,167750,73135,36235,36900,44100,17250,26850,90900,43500,47400,84600,28000,56600,206000,56000,150000,24800,
57,10,448205,253605,101150,152455,66705,15000,51705,49800,21600,28200,51900,21750,30150,85200,42800,42400,176000,56000,120000,18600,
57,11,477885,269085,116300,152785,45235,24000,21235,60750,25950,34800,86100,40950,45150,77000,25400,51600,184000,64000,120000,24800,
57,12,534650,301050,111800,189250,57900,18000,39900,73800,34650,39150,66150,21750,44400,103200,37400,65800,215000,80000,135000,18600,
57,13,480250,300450,135050,165400,59600,24000,35600,69450,30300,39150,112800,55350,57450,58600,25400,33200,155000,80000,75000,24800,
57,14,422950,228350,111350,117000,36000,24000,12000,56550,17400,39150,79800,47550,32250,56000,22400,33600,176000,56000,120000,18600,
57,15,436850,256250,118750,137500,66000,30000,36000,41250,23850,17400,109800,53700,56100,39200,11200,28000,162000,72000,90000,18600,
57,16,359170,278570,131600,146970,78470,33000,45470,46800,21900,24900,59700,38700,21000,93600,38000,55600,62000,32000,30000,18600,
57,17,410850,270250,120800,149450,60500,22300,38200,51900,21750,30150,71850,40350,31500,86000,36400,49600,122000,32000,90000,18600,
57,18,447950,247150,105400,141750,52300,21000,31300,49950,19500,30450,65100,36900,28200,79800,28000,51800,176000,56000,120000,24800,
57,19,505505,304705,136600,168105,75705,30000,45705,46500,20400,26100,87900,49800,38100,94600,36400,58200,176000,56000,120000,24800,
57,20,467020,273220,137535,135685,69470,30235,39235,49800,19500,30300,88350,47400,40950,65600,40400,25200,169000,64000,105000,24800,
57,21,541600,301000,147750,153250,63000,33000,30000,42000,29100,12900,108600,52050,56550,87400,33600,53800,222000,72000,150000,18600,
57,22,484020,297420,132400,165020,76770,24000,52770,50850,24750,26100,97800,47250,50550,72000,36400,35600,168000,48000,120000,18600,
57,23,494800,293000,125900,167100,45000,21000,24000,45600,15150,30450,121800,64350,57450,80600,25400,55200,177000,72000,105000,24800,
57,24,531750,300950,125700,175250,78900,27000,51900,45600,19500,26100,86250,45600,40650,90200,33600,56600,206000,56000,150000,24800,
57,25,509850,294050,132050,162000,54000,30000,24000,45600,19500,26100,105450,51750,53700,89000,30800,58200,191000,56000,135000,24800,
57,26,470000,299200,114100,185100,68600,30000,38600,34200,17400,16800,82800,38700,44100,113600,28000,85600,146000,56000,90000,24800,
57,27,452300,266500,128550,137950,55300,21000,34300,50850,21750,29100,81750,40800,40950,78600,45000,33600,161000,56000,105000,24800,
57,28,466440,301040,145500,155540,92240,37300,54940,55050,16050,39000,97950,60150,37800,55800,32000,23800,153000,48000,105000,12400,
57,29,437350,271550,126500,145050,66000,33000,33000,46350,28200,18150,90600,34500,56100,68600,30800,37800,141000,96000,45000,24800,
57,30,518050,280050,134800,145250,57000,27000,30000,54300,23850,30450,93150,47550,45600,75600,36400,39200,207000,72000,135000,31000,
58,0,249545,145145,67105,78040,43645,18705,24940,18900,8400,10500,33600,16800,16800,49000,23200,25800,92000,32000,60000,12400,
58,1,523325,314525,138210,176315,93525,37410,56115,39900,16800,23100,77700,37800,39900,103400,46200,57200,184000,64000,120000,24800,
58,2,567840,342240,112555,229685,87290,18705,68585,46200,14700,31500,106350,55950,50400,102400,23200,79200,207000,72000,135000,18600,
58,3,392590,272190,130845,141345,87290,43645,43645,29400,14700,14700,73500,35700,37800,82000,36800,45200,108000,48000,60000,12400,
58,4,528660,327860,132240,195620,99760,24940,74820,48300,21000,27300,71400,39900,31500,108400,46400,62000,176000,56000,120000,24800,
58,5,440770,246970,122610,124360,74820,37410,37410,31500,12600,18900,56850,29400,27450,83800,43200,40600,169000,64000,105000,24800,
58,6,434085,278285,122805,155480,68585,18705,49880,29400,16800,12600,94500,44100,50400,85800,43200,42600,131000,56000,75000,24800,
58,7,471995,285395,120510,164885,105995,37410,68585,35700,16800,18900,77700,31500,46200,66000,34800,31200,168000,48000,120000,18600,
58,8,487400,270600,111830,158770,62350,49880,12470,33600,14700,18900,67650,29850,37800,107000,17400,89600,192000,72000,120000,24800,
58,9,442655,270855,141575,129280,81055,31175,49880,27300,12600,14700,73500,46200,27300,89000,51600,37400,147000,72000,75000,24800,
58,10,435390,265590,128310,137280,87290,37410,49880,31500,16800,14700,58800,31500,27300,88000,42600,45400,145000,40000,105000,24800,
58,11,456390,278590,135075,143515,87290,31175,56115,37800,14700,23100,81900,46200,35700,71600,43000,28600,153000,48000,105000,24800,
58,12,523325,314525,138210,176315,93525,37410,56115,39900,16800,23100,77700,37800,39900,103400,46200,57200,184000,64000,120000,24800,
58,13,332450,198850,87340,111510,62350,24940,37410,25200,10500,14700,48300,23100,25200,63000,28800,34200,115000,40000,75000,18600,
58,14,249545,145145,67105,78040,43645,18705,24940,18900,8400,10500,33600,16800,16800,49000,23200,25800,92000,32000,60000,12400,
58,15,523325,314525,138210,176315,93525,37410,56115,39900,16800,23100,77700,37800,39900,103400,46200,57200,184000,64000,120000,24800,
58,16,523325,314525,138210,176315,93525,37410,56115,39900,16800,23100,77700,37800,39900,103400,46200,57200,184000,64000,120000,24800,
58,17,523325,314525,138210,176315,93525,37410,56115,39900,16800,23100,77700,37800,39900,103400,46200,57200,184000,64000,120000,24800,
58,18,523325,314525,138210,176315,93525,37410,56115,39900,16800,23100,77700,37800,39900,103400,46200,57200,184000,64000,120000,24800,
58,19,523325,314525,138210,176315,93525,37410,56115,39900,16800,23100,77700,37800,39900,103400,46200,57200,184000,64000,120000,24800,
58,20,332450,198850,87340,111510,62350,24940,37410,25200,10500,14700,48300,23100,25200,63000,28800,34200,115000,40000,75000,18600,
58,21,249545,145145,67105,78040,43645,18705,24940,18900,8400,10500,33600,16800,16800,49000,23200,25800,92000,32000,60000,12400,
58,22,523325,314525,138210,176315,93525,37410,56115,39900,16800,23100,77700,37800,39900,103400,46200,57200,184000,64000,120000,24800,
58,23,523325,314525,138210,176315,93525,37410,56115,39900,16800,23100,77700,37800,39900,103400,46200,57200,184000,64000,120000,24800,
58,24,523325,314525,138210,176315,93525,37410,56115,39900,16800,23100,77700,37800,39900,103400,46200,57200,184000,64000,120000,24800,
58,25,523325,314525,138210,176315,93525,37410,56115,39900,16800,23100,77700,37800,39900,103400,46200,57200,184000,64000,120000,24800,
58,26,523325,314525,138210,176315,93525,37410,56115,39900,16800,23100,77700,37800,39900,103400,46200,57200,184000,64000,120000,24800,
58,27,332450,198850,87340,111510,62350,24940,37410,25200,10500,14700,48300,23100,25200,63000,28800,34200,115000,40000,75000,18600,
58,28,249545,145145,67105,78040,43645,18705,24940,18900,8400,10500,33600,16800,16800,49000,23200,25800,92000,32000,60000,12400,
58,29,523325,314525,138210,176315,93525,37410,56115,39900,16800,23100,77700,37800,39900,103400,46200,57200,184000,64000,120000,24800,
58,30,523325,314525,138210,176315,93525,37410,56115,39900,16800,23100,77700,37800,39900,103400,46200,57200,184000,64000,120000,24800,
59,0,515345,306545,122325,184220,105995,31175,74820,37800,16800,21000,71550,33750,37800,91200,40600,50600,184000,64000,120000,24800,
59,1,429190,304390,148210,156180,87290,37410,49880,39900,14700,25200,92400,44100,48300,84800,52000,32800,100000,40000,60000,24800,
59,2,514255,288655,109310,179345,81055,37410,43645,44100,12600,31500,50700,12900,37800,112800,46400,66400,207000,72000,135000,18600,
59,3,466925,334125,148345,185780,93525,43645,49880,50400,25200,25200,84000,39900,44100,106200,39600,66600,108000,48000,60000,24800,
59,4,490260,318660,155310,163350,99760,37410,62350,33600,21000,12600,90300,48300,42000,95000,48600,46400,153000,48000,105000,18600,
59,5,498390,297590,121475,176115,87290,31175,56115,31500,14700,16800,84000,29400,54600,94800,46200,48600,176000,56000,120000,24800,
59,6,317915,244315,100540,143775,77615,24940,52675,42000,18900,23100,56700,31500,25200,68000,25200,42800,55000,40000,15000,18600,
59,7,458135,286335,98990,187345,68585,24940,43645,33600,10500,23100,86550,40350,46200,97600,23200,74400,147000,72000,75000,24800,
59,8,475120,288320,128910,159410,74820,37410,37410,39900,14700,25200,84000,42000,42000,89600,34800,54800,162000,72000,90000,24800,
59,9,525480,299880,138925,160955,112230,31175,81055,27300,12600,14700,82350,48750,33600,78000,46400,31600,207000,72000,135000,18600,
59,10,480490,300890,123040,177850,87290,24940,62350,39900,16800,23100,84300,46500,37800,89400,34800,54600,161000,56000,105000,18600,
59,11,522095,297295,140180,157115,105995,49880,56115,52500,21000,31500,46200,23100,23100,92600,46200,46400,200000,80000,120000,24800,
59,12,477690,298090,138445,159645,87290,43645,43645,27300,12600,14700,86100,42000,44100,97400,40200,57200,161000,56000,105000,18600,
59,13,501795,292995,134180,158815,105995,49880,56115,18900,10500,8400,73500,42000,31500,94600,31800,62800,184000,64000,120000,24800,
59,14,490255,288455,111610,176845,81055,37410,43645,27300,8400,18900,73500,25200,48300,106600,40600,66000,177000,72000,105000,24800,
59,15,514020,274220,125305,148915,74820,18705,56115,31500,16800,14700,63900,49200,14700,104000,40600,63400,215000,80000,135000,24800,
59,16,446100,243300,92855,150445,62350,18705,43645,23100,8400,14700,59250,19350,39900,98600,46400,52200,178000,88000,90000,24800,
59,17,420520,256720,113545,143175,74820,43645,31175,27300,4200,23100,63000,31500,31500,91600,34200,57400,139000,64000,75000,24800,
59,18,464525,271725,132910,138815,93525,37410,56115,33600,12600,21000,58800,39900,18900,85800,43000,42800,168000,48000,120000,24800,
59,19,487965,286365,116020,170345,56115,12470,43645,39900,18900,21000,78150,38250,39900,112200,46400,65800,183000,48000,135000,18600,
59,20,548030,323430,149810,173620,112230,37410,74820,31500,18900,12600,65100,27300,37800,114600,66200,48400,206000,56000,150000,18600,
59,21,485890,298290,120710,177580,87290,37410,49880,37800,14700,23100,71400,25200,46200,101800,43400,58400,169000,64000,105000,18600,
59,22,466560,303760,127610,176150,99760,37410,62350,44100,21000,23100,56700,21000,35700,103200,48200,55000,138000,48000,90000,24800,
59,23,540410,300610,129655,170955,99760,18705,81055,29400,12600,16800,76050,40350,35700,95400,58000,37400,215000,80000,135000,24800,
59,24,351750,256150,114040,142110,106150,24940,81210,31500,10500,21000,65100,42000,23100,53400,36600,16800,77000,32000,45000,18600,
59,25,445850,281250,96605,184645,62350,18705,43645,37800,10500,27300,60900,21000,39900,120200,46400,73800,146000,56000,90000,18600,
59,26,505365,286765,132840,153925,56115,24940,31175,46200,25200,21000,74250,36300,37950,110200,46400,63800,200000,80000,120000,18600,
59,27,460760,260960,124075,136885,99760,31175,68585,44100,21000,23100,48300,31500,16800,68800,40400,28400,175000,40000,135000,24800,
59,28,488855,295055,127510,167545,81055,37410,43645,31500,16800,14700,65100,27300,37800,117400,46000,71400,169000,64000,105000,24800,
59,29,507790,306190,151340,154850,87290,24940,62350,31500,16800,14700,84000,46200,37800,103400,63400,40000,183000,48000,135000,18600,
59,30,476625,329025,120410,208615,110725,37410,73315,35700,10500,25200,71400,35700,35700,111200,36800,74400,129000,24000,105000,18600,
60,0,542045,339445,147460,191985,105995,37410,68585,35700,16800,18900,96750,52650,44100,101000,40600,60400,184000,64000,120000,18600,
60,1,466225,271625,127010,144615,93525,37410,56115,33600,12600,21000,52500,33600,18900,92000,43400,48600,176000,56000,120000,18600,
60,2,479390,300590,119175,181415,87290,31175,56115,35700,14700,21000,75600,35700,39900,102000,37600,64400,154000,64000,90000,24800,
60,3,463825,263025,126110,136915,93525,37410,56115,23100,12600,10500,63000,35700,27300,83400,40400,43000,176000,56000,120000,24800,
60,4,459165,263565,116025,147540,56115,31175,24940,33600,10500,23100,86850,51150,35700,87000,23200,63800,177000,72000,105000,18600,
60,5,487620,301820,123810,178010,74820,37410,37410,39900,12600,27300,56700,16800,39900,130400,57000,73400,161000,56000,105000,24800,
60,6,422865,244265,123545,120720,56115,43645,12470,42000,16800,25200,73950,31500,42450,72200,31600,40600,160000,40000,120000,18600,
60,7,460190,287590,133640,153950,87290,24940,62350,39900,16800,23100,71400,39900,31500,89000,52000,37000,154000,64000,90000,18600,
60,8,460640,294040,122825,171215,87290,31175,56115,44100,18900,25200,99450,55350,44100,63200,17400,45800,148000,88000,60000,18600,
60,9,448190,267590,114140,153450,87290,24940,62350,42000,14700,27300,54900,33900,21000,83400,40600,42800,162000,72000,90000,18600,
60,10,591200,353400,150745,202655,124700,43645,81055,35700,10500,25200,88200,42000,46200,104800,54600,50200,213000,48000,165000,24800,
60,11,506810,284010,123625,160385,99760,31175,68585,31500,18900,12600,78150,44550,33600,74600,29000,45600,198000,48000,150000,24800,
60,12,497955,268155,130775,137380,81055,31175,49880,23100,14700,8400,63000,35700,27300,101000,49200,51800,205000,40000,165000,24800,
60,13,493095,267495,129505,137990,43645,18705,24940,27300,16800,10500,97950,53400,44550,98600,40600,58000,207000,72000,135000,18600,
60,14,533545,308945,134360,174585,105995,37410,68585,35700,14700,21000,69450,35850,33600,97800,46400,51400,206000,56000,150000,18600,
60,15,527580,308980,122995,185985,112230,43645,68585,37800,14700,23100,69750,29850,39900,89200,34800,54400,200000,80000,120000,18600,
60,16,569580,328980,148130,180850,112230,49880,62350,39900,14700,25200,76050,48750,27300,100800,34800,66000,222000,72000,150000,18600,
60,17,538195,327395,150945,176450,105995,43645,62350,37800,12600,25200,79800,39900,39900,103800,54800,49000,186000,96000,90000,24800,
60,18,531030,315230,124210,191020,112230,37410,74820,33600,10500,23100,71400,27300,44100,98000,49000,49000,191000,56000,135000,24800,
60,19,489550,271750,143245,128505,62350,43645,18705,23100,10500,12600,50700,23100,27600,135600,66000,69600,193000,88000,105000,24800,
60,20,472570,275970,116690,159280,74820,24940,49880,35700,12600,23100,61050,21150,39900,104400,58000,46400,178000,88000,90000,18600,
60,21,472460,300060,126810,173250,99760,37410,62350,18900,10500,8400,63000,27300,35700,118400,51600,66800,160000,40000,120000,12400,
60,22,467305,264705,125225,139480,81055,31175,49880,33600,23100,10500,63450,36150,27300,86600,34800,51800,184000,64000,120000,18600,
60,23,483840,295240,129425,165815,87290,31175,56115,37800,14700,23100,86550,48750,37800,83600,34800,48800,170000,80000,90000,18600,
60,24,548205,295405,131025,164380,81055,31175,49880,39900,14700,25200,76050,44550,31500,98400,40600,57800,228000,48000,180000,24800,
60,25,547965,319165,146050,173115,118465,62350,56115,31500,10500,21000,79800,42000,37800,89400,31200,58200,204000,24000,180000,24800,
60,26,481955,278355,106910,171445,81055,37410,43645,37800,12600,25200,78300,27900,50400,81200,29000,52200,185000,80000,105000,18600,
60,27,451790,250190,113275,136915,87290,31175,56115,29400,10500,18900,44100,25200,18900,89400,46400,43000,183000,48000,135000,18600,
60,28,491055,303455,112475,190980,81055,31175,49880,48300,21000,27300,80100,25500,54600,94000,34800,59200,169000,64000,105000,18600,
60,29,513995,302395,149480,152915,105995,49880,56115,44100,21000,23100,56700,29400,27300,95600,49200,46400,193000,88000,105000,18600,
60,30,535775,316375,150160,166215,93525,37410,56115,35700,14700,21000,71550,40050,31500,115600,58000,57600,207000,72000,135000,12400,
61,0,581045,314645,143810,170835,105995,37410,68585,18900,10500,8400,85350,49500,35850,104400,46400,58000,254000,104000,150000,12400,
61,1,505285,273485,127850,145635,39235,15000,24235,49650,21450,28200,97800,52200,45600,86800,39200,47600,207000,72000,135000,24800,
61,2,380500,245900,88150,157750,69900,21000,48900,45000,21750,23250,55200,25800,29400,75800,19600,56200,116000,56000,60000,18600,
61,3,471140,268540,105820,162720,63940,18470,45470,54300,13050,41250,71700,26100,45600,78600,48200,30400,184000,64000,120000,18600,
61,4,406050,233450,97700,135750,51000,21000,30000,45600,17400,28200,77850,36900,40950,59000,22400,36600,154000,64000,90000,18600,
61,5,522750,299750,123600,176150,69900,18000,51900,65100,25950,39150,72750,43050,29700,92000,36600,55400,192000,72000,120000,31000,
61,6,492850,274250,126700,147550,54000,33000,21000,41250,19500,21750,73800,28200,45600,105200,46000,59200,200000,80000,120000,18600,
61,7,486385,268785,102750,166035,57235,24000,33235,47700,28200,19500,83850,21750,62100,80000,28800,51200,199000,64000,135000,18600,
61,8,480250,315650,137600,178050,58300,27000,31300,42150,19050,23100,102000,57750,44250,113200,33800,79400,146000,56000,90000,18600,
61,9,374135,260735,111450,149285,57235,24000,33235,50100,21750,28350,67800,32100,35700,85600,33600,52000,101000,56000,45000,12400,
61,10,479200,261600,117950,143650,60000,24000,36000,52950,23850,29100,86850,47700,39150,61800,22400,39400,199000,64000,135000,18600,
61,11,374950,203350,75850,127500,45000,18000,27000,36900,10800,26100,64650,23850,40800,56800,23200,33600,153000,48000,105000,18600,
61,12,436850,266050,117500,148550,58300,18000,40300,50850,21750,29100,93900,46950,46950,63000,30800,32200,146000,56000,90000,24800,
61,13,481450,257650,100800,156850,60000,21000,39000,56550,26100,30450,71700,36900,34800,69400,16800,52600,199000,64000,135000,24800,
61,14,496700,273900,120850,153050,58300,30000,28300,52950,23850,29100,88650,39000,49650,74000,28000,46000,198000,48000,150000,24800,
61,15,546550,291750,134600,157150,48000,27000,21000,42000,12900,29100,108750,60900,47850,93000,33800,59200,230000,80000,150000,24800,
61,16,395585,216785,83235,133550,36235,15235,21000,48600,19500,29100,60750,26100,34650,71200,22400,48800,154000,64000,90000,24800,
61,17,492800,261000,119350,141650,51000,33000,18000,45450,12900,32550,99750,47850,51900,64800,25600,39200,207000,72000,135000,24800,
61,18,466000,256400,132500,123900,42000,24000,18000,60450,28200,32250,94950,49500,45450,59000,30800,28200,191000,56000,135000,18600,
61,19,537035,299235,136550,162685,54235,21000,33235,60600,25800,34800,94800,47550,47250,89600,42200,47400,213000,48000,165000,24800,
61,20,463800,293200,117400,175800,74200,27000,47200,49500,26100,23400,82500,36300,46200,87000,28000,59000,152000,32000,120000,18600,
61,21,399000,243200,116150,127050,62600,37300,25300,19500,6450,13050,84300,34800,49500,76800,37600,39200,131000,56000,75000,24800,
61,22,403350,239550,97600,141950,46300,24000,22300,52950,23850,29100,72900,30150,42750,67400,19600,47800,139000,64000,75000,24800,
61,23,537205,335405,158750,176655,72305,35600,36705,45600,13050,32550,86700,40500,46200,130800,69600,61200,177000,72000,105000,24800,
61,24,428650,234050,104450,129600,57000,24000,33000,45300,15150,30150,78150,36900,41250,53600,28400,25200,176000,56000,120000,18600,
61,25,428650,249850,136250,113600,57000,21000,36000,50850,29100,21750,85800,55350,30450,56200,30800,25400,154000,64000,90000,24800,
61,26,507850,320050,148850,171200,60900,27900,33000,43350,21750,21600,100800,51600,49200,115000,47600,67400,163000,88000,75000,24800,
61,27,480350,280550,131550,149000,43300,19300,24000,62850,30300,32550,90000,42750,47250,84400,39200,45200,175000,40000,135000,24800,
61,28,410050,254450,103150,151300,73300,36000,37300,52650,30150,22500,57300,17400,39900,71200,19600,51600,137000,32000,105000,18600,
61,29,474700,255100,120200,134900,48000,18000,30000,45600,19500,26100,93300,36900,56400,68200,45800,22400,201000,96000,105000,18600,
61,30,542185,292585,136850,155735,72235,33000,39235,28050,17250,10800,106500,52200,54300,85800,34400,51400,231000,96000,135000,18600,
62,0,415000,282200,127550,154650,60500,24000,36500,50100,25950,24150,69600,44400,25200,102000,33200,68800,108000,48000,60000,24800,
62,1,515785,291985,121800,170185,66235,21000,45235,61650,28200,33450,83700,39000,44700,80400,33600,46800,199000,64000,135000,24800,
62,2,470050,238250,117850,120400,36000,12000,24000,43350,21750,21600,108300,56100,52200,50600,28000,22600,207000,72000,135000,24800,
62,3,556935,287135,143885,143250,66235,27235,39000,45450,21600,23850,86850,58650,28200,88600,36400,52200,245000,80000,165000,24800,
62,4,500200,283400,125700,157700,68600,27000,41600,44250,19500,24750,88950,45600,43350,81600,33600,48000,192000,72000,120000,24800,
62,5,451750,274950,116350,158600,71600,24000,47600,47400,25800,21600,72150,38550,33600,83800,28000,55800,152000,32000,120000,24800,
62,6,438000,297200,123500,173700,87500,31300,56200,49500,20100,29400,84600,42900,41700,75600,29200,46400,116000,56000,60000,24800,
62,7,449170,253570,104885,148685,63470,27235,36235,26850,10800,16050,86850,41250,45600,76400,25600,50800,177000,72000,105000,18600,
62,8,531600,298800,111800,187000,60000,24000,36000,43500,17400,26100,131700,56400,75300,63600,14000,49600,208000,88000,120000,24800,
62,9,491500,291700,120150,171550,65600,24000,41600,56400,21750,34650,93300,49200,44100,76400,25200,51200,175000,40000,135000,24800,
62,10,476350,298550,115950,182600,70800,15000,55800,47400,23700,23700,97350,40650,56700,83000,36600,46400,153000,48000,105000,24800,
62,11,464050,276450,133050,143400,67300,24000,43300,48300,23850,24450,103650,51600,52050,57200,33600,23600,169000,64000,105000,18600,
62,12,511820,295020,134000,161020,78470,36000,42470,45600,21750,23850,96750,45450,51300,74200,30800,43400,192000,72000,120000,24800,
62,13,444900,244100,125600,118500,54000,30000,24000,36900,13050,23850,97200,51750,45450,56000,30800,25200,176000,56000,120000,24800,
62,14,451835,256235,106235,150000,49535,24235,25300,49800,19500,30300,47700,19500,28200,109200,43000,66200,177000,72000,105000,18600,
62,15,482300,279700,115100,164600,54000,15000,39000,50850,21750,29100,98850,55950,42900,76000,22400,53600,184000,64000,120000,18600,
62,16,393900,247300,108650,138650,63000,27000,36000,40950,8550,32400,72150,36300,35850,71200,36800,34400,128000,8000,120000,18600,
62,17,421850,218250,96750,121500,48000,18000,30000,43350,15150,28200,60900,34800,26100,66000,28800,37200,185000,80000,105000,18600,
62,18,452385,282585,114750,167835,61535,21000,40535,36150,21450,14700,80700,38700,42000,104200,33600,70600,145000,40000,105000,24800,
62,19,444050,272450,109950,162500,63500,18000,45500,58200,28200,30000,59550,38550,21000,91200,25200,66000,153000,48000,105000,18600,
62,20,523800,285000,131450,153550,58300,27000,31300,58650,28200,30450,103650,45450,58200,64400,30800,33600,214000,64000,150000,24800,
62,21,406650,229850,90150,139700,36000,9000,27000,60750,26100,34650,59700,29850,29850,73400,25200,48200,152000,32000,120000,24800,
62,22,474450,249650,112850,136800,48000,9000,39000,54300,28200,26100,73950,30450,43500,73400,45200,28200,200000,80000,120000,24800,
62,23,520750,273150,130350,142800,60000,27000,33000,58500,26100,32400,104250,52050,52200,50400,25200,25200,229000,64000,165000,18600,
62,24,423700,272300,121400,150900,80600,30000,50600,43350,23850,19500,66750,36750,30000,81600,30800,50800,139000,64000,75000,12400,
62,25,523750,313950,133800,180150,78900,33000,45900,34650,19500,15150,88200,47700,40500,112200,33600,78600,185000,80000,105000,24800,
62,26,416600,252000,113650,138350,44600,21000,23600,31200,19500,11700,94800,45150,49650,81400,28000,53400,146000,56000,90000,18600,
62,27,503050,291450,117600,173850,50200,24000,26200,45450,19500,25950,90600,36900,53700,105200,37200,68000,193000,88000,105000,18600,
62,28,459300,272500,113300,159200,55300,24000,31300,63000,23850,39150,84600,34650,49950,69600,30800,38800,162000,72000,90000,24800,
62,29,436285,278685,130850,147835,54235,27000,27235,36900,26100,10800,98550,46950,51600,89000,30800,58200,139000,64000,75000,18600,
62,30,449455,266455,70985,195470,58605,6235,52370,42600,23700,18900,59250,13050,46200,106000,28000,78000,152000,32000,120000,31000,
63,0,469990,275390,113540,161850,87290,24940,62350,35700,14700,21000,29400,10500,18900,123000,63400,59600,176000,56000,120000,18600,
63,1,502185,290585,130310,160275,68585,37410,31175,39900,16800,23100,54900,29700,25200,127200,46400,80800,193000,88000,105000,18600,
63,2,478215,275615,127905,147710,56115,18705,37410,29400,16800,12600,71700,40200,31500,118400,52200,66200,184000,64000,120000,18600,
63,3,500400,289600,135950,153650,76300,30000,46300,21600,2100,19500,117300,58650,58650,74400,45200,29200,186000,96000,90000,24800,
63,4,545900,284100,131050,153050,33000,6000,27000,67350,34800,32550,108150,53850,54300,75600,36400,39200,237000,72000,165000,24800,
63,5,465850,257850,112100,145750,51000,27000,24000,41250,19500,21750,88800,34800,54000,76800,30800,46000,177000,72000,105000,31000,
63,6,465320,262720,96520,166200,42070,15470,26600,54300,17400,36900,75150,23850,51300,91200,39800,51400,184000,64000,120000,18600,
63,7,485950,284150,107950,176200,58300,24000,34300,47700,15150,32550,79950,34800,45150,98200,34000,64200,177000,72000,105000,24800,
63,8,501935,322335,151085,171250,64535,27235,37300,54000,21600,32400,108600,59850,48750,95200,42400,52800,161000,56000,105000,18600,
63,9,449885,270285,104800,165485,50835,12000,38835,54300,23850,30450,82950,40950,42000,82200,28000,54200,161000,56000,105000,18600,
63,10,428585,217985,87685,130300,54235,18235,36000,43350,19500,23850,63000,32550,30450,57400,17400,40000,192000,72000,120000,18600,
63,11,427085,294485,128535,165950,73135,30235,42900,53550,19500,34050,69600,36000,33600,98200,42800,55400,114000,24000,90000,18600,
63,12,488525,285925,94385,191540,77475,18235,59240,60450,21750,38700,81000,34800,46200,67000,19600,47400,184000,64000,120000,18600,
63,13,471300,268700,119650,149050,57000,30000,27000,28200,15150,13050,104100,43500,60600,79400,31000,48400,184000,64000,120000,18600,
63,14,430650,260850,120750,140100,57000,27000,30000,54300,23850,30450,66150,44700,21450,83400,25200,58200,145000,40000,105000,24800,
63,15,486070,286270,115650,170620,61770,30000,31770,41100,17250,23850,72600,34800,37800,110800,33600,77200,175000,40000,135000,24800,
63,16,491100,327500,115700,211800,104300,33000,71300,55650,30450,25200,67950,21450,46500,99600,30800,68800,145000,40000,105000,18600,
63,17,450600,287000,144550,142450,66500,35200,31300,50700,17250,33450,87600,55500,32100,82200,36600,45600,145000,40000,105000,18600,
63,18,429985,281385,125835,155550,62835,33235,29600,42000,24750,17250,65550,25650,39900,111000,42200,68800,130000,40000,90000,18600,
63,19,534300,338700,136100,202600,83200,36000,47200,47850,21750,26100,89850,47550,42300,117800,30800,87000,177000,72000,105000,18600,
63,20,455120,261520,113800,147720,42470,21000,21470,42150,21750,20400,86100,34650,51450,90800,36400,54400,175000,40000,135000,18600,
63,21,495690,330890,143955,186935,90140,39705,50435,51300,21600,29700,89850,47850,42000,99600,34800,64800,140000,80000,60000,24800,
63,22,379900,238300,101800,136500,64300,15000,49300,50700,25950,24750,63900,29850,34050,59400,31000,28400,123000,48000,75000,18600,
63,23,418850,255250,111600,143650,48000,24000,24000,45450,15150,30300,75000,38850,36150,86800,33600,53200,145000,40000,105000,18600,
63,24,493650,282050,125600,156450,54000,21000,33000,65250,21750,43500,97200,52050,45150,65600,30800,34800,193000,88000,105000,18600,
63,25,459735,265135,118150,146985,54235,21000,33235,50700,21750,28950,84600,39000,45600,75600,36400,39200,176000,56000,120000,18600,
63,26,466850,242250,129650,112600,36000,21000,15000,67350,30450,36900,88500,47400,41100,50400,30800,19600,206000,56000,150000,18600,
63,27,433000,230400,93050,137350,60000,18000,42000,25950,12900,13050,93450,39150,54300,51000,23000,28000,184000,64000,120000,18600,
63,28,508350,307550,139100,168450,72900,30000,42900,58650,21750,36900,102000,61950,40050,74000,25400,48600,176000,56000,120000,24800,
63,29,376650,242250,137250,105000,63000,33000,30000,34650,21750,12900,56400,36900,19500,88200,45600,42600,122000,32000,90000,12400,
63,30,507800,314000,157150,156850,67300,19300,48000,58200,29100,29100,98100,59550,38550,90400,49200,41200,169000,64000,105000,24800,
64,0,471385,292585,120750,171835,75235,33000,42235,45000,19500,25500,66150,43050,23100,106200,25200,81000,154000,64000,90000,24800,
64,1,537595,320195,128275,191920,105995,31175,74820,29400,14700,14700,90600,36000,54600,94200,46400,47800,205000,40000,165000,12400,
64,2,468835,279435,133560,145875,68585,37410,31175,27300,12600,14700,73950,48750,25200,109600,34800,74800,177000,72000,105000,12400,
64,3,398825,286225,110610,175615,93525,37410,56115,33600,10500,23100,73500,31500,42000,85600,31200,54400,94000,64000,30000,18600,
64,4,421555,271155,128975,142180,81055,31175,49880,39900,16800,23100,84000,37800,46200,66200,43200,23000,138000,48000,90000,12400,
64,5,560855,308055,153480,154575,81055,49880,31175,31500,8400,23100,80100,37800,42300,115400,57400,58000,228000,48000,180000,24800,
64,6,469085,274285,117910,156375,68585,37410,31175,33600,12600,21000,65100,27300,37800,107000,40600,66400,170000,80000,90000,24800,
64,7,387050,285250,111440,173810,94150,30940,63210,33600,14700,18900,81900,46200,35700,75600,19600,56000,77000,32000,45000,24800,
64,8,498500,297900,143345,154555,124700,43645,81055,37800,18900,18900,75600,37800,37800,59800,43000,16800,182000,32000,150000,18600,
64,9,511935,294335,141090,153245,68585,24940,43645,37800,16800,21000,78150,52950,25200,109800,46400,63400,199000,64000,135000,18600,
64,10,543530,304730,148145,156585,112230,43645,68585,37800,14700,23100,56700,37800,18900,98000,52000,46000,214000,64000,150000,24800,
64,11,415655,275855,106040,169815,89655,24940,64715,33600,16800,16800,84000,27300,56700,68600,37000,31600,115000,40000,75000,24800,
64,12,544605,305805,163110,142695,81055,37410,43645,35700,14700,21000,107850,58800,49050,81200,52200,29000,214000,64000,150000,24800,
64,13,457955,279355,118475,160880,81055,31175,49880,39900,12600,27300,58800,31500,27300,99600,43200,56400,160000,40000,120000,18600,
64,14,427495,270895,119845,151050,105995,43645,62350,29400,10500,18900,56700,39900,16800,78800,25800,53000,138000,48000,90000,18600,
64,15,496690,315290,134210,181080,87290,37410,49880,35700,10500,25200,98700,39900,58800,93600,46400,47200,169000,64000,105000,12400,
64,16,468275,265675,115960,149715,93525,37410,56115,31500,14700,16800,48450,23250,25200,92200,40600,51600,184000,64000,120000,18600,
64,17,468020,259220,93575,165645,74820,31175,43645,50550,23250,27300,52650,4350,48300,81200,34800,46400,184000,64000,120000,24800,
64,18,578835,307235,146190,161045,68585,24940,43645,29400,14700,14700,87450,42750,44700,121800,63800,58000,253000,88000,165000,18600,
64,19,439490,281890,117075,164815,87290,31175,56115,29400,12600,16800,71400,35700,35700,93800,37600,56200,139000,64000,75000,18600,
64,20,438720,275920,127610,148310,74820,37410,37410,42000,23100,18900,56700,27300,29400,102400,39800,62600,138000,48000,90000,24800,
64,21,450940,278340,117825,160515,87290,31175,56115,18900,10500,8400,94950,52950,42000,77200,23200,54000,154000,64000,90000,18600,
64,22,440235,253435,119375,134060,68585,31175,37410,35700,18900,16800,73950,23100,50850,75200,46200,29000,162000,72000,90000,24800,
64,23,523520,327920,148210,179710,74820,37410,37410,39900,18900,21000,79800,39900,39900,133400,52000,81400,177000,72000,105000,18600,
64,24,396750,308350,112375,195975,101050,31175,69875,39900,12600,27300,71400,29400,42000,96000,39200,56800,76000,16000,60000,12400,
64,25,500485,274885,114005,160880,68585,18705,49880,23100,18900,4200,85200,47400,37800,98000,29000,69000,207000,72000,135000,18600,
64,26,433385,269585,110575,159010,68585,31175,37410,44100,21000,23100,65100,21000,44100,91800,37400,54400,139000,64000,75000,24800,
64,27,492095,306295,124415,181880,105995,56115,49880,33600,14700,18900,86100,33600,52500,80600,20000,60600,161000,56000,105000,24800,
64,28,505975,274375,125960,148415,93525,37410,56115,42000,18900,23100,63450,23250,40200,75400,46400,29000,213000,48000,165000,18600,
64,29,411890,255290,113280,142010,87290,49880,37410,35700,12600,23100,60900,33600,27300,71400,17200,54200,138000,48000,90000,18600,
64,30,341685,246085,103475,142610,71585,34175,37410,37800,14700,23100,56700,29400,27300,80000,25200,54800,77000,32000,45000,18600,
65,0,468750,274150,128400,145750,69000,27000,42000,38850,25950,12900,95100,47250,47850,71200,28200,43000,176000,56000,120000,18600,
65,1,441000,271200,105050,166150,73300,33000,40300,42750,19500,23250,58350,21750,36600,96800,30800,66000,145000,40000,105000,24800,
65,2,471915,270315,119210,151105,56115,37410,18705,29400,12600,16800,86400,40200,46200,98400,29000,69400,183000,48000,135000,18600,
65,3,446495,275695,125180,150515,105995,49880,56115,33600,12600,21000,73500,31500,42000,62600,31200,31400,146000,56000,90000,24800,
65,4,461320,281720,131300,150420,63470,21000,42470,56400,30450,25950,85650,49050,36600,76200,30800,45400,161000,56000,105000,18600,
65,5,440785,284185,150150,134035,55535,34300,21235,48600,16050,32550,91050,44400,46650,89000,55400,33600,138000,48000,90000,18600,
65,6,441300,255500,116150,139350,64300,27000,37300,56250,25800,30450,73350,32550,40800,61600,30800,30800,161000,56000,105000,24800,
65,7,470350,275750,135950,139800,49300,28300,21000,58650,36900,21750,88200,34350,53850,79600,36400,43200,176000,56000,120000,18600,
65,8,524735,313335,138800,174535,83835,30000,53835,58650,19500,39150,111450,58500,52950,59400,30800,28600,199000,64000,135000,12400,
65,9,446500,243900,107900,136000,54000,12000,42000,43200,21450,21750,93300,52050,41250,53400,22400,31000,184000,64000,120000,18600,
65,10,471150,270150,140550,129600,60000,30000,30000,49800,21600,28200,84150,49350,34800,76200,39600,36600,170000,80000,90000,31000,
65,11,469300,253500,111350,142150,57000,24000,33000,43500,17400,26100,101400,55950,45450,51600,14000,37600,191000,56000,135000,24800,
65,12,509750,278950,115750,163200,65600,24000,41600,46350,21600,24750,116400,47550,68850,50600,22600,28000,206000,56000,150000,24800,
65,13,560400,280800,134050,146750,54000,27000,27000,39000,12900,26100,104400,56550,47850,83400,37600,45800,261000,96000,165000,18600,
65,14,589800,375000,147000,228000,92300,26600,65700,62250,21750,40500,108450,51450,57000,112000,47200,64800,190000,40000,150000,24800,
65,15,565335,317735,139550,178185,58535,18000,40535,54150,19500,34650,124650,71250,53400,80400,30800,49600,229000,64000,165000,18600,
65,16,408555,276755,131285,145470,53005,28535,24470,60450,25950,34500,102900,50400,52500,60400,26400,34000,107000,32000,75000,24800,
65,17,483000,274200,121400,152800,63000,27000,36000,60300,23850,36450,94500,45150,49350,56400,25400,31000,184000,64000,120000,24800,
65,18,491050,272650,122000,150650,63000,27000,36000,45150,17400,27750,78300,34800,43500,86200,42800,43400,206000,56000,150000,12400,
65,19,422250,249650,104250,145400,54000,24000,30000,39000,17250,21750,82050,34800,47250,74600,28200,46400,154000,64000,90000,18600,
65,20,544800,305000,139100,165900,55300,24000,31300,56400,23850,32550,120900,60450,60450,72400,30800,41600,215000,80000,135000,24800,
65,21,518100,284500,133350,151150,72000,30000,42000,32400,21600,10800,123900,56550,67350,56200,25200,31000,215000,80000,135000,18600,
65,22,510750,276150,129700,146450,63000,21000,42000,47700,23850,23850,82650,30450,52200,82800,54400,28400,216000,96000,120000,18600,
65,23,495085,295285,132150,163135,50835,25300,25535,48600,20400,28200,95850,47250,48600,100000,39200,60800,175000,40000,135000,24800,
65,24,514800,283000,130350,152650,62600,21000,41600,47700,21750,25950,99900,45600,54300,72800,42000,30800,207000,72000,135000,24800,
65,25,603050,317450,136400,181050,78000,33000,45000,67200,28200,39000,93450,34800,58650,78800,40400,38400,267000,72000,195000,18600,
65,26,448850,253250,138100,115150,48000,24000,24000,43500,17400,26100,114150,60300,53850,47600,36400,11200,177000,72000,105000,18600,
65,27,563700,293900,130750,163150,63000,27000,36000,54300,23850,30450,91200,36900,54300,85400,43000,42400,245000,80000,165000,24800,
65,28,486900,261300,119200,142100,60000,9000,51000,47700,21750,25950,73800,52050,21750,79800,36400,43400,207000,72000,135000,18600,
65,29,478335,277535,119600,157935,54235,24000,30235,47850,13050,34800,88050,43350,44700,87400,39200,48200,176000,56000,120000,24800,
65,30,492500,268700,112950,155750,45000,24000,21000,71550,25950,45600,90150,34800,55350,62000,28200,33800,199000,64000,135000,24800,
66,0,530955,338155,133175,204980,81055,31175,49880,52500,23100,29400,75600,35700,39900,129000,43200,85800,168000,48000,120000,24800,
66,1,424925,253325,110510,142815,93525,37410,56115,18900,6300,12600,52500,21000,31500,88400,45800,42600,153000,48000,105000,18600,
66,2,504760,317160,134880,182280,99760,49880,49880,42000,16800,25200,84000,33600,50400,91400,34600,56800,169000,64000,105000,18600,
66,3,463255,291655,131245,160410,81055,43645,37410,35700,16800,18900,86100,42000,44100,88800,28800,60000,153000,48000,105000,18600,
66,4,440325,268725,130545,138180,93525,43645,49880,31500,14700,16800,77700,37800,39900,66000,34400,31600,153000,48000,105000,18600,
66,5,463085,290485,130045,160440,68585,43645,24940,35700,16800,18900,71400,21000,50400,114800,48600,66200,154000,64000,90000,18600,
66,6,366090,226290,106910,119380,87290,37410,49880,31500,14700,16800,48300,21000,27300,59200,33800,25400,115000,40000,75000,24800,
66,7,504140,286540,122410,164130,87290,37410,49880,33600,14700,18900,84450,29700,54750,81200,40600,40600,199000,64000,135000,18600,
66,8,499525,305725,135910,169815,93525,37410,56115,35700,16800,18900,90300,44100,46200,86200,37600,48600,169000,64000,105000,24800,
66,9,445225,265625,108080,157545,93525,49880,43645,18900,4200,14700,67200,25200,42000,86000,28800,57200,161000,56000,105000,18600,
66,10,515720,291920,146545,145375,74820,43645,31175,31500,16800,14700,75600,39900,35700,110000,46200,63800,199000,64000,135000,24800,
66,11,529405,282605,147210,135395,81055,37410,43645,31500,14700,16800,48450,31500,16950,121600,63600,58000,222000,72000,150000,24800,
66,12,553660,329860,144275,185585,99760,31175,68585,42000,18900,23100,77700,42000,35700,110400,52200,58200,199000,64000,135000,24800,
66,13,387525,253725,119975,133750,93525,31175,62350,25200,10500,14700,75600,35700,39900,59400,42600,16800,109000,64000,45000,24800,
66,14,479605,307005,121590,185415,81055,24940,56115,50400,18900,31500,86550,48750,37800,89000,29000,60000,154000,64000,90000,18600,
66,15,475625,251825,118710,133115,93525,37410,56115,31500,16800,14700,48600,29700,18900,78200,34800,43400,199000,64000,135000,24800,
66,16,465460,317660,140245,177415,99760,43645,56115,29400,16800,12600,86100,42000,44100,102400,37800,64600,123000,48000,75000,24800,
66,17,526660,333860,125210,208650,99760,37410,62350,48300,18900,29400,79800,31500,48300,106000,37400,68600,168000,48000,120000,24800,
66,18,484490,312890,121710,191180,87290,37410,49880,35700,10500,25200,77700,33600,44100,112200,40200,72000,153000,48000,105000,18600,
66,19,523615,306815,123130,183685,118465,49880,68585,44100,18900,25200,69450,25350,44100,74800,29000,45800,192000,72000,120000,24800,
66,20,393315,275715,118970,156745,77615,12470,65145,44100,14700,29400,75600,54600,21000,78400,37200,41200,99000,24000,75000,18600,
66,21,454560,288960,122610,166350,99760,37410,62350,33600,14700,18900,63000,27300,35700,92600,43200,49400,147000,72000,75000,18600,
66,22,536270,282470,102490,179980,74820,24940,49880,39900,14700,25200,81150,45450,35700,86600,17400,69200,229000,64000,165000,24800,
66,23,544140,319540,144860,174680,87290,37410,49880,42000,18900,23100,86250,42150,44100,104000,46400,57600,206000,56000,150000,18600,
66,24,469900,236300,100110,136190,62350,37410,24940,33750,14850,18900,47400,13050,34350,92800,34800,58000,215000,80000,135000,18600,
66,25,500925,286125,132580,153545,93525,49880,43645,39900,14700,25200,69300,25200,44100,83400,42800,40600,190000,40000,150000,24800,
66,26,420385,255785,123810,131975,68585,37410,31175,25200,14700,10500,75600,39900,35700,86400,31800,54600,146000,56000,90000,18600,
66,27,531555,307755,147245,160510,81055,43645,37410,44100,14700,29400,84000,48300,35700,98600,40600,58000,199000,64000,135000,24800,
66,28,505370,288770,124790,163980,74820,24940,49880,33600,16800,16800,90750,42450,48300,89600,40600,49000,198000,48000,150000,18600,
66,29,469425,276625,130280,146345,93525,49880,43645,44100,18900,25200,58800,35700,23100,80200,25800,54400,168000,48000,120000,24800,
66,30,382260,233460,116675,116785,108760,31175,77585,35700,10500,25200,37800,37800,0,51200,37200,14000,124000,64000,60000,24800,
67,0,490445,309045,147460,161585,105995,37410,68585,25200,16800,8400,86250,52650,33600,91600,40600,51000,169000,64000,105000,12400,
67,1,466225,271625,127010,144615,93525,37410,56115,33600,12600,21000,52500,33600,18900,92000,43400,48600,176000,56000,120000,18600,
67,2,479390,300590,119175,181415,87290,31175,56115,35700,14700,21000,75600,35700,39900,102000,37600,64400,154000,64000,90000,24800,
67,3,463825,263025,126110,136915,93525,37410,56115,23100,12600,10500,63000,35700,27300,83400,40400,43000,176000,56000,120000,24800,
67,4,459165,263565,116025,147540,56115,31175,24940,33600,10500,23100,86850,51150,35700,87000,23200,63800,177000,72000,105000,18600,
67,5,487620,301820,123810,178010,74820,37410,37410,39900,12600,27300,56700,16800,39900,130400,57000,73400,161000,56000,105000,24800,
67,6,422865,244265,123545,120720,56115,43645,12470,42000,16800,25200,73950,31500,42450,72200,31600,40600,160000,40000,120000,18600,
67,7,460190,287590,133640,153950,87290,24940,62350,39900,16800,23100,71400,39900,31500,89000,52000,37000,154000,64000,90000,18600,
67,8,460640,294040,122825,171215,87290,31175,56115,44100,18900,25200,99450,55350,44100,63200,17400,45800,148000,88000,60000,18600,
67,9,448190,267590,114140,153450,87290,24940,62350,42000,14700,27300,54900,33900,21000,83400,40600,42800,162000,72000,90000,18600,
67,10,591200,353400,150745,202655,124700,43645,81055,35700,10500,25200,88200,42000,46200,104800,54600,50200,213000,48000,165000,24800,
67,11,506810,284010,123625,160385,99760,31175,68585,31500,18900,12600,78150,44550,33600,74600,29000,45600,198000,48000,150000,24800,
67,12,497955,268155,130775,137380,81055,31175,49880,23100,14700,8400,63000,35700,27300,101000,49200,51800,205000,40000,165000,24800,
67,13,493095,267495,129505,137990,43645,18705,24940,27300,16800,10500,97950,53400,44550,98600,40600,58000,207000,72000,135000,18600,
67,14,533545,308945,134360,174585,105995,37410,68585,35700,14700,21000,69450,35850,33600,97800,46400,51400,206000,56000,150000,18600,
67,15,527580,308980,122995,185985,112230,43645,68585,37800,14700,23100,69750,29850,39900,89200,34800,54400,200000,80000,120000,18600,
67,16,569580,328980,148130,180850,112230,49880,62350,39900,14700,25200,76050,48750,27300,100800,34800,66000,222000,72000,150000,18600,
67,17,538195,327395,150945,176450,105995,43645,62350,37800,12600,25200,79800,39900,39900,103800,54800,49000,186000,96000,90000,24800,
67,18,531030,315230,124210,191020,112230,37410,74820,33600,10500,23100,71400,27300,44100,98000,49000,49000,191000,56000,135000,24800,
67,19,489550,271750,143245,128505,62350,43645,18705,23100,10500,12600,50700,23100,27600,135600,66000,69600,193000,88000,105000,24800,
67,20,472570,275970,116690,159280,74820,24940,49880,35700,12600,23100,61050,21150,39900,104400,58000,46400,178000,88000,90000,18600,
67,21,472460,300060,126810,173250,99760,37410,62350,18900,10500,8400,63000,27300,35700,118400,51600,66800,160000,40000,120000,12400,
67,22,467305,264705,125225,139480,81055,31175,49880,33600,23100,10500,63450,36150,27300,86600,34800,51800,184000,64000,120000,18600,
67,23,483840,295240,129425,165815,87290,31175,56115,37800,14700,23100,86550,48750,37800,83600,34800,48800,170000,80000,90000,18600,
67,24,548205,295405,131025,164380,81055,31175,49880,39900,14700,25200,76050,44550,31500,98400,40600,57800,228000,48000,180000,24800,
67,25,547965,319165,146050,173115,118465,62350,56115,31500,10500,21000,79800,42000,37800,89400,31200,58200,204000,24000,180000,24800,
67,26,481955,278355,106910,171445,81055,37410,43645,37800,12600,25200,78300,27900,50400,81200,29000,52200,185000,80000,105000,18600,
67,27,451790,250190,113275,136915,87290,31175,56115,29400,10500,18900,44100,25200,18900,89400,46400,43000,183000,48000,135000,18600,
67,28,491055,303455,112475,190980,81055,31175,49880,48300,21000,27300,80100,25500,54600,94000,34800,59200,169000,64000,105000,18600,
67,29,513995,302395,149480,152915,105995,49880,56115,44100,21000,23100,56700,29400,27300,95600,49200,46400,193000,88000,105000,18600,
67,30,535775,316375,150160,166215,93525,37410,56115,35700,14700,21000,71550,40050,31500,115600,58000,57600,207000,72000,135000,12400,
68,0,434070,249270,127670,121600,54470,21470,33000,40950,23550,17400,100650,49050,51600,53200,33600,19600,160000,40000,120000,24800,
68,1,420700,270900,112700,158200,68600,30000,38600,52200,21750,30450,83700,46950,36750,66400,14000,52400,125000,80000,45000,24800,
68,2,464500,269700,132350,137350,63000,24000,39000,56400,32550,23850,71100,45000,26100,79200,30800,48400,170000,80000,90000,24800,
68,3,540250,337650,133400,204250,85800,27000,58800,47250,23850,23400,117000,68550,48450,87600,14000,73600,184000,64000,120000,18600,
68,4,461320,281720,131300,150420,63470,21000,42470,56400,30450,25950,85650,49050,36600,76200,30800,45400,161000,56000,105000,18600,
68,5,440785,284185,150150,134035,55535,34300,21235,48600,16050,32550,91050,44400,46650,89000,55400,33600,138000,48000,90000,18600,
68,6,441300,255500,116150,139350,64300,27000,37300,56250,25800,30450,73350,32550,40800,61600,30800,30800,161000,56000,105000,24800,
68,7,470350,275750,135950,139800,49300,28300,21000,58650,36900,21750,88200,34350,53850,79600,36400,43200,176000,56000,120000,18600,
68,8,524735,313335,138800,174535,83835,30000,53835,58650,19500,39150,111450,58500,52950,59400,30800,28600,199000,64000,135000,12400,
68,9,446500,243900,107900,136000,54000,12000,42000,43200,21450,21750,93300,52050,41250,53400,22400,31000,184000,64000,120000,18600,
68,10,471150,270150,140550,129600,60000,30000,30000,49800,21600,28200,84150,49350,34800,76200,39600,36600,170000,80000,90000,31000,
68,11,469300,253500,111350,142150,57000,24000,33000,43500,17400,26100,101400,55950,45450,51600,14000,37600,191000,56000,135000,24800,
68,12,509750,278950,115750,163200,65600,24000,41600,46350,21600,24750,116400,47550,68850,50600,22600,28000,206000,56000,150000,24800,
68,13,560400,280800,134050,146750,54000,27000,27000,39000,12900,26100,104400,56550,47850,83400,37600,45800,261000,96000,165000,18600,
68,14,589800,375000,147000,228000,92300,26600,65700,62250,21750,40500,108450,51450,57000,112000,47200,64800,190000,40000,150000,24800,
68,15,565335,317735,139550,178185,58535,18000,40535,54150,19500,34650,124650,71250,53400,80400,30800,49600,229000,64000,165000,18600,
68,16,408555,276755,131285,145470,53005,28535,24470,60450,25950,34500,102900,50400,52500,60400,26400,34000,107000,32000,75000,24800,
68,17,483000,274200,121400,152800,63000,27000,36000,60300,23850,36450,94500,45150,49350,56400,25400,31000,184000,64000,120000,24800,
68,18,491050,272650,122000,150650,63000,27000,36000,45150,17400,27750,78300,34800,43500,86200,42800,43400,206000,56000,150000,12400,
68,19,422250,249650,104250,145400,54000,24000,30000,39000,17250,21750,82050,34800,47250,74600,28200,46400,154000,64000,90000,18600,
68,20,544800,305000,139100,165900,55300,24000,31300,56400,23850,32550,120900,60450,60450,72400,30800,41600,215000,80000,135000,24800,
68,21,518100,284500,133350,151150,72000,30000,42000,32400,21600,10800,123900,56550,67350,56200,25200,31000,215000,80000,135000,18600,
68,22,510750,276150,129700,146450,63000,21000,42000,47700,23850,23850,82650,30450,52200,82800,54400,28400,216000,96000,120000,18600,
68,23,495085,295285,132150,163135,50835,25300,25535,48600,20400,28200,95850,47250,48600,100000,39200,60800,175000,40000,135000,24800,
68,24,514800,283000,130350,152650,62600,21000,41600,47700,21750,25950,99900,45600,54300,72800,42000,30800,207000,72000,135000,24800,
68,25,603050,317450,136400,181050,78000,33000,45000,67200,28200,39000,93450,34800,58650,78800,40400,38400,267000,72000,195000,18600,
68,26,448850,253250,138100,115150,48000,24000,24000,43500,17400,26100,114150,60300,53850,47600,36400,11200,177000,72000,105000,18600,
68,27,563700,293900,130750,163150,63000,27000,36000,54300,23850,30450,91200,36900,54300,85400,43000,42400,245000,80000,165000,24800,
68,28,486900,261300,119200,142100,60000,9000,51000,47700,21750,25950,73800,52050,21750,79800,36400,43400,207000,72000,135000,18600,
68,29,478335,277535,119600,157935,54235,24000,30235,47850,13050,34800,88050,43350,44700,87400,39200,48200,176000,56000,120000,24800,
68,30,492500,268700,112950,155750,45000,24000,21000,71550,25950,45600,90150,34800,55350,62000,28200,33800,199000,64000,135000,24800,
69,0,435585,273785,117440,156345,68585,24940,43645,21000,10500,10500,75600,42000,33600,108600,40000,68600,137000,32000,105000,24800,
69,1,434185,238585,112190,126395,68585,24940,43645,35700,16800,18900,53100,29850,23250,81200,40600,40600,177000,72000,105000,18600,
69,2,537325,320525,137710,182815,93525,37410,56115,33600,6300,27300,92400,42000,50400,101000,52000,49000,192000,72000,120000,24800,
69,3,506995,305395,142410,162985,105995,37410,68585,39900,14700,25200,73500,44100,29400,86000,46200,39800,183000,48000,135000,18600,
69,4,495820,294820,119375,175445,74820,31175,43645,44100,18900,25200,77700,23100,54600,98200,46200,52000,170000,80000,90000,31000,
69,5,462500,277700,107900,169800,56600,21000,35600,36300,19500,16800,70200,36600,33600,114600,30800,83800,160000,40000,120000,24800,
69,6,394095,222495,95590,126905,43645,24940,18705,33600,10500,23100,52650,25350,27300,92600,34800,57800,153000,48000,105000,18600,
69,7,499655,289055,139045,150010,81055,43645,37410,37800,14700,23100,54600,23100,31500,115600,57600,58000,192000,72000,120000,18600,
69,8,623110,335510,149895,185615,99760,43645,56115,42000,16800,25200,66150,43050,23100,127600,46400,81200,269000,104000,165000,18600,
69,9,496690,264890,107560,157330,87290,37410,49880,31500,12600,18900,76500,34350,42150,69600,23200,46400,207000,72000,135000,24800,
69,10,476805,288405,130225,158180,81055,31175,49880,35700,16800,18900,73650,35850,37800,98000,46400,51600,176000,56000,120000,12400,
69,11,449050,272250,132245,140005,62350,43645,18705,37800,14700,23100,69300,31500,37800,102800,42400,60400,152000,32000,120000,24800,
69,12,447920,301120,118640,182480,74820,24940,49880,37800,16800,21000,86100,39900,46200,102400,37000,65400,122000,32000,90000,24800,
69,13,474630,274630,114880,159750,112230,49880,62350,23100,6300,16800,65100,27300,37800,74200,31400,42800,169000,64000,105000,31000,
69,14,532555,299155,135960,163195,81055,37410,43645,39900,18900,21000,91200,44850,46350,87000,34800,52200,221000,56000,165000,12400,
69,15,406525,280725,129045,151680,93525,43645,49880,39900,16800,23100,73500,37800,35700,73800,30800,43000,101000,56000,45000,24800,
69,16,501505,276905,107125,169780,81055,31175,49880,29400,4200,25200,82650,42750,39900,83800,29000,54800,206000,56000,150000,18600,
69,17,465570,286970,123325,163645,74820,31175,43645,42000,18900,23100,100950,44250,56700,69200,29000,40200,160000,40000,120000,18600,
69,18,448255,263455,141980,121475,81055,49880,31175,39900,16800,23100,48300,27300,21000,94200,48000,46200,160000,40000,120000,24800,
69,19,466100,263500,126460,137040,62350,37410,24940,27300,12600,14700,69450,35850,33600,104400,40600,63800,184000,64000,120000,18600,
69,20,504895,309295,149345,159950,105995,43645,62350,29400,21000,8400,81900,35700,46200,92000,49000,43000,177000,72000,105000,18600,
69,21,382020,226220,115275,110945,74820,31175,43645,33600,10500,23100,46200,33600,12600,71600,40000,31600,131000,56000,75000,24800,
69,22,519170,279570,103725,175845,74820,31175,43645,42000,18900,23100,61950,30450,31500,100800,23200,77600,221000,56000,165000,18600,
69,23,440185,269385,105070,164315,68585,12470,56115,35700,10500,25200,69300,27300,42000,95800,54800,41000,146000,56000,90000,24800,
69,24,393860,245260,110980,134280,99760,49880,49880,31500,16800,14700,54600,18900,35700,59400,25400,34000,130000,40000,90000,18600,
69,25,468260,283460,124575,158885,99760,31175,68585,35700,14700,21000,67200,35700,31500,80800,43000,37800,160000,40000,120000,24800,
69,26,520355,303555,126340,177215,81055,24940,56115,39900,12600,27300,58800,25200,33600,123800,63600,60200,192000,72000,120000,24800,
69,27,488660,300260,150310,149950,99760,37410,62350,33600,12600,21000,69300,39900,29400,97600,60400,37200,176000,56000,120000,12400,
69,28,510450,278650,137110,141540,62350,37410,24940,37800,21000,16800,74100,38100,36000,104400,40600,63800,207000,72000,135000,24800,
69,29,505335,289535,141710,147825,68585,37410,31175,35700,14700,21000,101250,46200,55050,84000,43400,40600,191000,56000,135000,24800,
69,30,554675,292875,145160,147715,93525,37410,56115,31500,16800,14700,63450,44550,18900,104400,46400,58000,237000,72000,165000,24800,
70,0,537135,321135,159735,161400,67135,27235,39900,49800,30300,19500,105000,51000,54000,99200,51200,48000,185000,80000,105000,31000,
70,1,565495,318695,144845,173850,105995,43645,62350,31500,12600,18900,71400,33600,37800,109800,55000,54800,222000,72000,150000,24800,
70,2,470435,276635,140110,136525,68585,37410,31175,23100,10500,12600,92550,46200,46350,92400,46000,46400,169000,64000,105000,24800,
70,3,507020,298220,121750,176470,60470,12000,48470,52200,26100,26100,91350,55650,35700,94200,28000,66200,184000,64000,120000,24800,
70,4,483885,259285,104750,154535,45235,15000,30235,47700,23850,23850,101550,51900,49650,64800,14000,50800,206000,56000,150000,18600,
70,5,529075,303475,132250,171225,76175,15000,61175,49800,21600,28200,101100,64650,36450,76400,31000,45400,207000,72000,135000,18600,
70,6,442650,256850,126650,130200,69000,36000,33000,47550,17250,30300,66900,36600,30300,73400,36800,36600,161000,56000,105000,24800,
70,7,410905,249105,118485,130620,69705,30235,39470,40650,14700,25950,60150,34350,25800,78600,39200,39400,137000,32000,105000,24800,
70,8,557200,355600,125150,230450,76400,21000,55400,47850,19500,28350,106350,53850,52500,125000,30800,94200,183000,48000,135000,18600,
70,9,515850,293050,112300,180750,39000,6000,33000,59400,25950,33450,93450,49350,44100,101200,31000,70200,198000,48000,150000,24800,
70,10,466950,273150,125300,147850,43300,15000,28300,54150,28200,25950,81900,34500,47400,93800,47600,46200,169000,64000,105000,24800,
70,11,356050,221450,108350,113100,66000,30000,36000,36750,23850,12900,62700,23700,39000,56000,30800,25200,116000,56000,60000,18600,
70,12,492850,293050,147750,145300,66000,24000,42000,52950,24750,28200,92100,61800,30300,82000,37200,44800,175000,40000,135000,24800,
70,13,545300,291500,114250,177250,63000,27000,36000,48600,19500,29100,93900,39150,54750,86000,28600,57400,229000,64000,165000,24800,
70,14,518750,279150,136550,142600,48000,27000,21000,49800,23850,25950,91350,43500,47850,90000,42200,47800,221000,56000,165000,18600,
70,15,451235,293635,125335,168300,62835,27235,35600,40950,15150,25800,85050,49350,35700,104800,33600,71200,139000,64000,75000,18600,
70,16,494850,291250,134300,156950,66000,27000,39000,58500,23850,34650,94950,49650,45300,71800,33800,38000,185000,80000,105000,18600,
70,17,464550,271750,126000,145750,52300,27000,25300,62250,25950,36300,92400,36450,55950,64800,36600,28200,168000,48000,120000,24800,
70,18,460400,287800,119000,168800,68600,15000,53600,45600,21750,23850,78600,43050,35550,95000,39200,55800,154000,64000,90000,18600,
70,19,497300,288500,121350,167150,73300,27000,46300,28800,6300,22500,105600,62850,42750,80800,25200,55600,184000,64000,120000,24800,
70,20,450035,262635,119100,143535,54235,24000,30235,32550,15150,17400,105450,51750,53700,70400,28200,42200,175000,40000,135000,12400,
70,21,437655,310055,123820,186235,85205,36470,48735,43200,18000,25200,82650,38550,44100,99000,30800,68200,109000,64000,45000,18600,
70,22,387400,254600,101150,153450,55300,21000,34300,42900,25800,17100,72000,31950,40050,84400,22400,62000,108000,48000,60000,24800,
70,23,441500,238900,117200,121700,51000,15000,36000,47700,15150,32550,78000,56250,21750,62200,30800,31400,184000,64000,120000,18600,
70,24,462850,291250,114350,176900,55300,21000,34300,46650,21750,24900,93300,49200,44100,96000,22400,73600,153000,48000,105000,18600,
70,25,444300,257700,111800,145900,31300,12000,19300,43950,21750,22200,97050,47250,49800,85400,30800,54600,168000,48000,120000,18600,
70,26,490600,273000,117850,155150,85300,33000,52300,25950,13050,12900,117150,60600,56550,44600,11200,33400,199000,64000,135000,18600,
70,27,485400,283800,137750,146050,54000,27000,27000,49950,15150,34800,98850,54000,44850,81000,41600,39400,183000,48000,135000,18600,
70,28,454985,291185,132800,158385,67535,30000,37535,55050,23850,31200,95400,55350,40050,73200,23600,49600,139000,64000,75000,24800,
70,29,424620,215820,95770,120050,51470,18470,33000,39150,17400,21750,63000,26100,36900,62200,33800,28400,184000,64000,120000,24800,
70,30,532420,314820,122900,191920,69470,24000,45470,58050,21600,36450,98100,51900,46200,89200,25400,63800,199000,64000,135000,18600,
71,0,234035,129635,59350,70285,30235,12000,18235,23850,10800,13050,38550,19350,19200,37000,17200,19800,92000,32000,60000,12400,
71,1,515190,306390,134250,172140,72940,27000,45940,47250,16950,30300,96600,54300,42300,89600,36000,53600,184000,64000,120000,24800,
71,2,515135,306335,129835,176500,68835,27235,41600,49500,16950,32550,96600,52050,44550,91400,33600,57800,184000,64000,120000,24800,
71,3,501310,284510,125590,158920,99760,24940,74820,27300,14700,12600,82050,33750,48300,75400,52200,23200,192000,72000,120000,24800,
71,4,511655,302855,132085,170770,69705,27235,42470,48150,16950,31200,99000,54300,44700,86000,33600,52400,184000,64000,120000,24800,
71,5,518250,309450,132650,176800,72500,27000,45500,49500,16950,32550,96450,51900,44550,91000,36800,54200,184000,64000,120000,24800,
71,6,323050,189450,85700,103750,42000,18000,24000,34650,15150,19500,62400,30150,32250,50400,22400,28000,115000,40000,75000,18600,
71,7,237300,132900,60650,72250,30000,12000,18000,23850,10800,13050,45450,23850,21600,33600,14000,19600,92000,32000,60000,12400,
71,8,509575,300775,129835,170940,73175,27235,45940,51900,21600,30300,89700,47400,42300,86000,33600,52400,184000,64000,120000,24800,
71,9,519100,310300,132650,177650,69900,27000,42900,47250,16950,30300,99150,51900,47250,94000,36800,57200,184000,64000,120000,24800,
71,10,518250,309450,131850,177600,67300,27000,40300,56400,23850,32550,95550,47400,48150,90200,33600,56600,184000,64000,120000,24800,
71,11,516835,308035,129835,178200,71435,27235,44200,49500,16950,32550,99300,52050,47250,87800,33600,54200,184000,64000,120000,24800,
71,12,515250,306450,132650,173800,66000,27000,39000,51900,21600,30300,94350,47250,47100,94200,36800,57400,184000,64000,120000,24800,
71,13,321000,187400,83650,103750,42000,18000,24000,30000,12900,17100,64800,30150,34650,50600,22600,28000,115000,40000,75000,18600,
71,14,237300,132900,60650,72250,30000,12000,18000,23850,10800,13050,45450,23850,21600,33600,14000,19600,92000,32000,60000,12400,
71,15,514250,305450,131850,173600,67300,27000,40300,55050,23850,31200,92100,47400,44700,91000,33600,57400,184000,64000,120000,24800,
71,16,514320,305520,133050,172470,69470,27000,42470,54150,23850,30300,89700,47400,42300,92200,34800,57400,184000,64000,120000,24800,
71,17,516535,307735,129835,177900,67535,27235,40300,49500,16950,32550,99300,52050,47250,91400,33600,57800,184000,64000,120000,24800,
71,18,518450,309650,131850,177800,69900,27000,42900,56400,23850,32550,91950,47400,44550,91400,33600,57800,184000,64000,120000,24800,
71,19,513350,304550,131850,172700,67300,27000,40300,54150,23850,30300,92100,47400,44700,91000,33600,57400,184000,64000,120000,24800,
71,20,323050,189450,85700,103750,42000,18000,24000,34650,15150,19500,62400,30150,32250,50400,22400,28000,115000,40000,75000,18600,
71,21,237300,132900,60650,72250,30000,12000,18000,23850,10800,13050,45450,23850,21600,33600,14000,19600,92000,32000,60000,12400,
71,22,511635,302835,129835,173000,66235,27235,39000,51900,21600,30300,92100,47400,44700,92600,33600,59000,184000,64000,120000,24800,
71,23,517350,308550,131850,176700,71200,27000,44200,56400,23850,32550,91950,47400,44550,89000,33600,55400,184000,64000,120000,24800,
71,24,513520,304720,131850,172870,69470,27000,42470,54150,23850,30300,89700,47400,42300,91400,33600,57800,184000,64000,120000,24800,
71,25,519500,310700,131850,178850,73800,27000,46800,54150,23850,30300,91950,47400,44550,90800,33600,57200,184000,64000,120000,24800,
71,26,512340,303540,132600,170940,72940,27000,45940,51900,21600,30300,89700,47400,42300,89000,36600,52400,184000,64000,120000,24800,
71,27,323050,189450,85700,103750,42000,18000,24000,34650,15150,19500,62400,30150,32250,50400,22400,28000,115000,40000,75000,18600,
71,28,237300,132900,60650,72250,30000,12000,18000,23850,10800,13050,45450,23850,21600,33600,14000,19600,92000,32000,60000,12400,
71,29,513250,304450,131850,172600,66000,27000,39000,50400,19200,31200,97050,52050,45000,91000,33600,57400,184000,64000,120000,24800,
71,30,514850,306050,131850,174200,71200,27000,44200,54150,23850,30300,89700,47400,42300,91000,33600,57400,184000,64000,120000,24800,
72,0,487885,263085,111260,151825,68585,37410,31175,31500,8400,23100,52800,19050,33750,110200,46400,63800,200000,80000,120000,24800,
72,1,572415,308815,137055,171760,56115,18705,37410,27300,16800,10500,97800,49350,48450,127600,52200,75400,245000,80000,165000,18600,
72,2,532025,306425,156745,149680,93525,43645,49880,39900,16800,23100,54600,35700,18900,118400,60600,57800,207000,72000,135000,18600,
72,3,429360,249760,103775,145985,99760,31175,68585,48300,16800,31500,61500,38400,23100,40200,17400,22800,161000,56000,105000,18600,
72,4,474090,263490,111475,152015,87290,31175,56115,33600,14700,18900,36000,19200,16800,106600,46400,60200,192000,72000,120000,18600,
72,5,434405,270605,101155,169450,81055,18705,62350,29400,16800,12600,86550,42450,44100,73600,23200,50400,139000,64000,75000,24800,
72,6,401920,256120,85275,170845,74820,31175,43645,44100,12600,31500,58800,18900,39900,78400,22600,55800,121000,16000,105000,24800,
72,7,478260,270460,123915,146545,99760,56115,43645,23100,14700,8400,67200,27300,39900,80400,25800,54600,183000,48000,135000,24800,
72,8,553495,306695,131975,174720,105995,31175,74820,33600,14700,18900,63300,33900,29400,103800,52200,51600,222000,72000,150000,24800,
72,9,464960,302160,106875,195285,108360,31175,77185,31500,14700,16800,73500,29400,44100,88800,31600,57200,138000,48000,90000,24800,
72,10,514125,297325,117840,179485,93525,24940,68585,42000,16800,25200,78000,29700,48300,83800,46400,37400,192000,72000,120000,24800,
72,11,560460,298660,113505,185155,99760,18705,81055,35700,8400,27300,68400,51600,16800,94800,34800,60000,237000,72000,165000,24800,
72,12,492270,305670,123255,182415,74820,18705,56115,52500,21000,31500,73950,48750,25200,104400,34800,69600,168000,48000,120000,18600,
72,13,430430,258830,133080,125750,112230,49880,62350,37800,21000,16800,54600,33600,21000,54200,28600,25600,153000,48000,105000,18600,
72,14,446795,276995,123145,153850,105995,43645,62350,25200,12600,12600,58800,35700,23100,87000,31200,55800,145000,40000,105000,24800,
72,15,482710,280110,128560,151550,99760,37410,62350,27300,12600,14700,61050,37950,23100,92000,40600,51400,184000,64000,120000,18600,
72,16,496620,258820,104440,154380,74820,24940,49880,39900,23100,16800,48900,21600,27300,95200,34800,60400,213000,48000,165000,24800,
72,17,518895,316295,154945,161350,105995,43645,62350,37800,18900,18900,94500,46200,48300,78000,46200,31800,184000,64000,120000,18600,
72,18,452650,236050,110310,125740,62350,37410,24940,29400,14700,14700,57300,23400,33900,87000,34800,52200,198000,48000,150000,18600,
72,19,524925,306325,137845,168480,93525,43645,49880,42000,16800,25200,78000,25200,52800,92800,52200,40600,200000,80000,120000,18600,
72,20,524240,299440,127190,172250,87290,24940,62350,29400,12600,16800,67350,31650,35700,115400,58000,57400,200000,80000,120000,24800,
72,21,470910,281510,129790,151720,99760,24940,74820,33600,12600,21000,84750,57450,27300,63400,34800,28600,177000,72000,105000,12400,
72,22,464560,261960,127645,134315,99760,43645,56115,39900,16800,23100,35700,21000,14700,86600,46200,40400,184000,64000,120000,18600,
72,23,533990,302190,127045,175145,87290,43645,43645,35700,12600,23100,86400,36000,50400,92800,34800,58000,207000,72000,135000,24800,
72,24,372390,239590,106645,132945,87290,43645,43645,35700,12600,23100,46200,16800,29400,70400,33600,36800,108000,48000,60000,24800,
72,25,484795,254795,123190,131605,43645,24940,18705,44100,18900,25200,91650,44550,47100,75400,34800,40600,199000,64000,135000,31000,
72,26,449690,277090,121210,155880,87290,37410,49880,27300,14700,12600,65100,31500,33600,97400,37600,59800,154000,64000,90000,18600,
72,27,492395,312795,138010,174785,105995,37410,68585,35700,16800,18900,81900,46200,35700,89200,37600,51600,161000,56000,105000,18600,
72,28,492960,291160,138645,152515,99760,43645,56115,35700,14700,21000,77700,39900,37800,78000,40400,37600,177000,72000,105000,24800,
72,29,495805,278205,119725,158480,81055,31175,49880,46200,18900,27300,87150,40650,46500,63800,29000,34800,199000,64000,135000,18600,
72,30,453290,288690,114540,174150,87290,24940,62350,29400,12600,16800,79800,33600,46200,92200,43400,48800,146000,56000,90000,18600,
73,0,471525,286725,142510,144215,93525,37410,56115,27300,10500,16800,86100,46200,39900,79800,48400,31400,160000,40000,120000,24800,
73,1,494400,285600,113920,171680,62350,12470,49880,46200,16800,29400,76050,38250,37800,101000,46400,54600,184000,64000,120000,24800,
73,2,505860,296260,135080,161180,99760,49880,49880,42000,14700,27300,65100,27300,37800,89400,43200,46200,191000,56000,135000,18600,
73,3,438860,277060,133010,144050,99760,37410,62350,37800,16800,21000,65100,42000,23100,74400,36800,37600,137000,32000,105000,24800,
73,4,482925,281325,114575,166750,93525,31175,62350,27300,10500,16800,80100,38100,42000,80400,34800,45600,183000,48000,135000,18600,
73,5,520355,326555,129705,196850,81055,18705,62350,42000,16800,25200,77700,42000,35700,125800,52200,73600,169000,64000,105000,24800,
73,6,514270,273670,129810,143860,74820,37410,37410,39900,16800,23100,66150,23400,42750,92800,52200,40600,222000,72000,150000,18600,
73,7,493225,299425,132845,166580,93525,43645,49880,33600,14700,18900,77700,39900,37800,94600,34600,60000,169000,64000,105000,24800,
73,8,473535,263935,127690,136245,68585,24940,43645,42000,18900,23100,54750,31650,23100,98600,52200,46400,191000,56000,135000,18600,
73,9,470605,261805,135845,125960,81055,43645,37410,29400,14700,14700,58950,31500,27450,92400,46000,46400,184000,64000,120000,24800,
73,10,448690,263890,107510,156380,87290,37410,49880,31500,14700,16800,65100,29400,35700,80000,26000,54000,160000,40000,120000,24800,
73,11,541830,317030,109010,208020,112230,37410,74820,37800,16800,21000,76200,25800,50400,90800,29000,61800,200000,80000,120000,24800,
73,12,425720,254120,129675,124445,74820,31175,43645,35700,14700,21000,46200,29400,16800,97400,54400,43000,153000,48000,105000,18600,
73,13,471895,295095,126115,168980,105995,56115,49880,39900,10500,29400,63000,39900,23100,86200,19600,66600,152000,32000,120000,24800,
73,14,508640,277840,140575,137265,87290,31175,56115,25200,14700,10500,101550,65700,35850,63800,29000,34800,206000,56000,150000,24800,
73,15,441300,263500,110790,152710,62350,24940,37410,35700,16800,18900,82050,40050,42000,83400,29000,54400,153000,48000,105000,24800,
73,16,547595,322995,136245,186750,105995,43645,62350,37800,18900,18900,75600,27300,48300,103600,46400,57200,206000,56000,150000,18600,
73,17,466180,248580,108205,140375,49880,18705,31175,39900,16800,23100,83400,49500,33900,75400,23200,52200,199000,64000,135000,18600,
73,18,407455,275655,108110,167545,81055,37410,43645,50400,16800,33600,67200,23100,44100,77000,30800,46200,107000,32000,75000,24800,
73,19,501725,314125,134710,179415,93525,37410,56115,35700,16800,18900,86100,31500,54600,98800,49000,49800,169000,64000,105000,18600,
73,20,424020,254220,101275,152945,74820,31175,43645,35700,14700,21000,69300,21000,48300,74400,34400,40000,145000,40000,105000,24800,
73,21,540825,317025,142780,174245,93525,49880,43645,37800,18900,18900,81900,33600,48300,103800,40400,63400,199000,64000,135000,24800,
73,22,506525,304725,130510,174215,93525,37410,56115,42000,18900,23100,79800,33600,46200,89400,40600,48800,177000,72000,105000,24800,
73,23,505690,297090,131210,165880,87290,37410,49880,37800,10500,27300,79800,39900,39900,92200,43400,48800,190000,40000,150000,18600,
73,24,531160,344360,153675,190685,99760,31175,68585,33600,16800,16800,88200,48300,39900,122800,57400,65400,162000,72000,90000,24800,
73,25,500245,306445,104355,202090,105995,18705,87290,37800,21000,16800,71850,29850,42000,90800,34800,56000,169000,64000,105000,24800,
73,26,413955,250155,115475,134680,81055,31175,49880,29400,8400,21000,65100,35700,29400,74600,40200,34400,139000,64000,75000,24800,
73,27,565115,318315,120460,197855,118465,37410,81055,29400,6300,23100,59250,36150,23100,111200,40600,70600,222000,72000,150000,24800,
73,28,463825,286025,127545,158480,93525,43645,49880,14700,6300,8400,84000,37800,46200,93800,39800,54000,153000,48000,105000,24800,
73,29,465055,272255,116545,155710,81055,43645,37410,44100,16800,27300,60900,18900,42000,86200,37200,49000,168000,48000,120000,24800,
73,30,501190,285390,143110,142280,87290,37410,49880,31500,16800,14700,63000,48300,14700,103600,40600,63000,191000,56000,135000,24800,
74,0,542890,301490,146545,154945,87290,43645,43645,31500,14700,16800,78300,36000,42300,104400,52200,52200,229000,64000,165000,12400,
74,1,502185,290585,130310,160275,68585,37410,31175,39900,16800,23100,54900,29700,25200,127200,46400,80800,193000,88000,105000,18600,
74,2,538365,320565,158645,161920,118465,43645,74820,16800,12600,4200,73500,33600,39900,111800,68800,43000,193000,88000,105000,24800,
74,3,464555,301955,132510,169445,81055,37410,43645,42000,18900,23100,86100,33600,52500,92800,42600,50200,144000,24000,120000,18600,
74,4,516560,298760,125375,173385,99760,31175,68585,21000,8400,12600,88800,51000,37800,89200,34800,54400,193000,88000,105000,24800,
74,5,521335,298735,122755,175980,68585,18705,49880,46200,18900,27300,78150,44550,33600,105800,40600,65200,204000,24000,180000,18600,
74,6,380390,251790,116610,135180,87290,37410,49880,37800,12600,25200,52500,37800,14700,74200,28800,45400,110000,80000,30000,18600,
74,7,443920,240520,91770,148750,74820,12470,62350,33600,10500,23100,42900,28200,14700,89200,40600,48600,191000,56000,135000,12400,
74,8,453855,253055,104145,148910,81055,43645,37410,44100,23100,21000,44100,8400,35700,83800,29000,54800,176000,56000,120000,24800,
74,9,437835,243235,120540,122695,68585,24940,43645,35700,16800,18900,46350,21000,25350,92600,57800,34800,176000,56000,120000,18600,
74,10,529130,325530,141145,184385,112230,43645,68585,31500,14700,16800,75600,33600,42000,106200,49200,57000,185000,80000,105000,18600,
74,11,376455,234855,103810,131045,81055,37410,43645,33600,16800,16800,54600,21000,33600,65600,28600,37000,123000,48000,75000,18600,
74,12,537515,334915,117625,217290,118465,31175,87290,25200,10500,14700,77850,29550,48300,113400,46400,67000,184000,64000,120000,18600,
74,13,457620,264820,113405,151415,74820,18705,56115,33600,18900,14700,50400,21000,29400,106000,54800,51200,168000,48000,120000,24800,
74,14,566805,333205,149725,183480,81055,31175,49880,42000,21000,21000,79950,33750,46200,130200,63800,66400,215000,80000,135000,18600,
74,15,486660,284860,136545,148315,99760,43645,56115,25200,12600,12600,48300,31500,16800,111600,48800,62800,177000,72000,105000,24800,
74,16,550565,319765,131580,188185,118465,49880,68585,33600,14700,18900,65100,29400,35700,102600,37600,65000,206000,56000,150000,24800,
74,17,522590,283790,111540,172250,87290,24940,62350,29400,14700,14700,80700,42900,37800,86400,29000,57400,214000,64000,150000,24800,
74,18,489325,279725,127910,151815,93525,37410,56115,31500,16800,14700,65100,27300,37800,89600,46400,43200,191000,56000,135000,18600,
74,19,551940,298140,126540,171600,87290,24940,62350,46200,16800,29400,89250,38400,50850,75400,46400,29000,229000,64000,165000,24800,
74,20,512700,318100,139120,178980,62350,12470,49880,46200,18900,27300,115950,61350,54600,93600,46400,47200,176000,56000,120000,18600,
74,21,549975,325375,138560,186815,93525,37410,56115,37800,16800,21000,77850,37950,39900,116200,46400,69800,206000,56000,150000,18600,
74,22,608990,308190,162495,145695,87290,43645,43645,39900,16800,23100,88200,38250,49950,92800,63800,29000,276000,96000,180000,24800,
74,23,538495,327895,144645,183250,105995,43645,62350,37800,16800,21000,77700,37800,39900,106400,46400,60000,192000,72000,120000,18600,
74,24,471625,292825,118740,174085,93525,24940,68585,31500,8400,23100,75600,42000,33600,92200,43400,48800,154000,64000,90000,24800,
74,25,527800,348000,153580,194420,124700,49880,74820,33600,14700,18900,77700,37800,39900,112000,51200,60800,155000,80000,75000,24800,
74,26,469385,288785,118175,170610,68585,31175,37410,44100,18900,25200,60900,18900,42000,115200,49200,66000,162000,72000,90000,18600,
74,27,497925,291125,118210,172915,93525,37410,56115,29400,10500,18900,75600,27300,48300,92600,43000,49600,182000,32000,150000,24800,
74,28,490750,303950,104360,199590,129000,37410,91590,23100,6300,16800,65250,31650,33600,86600,29000,57600,162000,72000,90000,24800,
74,29,491560,282760,122110,160650,99760,37410,62350,46200,16800,29400,58800,27300,31500,78000,40600,37400,184000,64000,120000,24800,
74,30,497260,310660,138880,171780,99760,49880,49880,35700,4200,31500,88200,42000,46200,87000,42800,44200,168000,48000,120000,18600,
75,0,421685,272885,107050,165835,57235,21000,36235,52200,26100,26100,76050,40350,35700,87400,19600,67800,124000,64000,60000,24800,
75,1,493650,291050,127600,163450,50600,24000,26600,49800,23850,25950,103050,51750,51300,87600,28000,59600,184000,64000,120000,18600,
75,2,553200,328400,134050,194350,63000,24000,39000,45450,23850,21600,119550,58200,61350,100400,28000,72400,200000,80000,120000,24800,
75,3,424400,297800,121700,176100,79400,28300,51100,36150,15150,21000,86850,40650,46200,95400,37600,57800,108000,48000,60000,18600,
75,4,491000,288400,134850,153550,63000,27000,36000,58500,19500,39000,101100,43350,57750,65800,45000,20800,184000,64000,120000,18600,
75,5,389900,235100,86200,148900,43300,15000,28300,35550,10800,24750,86250,40800,45450,70000,19600,50400,130000,40000,90000,24800,
75,6,414635,265835,137450,128385,70535,31300,39235,31200,24750,6450,102900,42600,60300,61200,38800,22400,124000,64000,60000,24800,
75,7,444600,258000,100900,157100,68600,24000,44600,45450,15150,30300,75750,21750,54000,68200,40000,28200,168000,48000,120000,18600,
75,8,502750,270150,119100,151050,61300,18000,43300,59550,26100,33450,101700,58200,43500,47600,16800,30800,214000,64000,150000,18600,
75,9,432385,289785,137350,152435,57735,21000,36735,48300,28800,19500,97950,55350,42600,85800,32200,53600,124000,64000,60000,18600,
75,10,520350,266550,117400,149150,57000,24000,33000,52050,25950,26100,95700,47850,47850,61800,19600,42200,229000,64000,165000,24800,
75,11,492205,344405,115885,228520,88705,18235,70470,44400,15000,29400,97500,40650,56850,113800,42000,71800,123000,48000,75000,24800,
75,12,533750,316150,142250,173900,77200,34300,42900,63750,21600,42150,73200,49950,23250,102000,36400,65600,199000,64000,135000,18600,
75,13,463950,283550,104450,179100,68600,15000,53600,43950,15150,28800,82200,43500,38700,88800,30800,58000,168000,48000,120000,12400,
75,14,463870,255070,105800,149270,69470,24000,45470,63750,25950,37800,62850,30450,32400,59000,25400,33600,184000,64000,120000,24800,
75,15,473350,255750,117350,138400,57000,33000,24000,45600,19500,26100,82350,30450,51900,70800,34400,36400,199000,64000,135000,18600,
75,16,437100,255700,121600,134100,72000,27000,45000,26100,4350,21750,69600,47850,21750,88000,42400,45600,169000,64000,105000,12400,
75,17,403500,232700,100200,132500,52300,21000,31300,43500,21750,21750,75300,32250,43050,61600,25200,36400,146000,56000,90000,24800,
75,18,509205,294405,127700,166705,69705,30000,39705,49950,19500,30450,98550,47400,51150,76200,30800,45400,190000,40000,150000,24800,
75,19,461185,291385,124000,167385,85135,25300,59835,43200,21750,21450,67650,31950,35700,95400,45000,50400,145000,40000,105000,24800,
75,20,511500,302700,134850,167850,73300,30000,43300,58650,23850,34800,91950,55800,36150,78800,25200,53600,184000,64000,120000,24800,
75,21,499940,297340,127800,169540,63940,27000,36940,52050,30450,21600,106950,45150,61800,74400,25200,49200,184000,64000,120000,18600,
75,22,435785,262985,114000,148985,60235,24000,36235,50850,21750,29100,90300,34650,55650,61600,33600,28000,148000,88000,60000,24800,
75,23,438385,272985,130700,142285,63235,33000,30235,54300,23850,30450,98250,51450,46800,57200,22400,34800,153000,48000,105000,12400,
75,24,529635,359035,167400,191635,87335,35200,52135,37800,21000,16800,93300,50400,42900,140600,60800,79800,152000,32000,120000,18600,
75,25,447500,289900,116650,173250,80200,24000,56200,50850,19500,31350,58650,36750,21900,100200,36400,63800,139000,64000,75000,18600,
75,26,528800,289800,106900,182900,42000,21000,21000,30450,17400,13050,90150,19500,70650,127200,49000,78200,208000,88000,120000,31000,
75,27,494550,309750,135850,173900,61300,24000,37300,48450,21750,26700,108000,51300,56700,92000,38800,53200,160000,40000,120000,24800,
75,28,565085,331485,149335,182150,73135,27235,45900,62850,17250,45600,126900,62850,64050,68600,42000,26600,215000,80000,135000,18600,
75,29,474600,272000,123800,148200,39000,30000,9000,53850,21750,32100,86550,41250,45300,92600,30800,61800,184000,64000,120000,18600,
75,30,534650,314250,133450,180800,58300,18000,40300,45450,19500,25950,105900,56550,49350,104600,39400,65200,208000,88000,120000,12400,
76,0,454285,253485,114640,138845,68585,24940,43645,35700,14700,21000,65400,40200,25200,83800,34800,49000,176000,56000,120000,24800,
76,1,509075,277275,124945,152330,93525,43645,49880,44100,18900,25200,70050,27600,42450,69600,34800,34800,207000,72000,135000,24800,
76,2,502280,291680,125740,165940,49880,24940,24940,29400,14700,14700,73800,33900,39900,138600,52200,86400,192000,72000,120000,18600,
76,3,437125,295525,141345,154180,93525,43645,49880,29400,12600,16800,88200,48300,39900,84400,36800,47600,123000,48000,75000,18600,
76,4,448860,270060,133610,136450,99760,37410,62350,37800,16800,21000,52500,33600,18900,80000,45800,34200,154000,64000,90000,24800,
76,5,471320,265320,114510,150810,74820,37410,37410,35700,16800,18900,63000,23100,39900,91800,37200,54600,175000,40000,135000,31000,
76,6,526300,299700,139950,159750,64300,24000,40300,58650,32550,26100,99750,49800,49950,77000,33600,43400,208000,88000,120000,18600,
76,7,448255,289855,120775,169080,81055,31175,49880,35700,14700,21000,69300,31500,37800,103800,43400,60400,146000,56000,90000,12400,
76,8,412085,263485,104340,159145,68585,24940,43645,35700,14700,21000,75600,35700,39900,83600,29000,54600,130000,40000,90000,18600,
76,9,474805,282005,127960,154045,81055,37410,43645,33600,18900,14700,92550,48450,44100,74800,23200,51600,168000,48000,120000,24800,
76,10,419405,278405,104620,173785,81055,12470,68585,37800,27300,10500,67350,35850,31500,92200,29000,63200,110000,80000,30000,31000,
76,11,476640,296040,104655,191385,87290,18705,68585,35700,14700,21000,61050,19050,42000,112000,52200,59800,162000,72000,90000,18600,
76,12,486420,239620,115025,124595,74820,31175,43645,31500,10500,21000,75300,38550,36750,58000,34800,23200,222000,72000,150000,24800,
76,13,454240,246440,121210,125230,87290,37410,49880,37800,14700,23100,46350,23100,23250,75000,46000,29000,183000,48000,135000,24800,
76,14,474835,287235,123190,164045,68585,24940,43645,25200,10500,14700,101250,52950,48300,92200,34800,57400,169000,64000,105000,18600,
76,15,445230,309830,128850,180980,112230,62350,49880,27300,6300,21000,73500,29400,44100,96800,30800,66000,123000,48000,75000,12400,
76,16,482440,279840,129425,150415,87290,31175,56115,46200,18900,27300,73950,44550,29400,72400,34800,37600,184000,64000,120000,18600,
76,17,401825,296225,122245,173980,93525,43645,49880,35700,12600,23100,79800,29400,50400,87200,36600,50600,87000,72000,15000,18600,
76,18,455230,277430,112410,165020,116530,37410,79120,31500,16800,14700,63000,29400,33600,66400,28800,37600,153000,48000,105000,24800,
76,19,522865,282265,95040,187225,118465,24940,93525,27750,19350,8400,53250,21750,31500,82800,29000,53800,222000,72000,150000,18600,
76,20,438705,243105,107125,135980,81055,31175,49880,46200,23100,23100,23250,6450,16800,92600,46400,46200,177000,72000,105000,18600,
76,21,372820,256020,99775,156245,83420,31175,52245,25200,8400,16800,71400,37800,33600,76000,22400,53600,92000,32000,60000,24800,
76,22,377950,250350,114310,136040,62350,37410,24940,39900,14700,25200,73500,33600,39900,74600,28600,46000,109000,64000,45000,18600,
76,23,502530,325730,140645,185085,116530,43645,72885,37800,23100,14700,88200,39900,48300,83200,34000,49200,152000,32000,120000,24800,
76,24,485960,322160,134545,187615,99760,43645,56115,29400,14700,14700,71400,33600,37800,121600,42600,79000,139000,64000,75000,24800,
76,25,457680,256880,118840,138040,49880,24940,24940,42000,12600,29400,95400,46500,48900,69600,34800,34800,176000,56000,120000,24800,
76,26,518000,323400,136110,187290,124700,37410,87290,35700,18900,16800,67200,33600,33600,95800,46200,49600,176000,56000,120000,18600,
76,27,413690,272890,123910,148980,87290,37410,49880,48300,18900,29400,77700,33600,44100,59600,34000,25600,116000,56000,60000,24800,
76,28,408955,269155,117240,151915,81055,24940,56115,35700,18900,16800,63000,33600,29400,89400,39800,49600,115000,40000,75000,24800,
76,29,397790,278190,123475,154715,87290,31175,56115,25200,12600,12600,81900,48300,33600,83800,31400,52400,101000,56000,45000,18600,
76,30,507670,277670,120660,157010,74820,37410,37410,33600,14700,18900,73650,33750,39900,95600,34800,60800,199000,64000,135000,31000,
77,0,524400,283000,136200,146800,57000,27000,30000,45600,21750,23850,104400,47850,56550,76000,39600,36400,229000,64000,165000,12400,
77,1,510725,286925,125810,161115,93525,37410,56115,35700,10500,25200,65100,31500,33600,92600,46400,46200,199000,64000,135000,24800,
77,2,522050,304250,152700,151550,78000,30000,48000,20250,16050,4200,104400,47850,56550,101600,58800,42800,193000,88000,105000,24800,
77,3,444750,282150,122700,159450,52300,24000,28300,49350,23700,25650,90900,38400,52500,89600,36600,53000,144000,24000,120000,18600,
77,4,506850,289050,119150,169900,75500,21000,54500,28200,13050,15150,114750,62700,52050,70600,22400,48200,193000,88000,105000,24800,
77,5,502085,279485,112650,166835,45235,12000,33235,63900,26100,37800,82950,49350,33600,87400,25200,62200,204000,24000,180000,18600,
77,6,372250,243650,110900,132750,61300,24000,37300,55200,17400,37800,64350,47100,17250,62800,22400,40400,110000,80000,30000,18600,
77,7,431770,228370,89470,138900,54470,12470,42000,47700,15150,32550,52200,30450,21750,74000,31400,42600,191000,56000,135000,12400,
77,8,443300,242500,101200,141300,55300,30000,25300,58350,32550,25800,62850,13050,49800,66000,25600,40400,176000,56000,120000,24800,
77,9,421450,226850,116550,110300,45000,18000,27000,52200,26100,26100,65250,30450,34800,64400,42000,22400,176000,56000,120000,18600,
77,10,516350,312750,135850,176900,76300,30000,46300,42000,19500,22500,97650,49950,47700,96800,36400,60400,185000,80000,105000,18600,
77,11,360935,219335,96050,123285,54235,24000,30235,45450,23850,21600,66450,25800,40650,53200,22400,30800,123000,48000,75000,18600,
77,12,525450,322850,111400,211450,84500,21000,63500,28650,12900,15750,94500,43500,51000,115200,34000,81200,184000,64000,120000,18600,
77,13,450835,258035,110250,147785,56435,12000,44435,47700,28200,19500,66900,28050,38850,87000,42000,45000,168000,48000,120000,24800,
77,14,549250,315650,138150,177500,52300,18000,34300,58500,30300,28200,103650,47850,55800,101200,42000,59200,215000,80000,135000,18600,
77,15,471350,269550,131600,137950,66000,30000,36000,33300,15900,17400,65250,43500,21750,105000,42200,62800,177000,72000,105000,24800,
77,16,540650,309850,124050,185800,85800,33000,52800,47700,21600,26100,79350,41250,38100,97000,28200,68800,206000,56000,150000,24800,
77,17,511985,273185,109150,164035,60235,18000,42235,41250,21750,19500,101700,49800,51900,70000,19600,50400,214000,64000,150000,24800,
77,18,473850,264250,120800,143450,66000,27000,39000,44250,23850,20400,91200,39150,52050,62800,30800,32000,191000,56000,135000,18600,
77,19,535085,281285,120300,160985,57235,15000,42235,65100,23850,41250,105750,47850,57900,53200,33600,19600,229000,64000,165000,24800,
77,20,501650,307050,134150,172900,42000,9000,33000,67350,28200,39150,120900,66150,54750,76800,30800,46000,176000,56000,120000,18600,
77,21,533805,309205,126350,182855,66705,24000,42705,52200,21750,30450,89700,49800,39900,100600,30800,69800,206000,56000,150000,18600,
77,22,597500,296700,155200,141500,60000,30000,30000,56400,23850,32550,99900,49950,49950,80400,51400,29000,276000,96000,180000,24800,
77,23,528800,318200,132200,186000,77200,27000,50200,52050,21600,30450,91950,49800,42150,97000,33800,63200,192000,72000,120000,18600,
77,24,457635,278835,113450,165385,63235,18000,45235,43350,10800,32550,87450,53850,33600,84800,30800,54000,154000,64000,90000,24800,
77,25,516350,336550,149350,187200,86200,35600,50600,41700,19500,22200,85650,44850,40800,123000,49400,73600,155000,80000,75000,24800,
77,26,459400,278800,112800,166000,50600,24000,26600,60900,26100,34800,72900,26100,46800,94400,36600,57800,162000,72000,90000,18600,
77,27,486600,279800,112950,166850,62600,24000,38600,39000,15150,23850,91800,39000,52800,86400,34800,51600,182000,32000,150000,24800,
77,28,478750,291950,96600,195350,92200,24000,68200,28200,6300,21900,78150,43500,34650,93400,22800,70600,162000,72000,90000,24800,
77,29,475450,266650,115750,150900,69000,27000,42000,62850,21600,41250,75600,39150,36450,59200,28000,31200,184000,64000,120000,24800,
77,30,482885,296285,129385,166900,68835,33235,35600,48450,4200,44250,105600,58350,47250,73400,33600,39800,168000,48000,120000,18600,
78,0,542890,301490,146545,154945,87290,43645,43645,31500,14700,16800,78300,36000,42300,104400,52200,52200,229000,64000,165000,12400,
78,1,491060,279460,128430,151030,99760,49880,49880,31500,12600,18900,61200,25350,35850,87000,40600,46400,193000,88000,105000,18600,
78,2,538365,320565,158645,161920,118465,43645,74820,16800,12600,4200,73500,33600,39900,111800,68800,43000,193000,88000,105000,24800,
78,3,464555,301955,132510,169445,81055,37410,43645,42000,18900,23100,86100,33600,52500,92800,42600,50200,144000,24000,120000,18600,
78,4,404190,279390,126910,152480,91590,41710,49880,37800,18900,18900,67200,31500,35700,82800,34800,48000,100000,40000,60000,24800,
78,5,485775,283175,128125,155050,93525,31175,62350,46200,18900,27300,56850,31650,25200,86600,46400,40200,184000,64000,120000,18600,
78,6,454650,276850,139540,137310,62350,24940,37410,44100,23100,21000,75600,48300,27300,94800,43200,51600,153000,48000,105000,24800,
78,7,470860,306260,150845,155415,99760,43645,56115,37800,18900,18900,69300,39900,29400,99400,48400,51000,146000,56000,90000,18600,
78,8,453855,253055,104145,148910,81055,43645,37410,44100,23100,21000,44100,8400,35700,83800,29000,54800,176000,56000,120000,24800,
78,9,437835,243235,120540,122695,68585,24940,43645,35700,16800,18900,46350,21000,25350,92600,57800,34800,176000,56000,120000,18600,
78,10,529130,325530,141145,184385,112230,43645,68585,31500,14700,16800,75600,33600,42000,106200,49200,57000,185000,80000,105000,18600,
78,11,376455,234855,103810,131045,81055,37410,43645,33600,16800,16800,54600,21000,33600,65600,28600,37000,123000,48000,75000,18600,
78,12,537515,334915,117625,217290,118465,31175,87290,25200,10500,14700,77850,29550,48300,113400,46400,67000,184000,64000,120000,18600,
78,13,457620,264820,113405,151415,74820,18705,56115,33600,18900,14700,50400,21000,29400,106000,54800,51200,168000,48000,120000,24800,
78,14,566805,333205,149725,183480,81055,31175,49880,42000,21000,21000,79950,33750,46200,130200,63800,66400,215000,80000,135000,18600,
78,15,486660,284860,136545,148315,99760,43645,56115,25200,12600,12600,48300,31500,16800,111600,48800,62800,177000,72000,105000,24800,
78,16,550565,319765,131580,188185,118465,49880,68585,33600,14700,18900,65100,29400,35700,102600,37600,65000,206000,56000,150000,24800,
78,17,522590,283790,111540,172250,87290,24940,62350,29400,14700,14700,80700,42900,37800,86400,29000,57400,214000,64000,150000,24800,
78,18,489325,279725,127910,151815,93525,37410,56115,31500,16800,14700,65100,27300,37800,89600,46400,43200,191000,56000,135000,18600,
78,19,551940,298140,126540,171600,87290,24940,62350,46200,16800,29400,89250,38400,50850,75400,46400,29000,229000,64000,165000,24800,
78,20,512700,318100,139120,178980,62350,12470,49880,46200,18900,27300,115950,61350,54600,93600,46400,47200,176000,56000,120000,18600,
78,21,549975,325375,138560,186815,93525,37410,56115,37800,16800,21000,77850,37950,39900,116200,46400,69800,206000,56000,150000,18600,
78,22,608990,308190,162495,145695,87290,43645,43645,39900,16800,23100,88200,38250,49950,92800,63800,29000,276000,96000,180000,24800,
78,23,538495,327895,144645,183250,105995,43645,62350,37800,16800,21000,77700,37800,39900,106400,46400,60000,192000,72000,120000,18600,
78,24,471625,292825,118740,174085,93525,24940,68585,31500,8400,23100,75600,42000,33600,92200,43400,48800,154000,64000,90000,24800,
78,25,527800,348000,153580,194420,124700,49880,74820,33600,14700,18900,77700,37800,39900,112000,51200,60800,155000,80000,75000,24800,
78,26,469385,288785,118175,170610,68585,31175,37410,44100,18900,25200,60900,18900,42000,115200,49200,66000,162000,72000,90000,18600,
78,27,497925,291125,118210,172915,93525,37410,56115,29400,10500,18900,75600,27300,48300,92600,43000,49600,182000,32000,150000,24800,
78,28,490750,303950,104360,199590,129000,37410,91590,23100,6300,16800,65250,31650,33600,86600,29000,57600,162000,72000,90000,24800,
78,29,491560,282760,122110,160650,99760,37410,62350,46200,16800,29400,58800,27300,31500,78000,40600,37400,184000,64000,120000,24800,
78,30,497260,310660,138880,171780,99760,49880,49880,35700,4200,31500,88200,42000,46200,87000,42800,44200,168000,48000,120000,18600,
79,0,550260,317460,111405,206055,99760,18705,81055,33600,12600,21000,65700,27900,37800,118400,52200,66200,208000,88000,120000,24800,
79,1,580735,341135,138545,202590,130935,43645,87290,25200,4200,21000,71400,35700,35700,113600,55000,58600,221000,56000,165000,18600,
79,2,533175,293575,137845,155730,93525,43645,49880,42000,16800,25200,82650,25200,57450,75400,52200,23200,221000,56000,165000,18600,
79,3,444025,283025,95710,187315,93525,37410,56115,23100,6300,16800,67200,29400,37800,99200,22600,76600,130000,40000,90000,31000,
79,4,399385,268585,130275,138310,85785,48375,37410,37800,16800,21000,58800,31500,27300,86200,33600,52600,106000,16000,90000,24800,
79,5,434570,276970,116590,160380,74820,24940,49880,27300,10500,16800,82050,46350,35700,92800,34800,58000,139000,64000,75000,18600,
79,6,478890,316090,121745,194345,87290,43645,43645,44100,16800,27300,73500,27300,46200,111200,34000,77200,138000,48000,90000,24800,
79,7,436090,250290,114975,135315,87290,31175,56115,25200,12600,12600,54600,25200,29400,83200,46000,37200,161000,56000,105000,24800,
79,8,530620,268820,109955,158865,74820,18705,56115,42000,16800,25200,70800,45450,25350,81200,29000,52200,237000,72000,165000,24800,
79,9,451755,302355,113375,188980,81055,31175,49880,44100,14700,29400,71400,27300,44100,105800,40200,65600,137000,32000,105000,12400,
79,10,421055,267255,99040,168215,89655,24940,64715,33600,21000,12600,71400,27300,44100,72600,25800,46800,129000,24000,105000,24800,
79,11,419360,270560,101010,169550,99760,37410,62350,42000,21000,21000,58800,16800,42000,70000,25800,44200,124000,64000,60000,24800,
79,12,482495,294895,135845,159050,105995,43645,62350,23100,6300,16800,71400,39900,31500,94400,46000,48400,169000,64000,105000,18600,
79,13,448785,278985,134345,144640,68585,43645,24940,37800,21000,16800,67200,35700,31500,105400,34000,71400,145000,40000,105000,24800,
79,14,482955,297155,117775,179380,81055,31175,49880,37800,16800,21000,60900,29400,31500,117400,40400,77000,161000,56000,105000,24800,
79,15,452815,268015,115305,152710,56115,18705,37410,33600,16800,16800,69300,33600,35700,109000,46200,62800,160000,40000,120000,24800,
79,16,490025,294425,152845,141580,93525,43645,49880,29400,16800,12600,65100,37800,27300,106400,54600,51800,177000,72000,105000,18600,
79,17,521810,314010,124490,189520,99760,24940,74820,29400,14700,14700,69450,44250,25200,115400,40600,74800,183000,48000,135000,24800,
79,18,440385,276585,127110,149475,68585,37410,31175,35700,16800,18900,77700,27300,50400,94600,45600,49000,139000,64000,75000,24800,
79,19,493820,270020,122110,147910,74820,37410,37410,35700,14700,21000,78300,46800,31500,81200,23200,58000,199000,64000,135000,24800,
79,20,509970,285170,126825,158345,74820,31175,43645,29400,12600,16800,82350,42450,39900,98600,40600,58000,200000,80000,120000,24800,
79,21,470590,274990,110310,164680,87290,37410,49880,33600,14700,18900,59100,23400,35700,95000,34800,60200,177000,72000,105000,18600,
79,22,400620,232620,112775,119845,74820,31175,43645,29400,18900,10500,54600,23100,31500,73800,39600,34200,137000,32000,105000,31000,
79,23,458675,294075,110725,183350,93525,31175,62350,25200,8400,16800,79950,42150,37800,95400,29000,66400,146000,56000,90000,18600,
79,24,466625,307225,115010,192215,93525,37410,56115,39900,18900,21000,78000,29700,48300,95800,29000,66800,147000,72000,75000,12400,
79,25,435390,264590,110310,154280,87290,37410,49880,33600,12600,21000,69300,23100,46200,74400,37200,37200,146000,56000,90000,24800,
79,26,489840,274040,144245,129795,87290,43645,43645,25200,12600,12600,86550,42000,44550,75000,46000,29000,191000,56000,135000,24800,
79,27,408390,259790,120345,139445,87290,43645,43645,27300,10500,16800,54600,29400,25200,90600,36800,53800,130000,40000,90000,18600,
79,28,454770,246970,107690,139280,74820,24940,49880,23100,10500,12600,48450,31650,16800,100600,40600,60000,183000,48000,135000,24800,
79,29,404360,255760,112645,143115,99760,43645,56115,23100,12600,10500,65100,25200,39900,67800,31200,36600,130000,40000,90000,18600,
79,30,562370,304770,127790,176980,74820,24940,49880,44100,18900,25200,81450,43350,38100,104400,40600,63800,239000,104000,135000,18600,
80,0,338150,212550,76750,135800,36000,12000,24000,43500,21750,21750,78450,23400,55050,54600,19600,35000,107000,32000,75000,18600,
80,1,483850,259850,115550,144300,57000,21000,36000,60750,23850,36900,80100,45300,34800,62000,25400,36600,193000,88000,105000,31000,
80,2,498705,311105,124350,186755,80005,30000,50005,45600,15150,30450,89700,54000,35700,95800,25200,70600,169000,64000,105000,18600,
80,3,521150,298150,125650,172500,55300,18000,37300,45600,23850,21750,115650,55800,59850,81600,28000,53600,192000,72000,120000,31000,
80,4,451050,251250,115100,136150,72000,21000,51000,60750,21600,39150,41100,30300,10800,77400,42200,35200,175000,40000,135000,24800,
80,5,417050,253250,109850,143400,48000,18000,30000,61650,23850,37800,81000,51000,30000,62600,17000,45600,139000,64000,75000,24800,
80,6,413485,247885,111600,136285,57235,30000,27235,54150,17250,36900,69300,39150,30150,67200,25200,42000,147000,72000,75000,18600,
80,7,503200,286400,133850,152550,63000,33000,30000,37500,17250,20250,112500,58200,54300,73400,25400,48000,192000,72000,120000,24800,
80,8,510200,281200,148000,133200,64300,25300,39000,49950,34800,15150,83550,53100,30450,83400,34800,48600,198000,48000,150000,31000,
80,9,484350,289750,104450,185300,42900,15000,27900,47250,23850,23400,85200,34800,50400,114400,30800,83600,176000,56000,120000,18600,
80,10,462910,214310,92990,121320,64410,24940,39470,49950,21750,28200,56550,26100,30450,43400,20200,23200,230000,80000,150000,18600,
80,11,416000,244200,121350,122850,39000,21000,18000,49950,19500,30450,79650,47250,32400,75600,33600,42000,147000,72000,75000,24800,
80,12,532300,300500,147900,152600,63000,33000,30000,69600,34800,34800,80100,45300,34800,87800,34800,53000,207000,72000,135000,24800,
80,13,482385,314385,123450,190935,77035,30000,47035,41400,20400,21000,107550,46650,60900,88400,26400,62000,137000,32000,105000,31000,
80,14,391070,248470,76900,171570,64770,18000,46770,40650,21750,18900,65850,25950,39900,77200,11200,66000,124000,64000,60000,18600,
80,15,469550,282750,121550,161200,65200,34300,30900,47850,17400,30450,79500,30450,49050,90200,39400,50800,162000,72000,90000,24800,
80,16,489285,288485,123400,165085,48235,18000,30235,62850,28200,34650,81000,40800,40200,96400,36400,60000,176000,56000,120000,24800,
80,17,426800,285200,120250,164950,55300,30000,25300,36300,19500,16800,99600,51150,48450,94000,19600,74400,123000,48000,75000,18600,
80,18,502635,262835,109185,153650,72235,30235,42000,54300,13050,41250,23700,19500,4200,112600,46400,66200,215000,80000,135000,24800,
80,19,538045,292245,112040,180205,76645,24940,51705,54150,19500,34650,79050,28200,50850,82400,39400,43000,221000,56000,165000,24800,
80,20,461000,318400,127600,190800,94800,33000,61800,47250,25950,21300,88950,49050,39900,87400,19600,67800,124000,64000,60000,18600,
80,21,512700,288900,137600,151300,67300,30000,37300,46500,21750,24750,86700,45450,41250,88400,40400,48000,199000,64000,135000,24800,
80,22,558750,294950,127000,167950,57000,21000,36000,52950,15150,37800,104400,47850,56550,80600,43000,37600,239000,104000,135000,24800,
80,23,479600,307800,118150,189650,50200,15000,35200,47100,21750,25350,101700,45000,56700,108800,36400,72400,147000,72000,75000,24800,
80,24,437505,287905,153155,134750,72305,33705,38600,34800,13050,21750,97800,57000,40800,83000,49400,33600,131000,56000,75000,18600,
80,25,558485,348885,146985,201900,67135,27235,39900,53400,20400,33000,102150,60150,42000,126200,39200,87000,191000,56000,135000,18600,
80,26,539100,292300,117400,174900,63000,24000,39000,63000,15150,47850,103500,58650,44850,62800,19600,43200,222000,72000,150000,24800,
80,27,505400,296600,133450,163150,81000,30000,51000,44100,18000,26100,95100,47850,47250,76400,37600,38800,184000,64000,120000,24800,
80,28,514335,313535,135950,177585,71835,24000,47835,41850,29100,12750,70050,40650,29400,129800,42200,87600,176000,56000,120000,24800,
80,29,471485,274885,144135,130750,51235,27235,24000,47700,19500,28200,105750,66600,39150,70200,30800,39400,178000,88000,90000,18600,
80,30,519300,296300,126750,169550,67300,24000,43300,43500,30450,13050,86100,38700,47400,99400,33600,65800,192000,72000,120000,31000,
81,0,348615,223015,80405,142610,56115,18705,37410,31500,14700,16800,71400,21000,50400,64000,26000,38000,107000,32000,75000,18600,
81,1,500740,276740,123125,153615,87290,31175,56115,44100,18900,25200,61350,38250,23100,84000,34800,49200,193000,88000,105000,31000,
81,2,510695,323095,131645,191450,105995,43645,62350,39900,10500,29400,75600,39900,35700,101600,37600,64000,169000,64000,105000,18600,
81,3,536540,313540,134925,178615,87290,31175,56115,31500,16800,14700,96750,46350,50400,98000,40600,57400,192000,72000,120000,31000,
81,4,515470,289670,128495,161175,74820,43645,31175,23100,8400,14700,76350,53250,23100,115400,23200,92200,201000,96000,105000,24800,
81,5,494550,315750,143100,172650,87900,29600,58300,50850,21750,29100,66000,42750,23250,111000,49000,62000,154000,64000,90000,24800,
81,6,460920,272320,110850,161470,66470,24000,42470,49950,23850,26100,65100,34800,30300,90800,28200,62600,170000,80000,90000,18600,
81,7,385535,281935,110650,171285,86835,39000,47835,36150,19200,16950,82350,38250,44100,76600,14200,62400,85000,40000,45000,18600,
81,8,486920,232120,121370,110750,18470,15470,3000,43500,26100,17400,49950,34800,15150,120200,45000,75200,230000,80000,150000,24800,
81,9,492300,274700,130200,144500,60000,39000,21000,39150,13050,26100,108150,49950,58200,67400,28200,39200,199000,64000,135000,18600,
81,10,478835,277835,97850,179985,66235,12000,54235,56400,21600,34800,76800,30450,46350,78400,33800,44600,170000,80000,90000,31000,
81,11,463735,277935,125950,151985,60235,24000,36235,37650,20400,17250,92250,45150,47100,87800,36400,51400,161000,56000,105000,24800,
81,12,395000,238400,107450,130950,45000,24000,21000,63000,23850,39150,45000,17400,27600,85400,42200,43200,138000,48000,90000,18600,
81,13,495185,299585,109550,190035,73535,15000,58535,35400,12900,22500,98850,47850,51000,91800,33800,58000,177000,72000,105000,18600,
81,14,479470,313870,153550,160320,81070,47600,33470,50700,24750,25950,100500,45000,55500,81600,36200,45400,147000,72000,75000,18600,
81,15,472800,279200,121900,157300,78900,27000,51900,54300,19500,34800,77400,39000,38400,68600,36400,32200,175000,40000,135000,18600,
81,16,508600,292800,106850,185950,42000,9000,33000,55950,25950,30000,95850,57900,37950,99000,14000,85000,191000,56000,135000,24800,
81,17,506350,285750,137500,148250,54000,27000,27000,36900,6450,30450,121650,76050,45600,73200,28000,45200,202000,112000,90000,18600,
81,18,543600,318000,134350,183650,63000,15000,48000,45300,10500,34800,116100,69450,46650,93600,39400,54200,207000,72000,135000,18600,
81,19,436185,279385,120985,158400,63235,24235,39000,56400,21600,34800,55350,21750,33600,104400,53400,51000,132000,72000,60000,24800,
81,20,427485,250485,117085,133400,54235,33235,21000,56400,19500,36900,72450,27750,44700,67400,36600,30800,146000,56000,90000,31000,
81,21,473270,303470,132650,170820,94370,31300,63070,47400,23850,23550,65700,27900,37800,96000,49600,46400,145000,40000,105000,24800,
81,22,489970,317570,108700,208870,86270,18000,68270,45000,28200,16800,72300,26100,46200,114000,36400,77600,160000,40000,120000,12400,
81,23,533850,294050,120300,173750,40300,15000,25300,59550,26100,33450,105600,54000,51600,88600,25200,63400,215000,80000,135000,24800,
81,24,514000,305200,128850,176350,65600,24000,41600,36750,28200,8550,113250,51450,61800,89600,25200,64400,184000,64000,120000,24800,
81,25,439750,299950,126550,173400,79800,30000,49800,42600,17400,25200,94950,48750,46200,82600,30400,52200,115000,40000,75000,24800,
81,26,483100,267300,126550,140750,54000,21000,33000,41250,15150,26100,86850,45600,41250,85200,44800,40400,191000,56000,135000,24800,
81,27,428035,251035,86850,164185,42235,12000,30235,58500,28200,30300,86700,21450,65250,63600,25200,38400,146000,56000,90000,31000,
81,28,449650,285050,114350,170700,55300,21000,34300,58650,23850,34800,76500,38700,37800,94600,30800,63800,146000,56000,90000,18600,
81,29,511805,287205,116550,170655,74005,24000,50005,52050,26100,25950,81750,41250,40500,79400,25200,54200,206000,56000,150000,18600,
81,30,497725,241125,99175,141950,55175,31175,24000,45450,23850,21600,89100,32550,56550,51400,11600,39800,238000,88000,150000,18600,
82,0,484630,326830,144280,182550,112230,49880,62350,39900,14700,25200,90300,48300,42000,84400,31400,53000,133000,88000,45000,24800,
82,1,522990,283390,125310,158080,87290,37410,49880,33600,14700,18900,69900,38400,31500,92600,34800,57800,221000,56000,165000,18600,
82,2,475590,288990,122175,166815,87290,31175,56115,39900,16800,23100,75600,33600,42000,86200,40600,45600,168000,48000,120000,18600,
82,3,415260,271860,109110,162750,99760,37410,62350,31500,12600,18900,63000,27300,35700,77600,31800,45800,131000,56000,75000,12400,
82,4,414160,278560,137780,140780,99760,49880,49880,27300,16800,10500,60900,31500,29400,90600,39600,51000,117000,72000,45000,18600,
82,5,478160,299560,124775,174785,99760,31175,68585,37800,14700,23100,88200,35700,52500,73800,43200,30600,160000,40000,120000,18600,
82,6,501935,269335,153945,115390,68585,43645,24940,39900,18900,21000,59850,25200,34650,101000,66200,34800,214000,64000,150000,18600,
82,7,412065,252665,119355,133310,56115,18705,37410,39900,14700,25200,61050,33750,27300,95600,52200,43400,147000,72000,75000,12400,
82,8,430925,260125,106375,153750,93525,31175,62350,27300,12600,14700,48300,16800,31500,91000,45800,45200,146000,56000,90000,24800,
82,9,502275,293475,131160,162315,93525,37410,56115,23100,16800,6300,90450,42150,48300,86400,34800,51600,184000,64000,120000,24800,
82,10,513640,288840,125160,163680,87290,37410,49880,33600,14700,18900,61350,38250,23100,106600,34800,71800,200000,80000,120000,24800,
82,11,507165,296565,145080,151485,118465,49880,68585,37800,16800,21000,56700,37800,18900,83600,40600,43000,192000,72000,120000,18600,
82,12,427140,231540,107195,124345,87290,43645,43645,16800,8400,8400,46650,31950,14700,80800,23200,57600,177000,72000,105000,18600,
82,13,532835,307235,125090,182145,68585,24940,43645,37800,14700,23100,82650,44850,37800,118200,40600,77600,207000,72000,135000,18600,
82,14,446990,296390,124340,172050,87290,24940,62350,35700,14700,21000,75600,35700,39900,97800,49000,48800,132000,72000,60000,18600,
82,15,539365,359765,137045,222720,118465,43645,74820,42000,14700,27300,69300,27300,42000,130000,51400,78600,161000,56000,105000,18600,
82,16,411625,263025,127515,135510,93525,56115,37410,42000,18900,23100,56700,27300,29400,70800,25200,45600,130000,40000,90000,18600,
82,17,510740,258940,106760,152180,87290,37410,49880,25200,14700,10500,82650,25650,57000,63800,29000,34800,227000,32000,195000,24800,
82,18,551020,325420,145810,179610,74820,37410,37410,35700,12600,23100,81900,37800,44100,133000,58000,75000,207000,72000,135000,18600,
82,19,504090,316490,145475,171015,87290,31175,56115,48300,25200,23100,73500,39900,33600,107400,49200,58200,169000,64000,105000,18600,
82,20,448430,314030,121915,192115,112230,56115,56115,42000,10500,31500,63000,27300,35700,96800,28000,68800,122000,32000,90000,12400,
82,21,500670,266070,114090,151980,74820,24940,49880,35700,16800,18900,85950,43350,42600,69600,29000,40600,216000,96000,120000,18600,
82,22,488555,290555,136010,154545,81055,37410,43645,39900,16800,23100,67200,33600,33600,102400,48200,54200,167000,32000,135000,31000,
82,23,533230,294230,114875,179355,112230,31175,81055,29400,21000,8400,63600,27900,35700,89000,34800,54200,208000,88000,120000,31000,
82,24,529055,317455,163310,154145,81055,37410,43645,37800,18900,18900,63000,46200,16800,135600,60800,74800,193000,88000,105000,18600,
82,25,606495,352695,139245,213450,105995,43645,62350,39900,14700,25200,63000,23100,39900,143800,57800,86000,229000,64000,165000,24800,
82,26,484390,283590,135645,147945,87290,43645,43645,31500,14700,16800,75600,39900,35700,89200,37400,51800,176000,56000,120000,24800,
82,27,422455,252655,89640,163015,81055,24940,56115,29400,2100,27300,58800,25200,33600,83400,37400,46000,145000,40000,105000,24800,
82,28,517390,332590,124840,207750,87290,24940,62350,48300,21000,27300,96600,35700,60900,100400,43200,57200,160000,40000,120000,24800,
82,29,459755,279155,116075,163080,81055,31175,49880,37800,16800,21000,48300,18900,29400,112000,49200,62800,162000,72000,90000,18600,
82,30,520525,303725,162910,140815,93525,37410,56115,42000,14700,27300,58800,50400,8400,109400,60400,49000,192000,72000,120000,24800,
83,0,550260,317460,111405,206055,99760,18705,81055,33600,12600,21000,65700,27900,37800,118400,52200,66200,208000,88000,120000,24800,
83,1,580735,341135,138545,202590,130935,43645,87290,25200,4200,21000,71400,35700,35700,113600,55000,58600,221000,56000,165000,18600,
83,2,553200,328400,134050,194350,63000,24000,39000,45450,23850,21600,119550,58200,61350,100400,28000,72400,200000,80000,120000,24800,
83,3,424400,297800,121700,176100,79400,28300,51100,36150,15150,21000,86850,40650,46200,95400,37600,57800,108000,48000,60000,18600,
83,4,491000,288400,134850,153550,63000,27000,36000,58500,19500,39000,101100,43350,57750,65800,45000,20800,184000,64000,120000,18600,
83,5,389900,235100,86200,148900,43300,15000,28300,35550,10800,24750,86250,40800,45450,70000,19600,50400,130000,40000,90000,24800,
83,6,414635,265835,137450,128385,70535,31300,39235,31200,24750,6450,102900,42600,60300,61200,38800,22400,124000,64000,60000,24800,
83,7,444600,258000,100900,157100,68600,24000,44600,45450,15150,30300,75750,21750,54000,68200,40000,28200,168000,48000,120000,18600,
83,8,565345,308745,158280,150465,105995,49880,56115,31500,14700,16800,95850,53100,42750,75400,40600,34800,238000,88000,150000,18600,
83,9,428490,254890,107475,147415,87290,31175,56115,31500,12600,18900,61500,40500,21000,74600,23200,51400,155000,80000,75000,18600,
83,10,421055,267255,99040,168215,89655,24940,64715,33600,21000,12600,71400,27300,44100,72600,25800,46800,129000,24000,105000,24800,
83,11,419360,270560,101010,169550,99760,37410,62350,42000,21000,21000,58800,16800,42000,70000,25800,44200,124000,64000,60000,24800,
83,12,482495,294895,135845,159050,105995,43645,62350,23100,6300,16800,71400,39900,31500,94400,46000,48400,169000,64000,105000,18600,
83,13,448785,278985,134345,144640,68585,43645,24940,37800,21000,16800,67200,35700,31500,105400,34000,71400,145000,40000,105000,24800,
83,14,482955,297155,117775,179380,81055,31175,49880,37800,16800,21000,60900,29400,31500,117400,40400,77000,161000,56000,105000,24800,
83,15,452815,268015,115305,152710,56115,18705,37410,33600,16800,16800,69300,33600,35700,109000,46200,62800,160000,40000,120000,24800,
83,16,490025,294425,152845,141580,93525,43645,49880,29400,16800,12600,65100,37800,27300,106400,54600,51800,177000,72000,105000,18600,
83,17,521810,314010,124490,189520,99760,24940,74820,29400,14700,14700,69450,44250,25200,115400,40600,74800,183000,48000,135000,24800,
83,18,440385,276585,127110,149475,68585,37410,31175,35700,16800,18900,77700,27300,50400,94600,45600,49000,139000,64000,75000,24800,
83,19,493820,270020,122110,147910,74820,37410,37410,35700,14700,21000,78300,46800,31500,81200,23200,58000,199000,64000,135000,24800,
83,20,509970,285170,126825,158345,74820,31175,43645,29400,12600,16800,82350,42450,39900,98600,40600,58000,200000,80000,120000,24800,
83,21,470590,274990,110310,164680,87290,37410,49880,33600,14700,18900,59100,23400,35700,95000,34800,60200,177000,72000,105000,18600,
83,22,400620,232620,112775,119845,74820,31175,43645,29400,18900,10500,54600,23100,31500,73800,39600,34200,137000,32000,105000,31000,
83,23,458675,294075,110725,183350,93525,31175,62350,25200,8400,16800,79950,42150,37800,95400,29000,66400,146000,56000,90000,18600,
83,24,466625,307225,115010,192215,93525,37410,56115,39900,18900,21000,78000,29700,48300,95800,29000,66800,147000,72000,75000,12400,
83,25,435390,264590,110310,154280,87290,37410,49880,33600,12600,21000,69300,23100,46200,74400,37200,37200,146000,56000,90000,24800,
83,26,489840,274040,144245,129795,87290,43645,43645,25200,12600,12600,86550,42000,44550,75000,46000,29000,191000,56000,135000,24800,
83,27,408390,259790,120345,139445,87290,43645,43645,27300,10500,16800,54600,29400,25200,90600,36800,53800,130000,40000,90000,18600,
83,28,454770,246970,107690,139280,74820,24940,49880,23100,10500,12600,48450,31650,16800,100600,40600,60000,183000,48000,135000,24800,
83,29,404360,255760,112645,143115,99760,43645,56115,23100,12600,10500,65100,25200,39900,67800,31200,36600,130000,40000,90000,18600,
83,30,562370,304770,127790,176980,74820,24940,49880,44100,18900,25200,81450,43350,38100,104400,40600,63800,239000,104000,135000,18600,
84,0,471525,286725,142510,144215,93525,37410,56115,27300,10500,16800,86100,46200,39900,79800,48400,31400,160000,40000,120000,24800,
84,1,445815,253015,107105,145910,56115,18705,37410,29400,14700,14700,60900,27300,33600,106600,46400,60200,168000,48000,120000,24800,
84,2,522050,304250,152700,151550,78000,30000,48000,20250,16050,4200,104400,47850,56550,101600,58800,42800,193000,88000,105000,24800,
84,3,444750,282150,122700,159450,52300,24000,28300,49350,23700,25650,90900,38400,52500,89600,36600,53000,144000,24000,120000,18600,
84,4,528660,327860,132240,195620,99760,24940,74820,48300,21000,27300,71400,39900,31500,108400,46400,62000,176000,56000,120000,24800,
84,5,440770,246970,122610,124360,74820,37410,37410,31500,12600,18900,56850,29400,27450,83800,43200,40600,169000,64000,105000,24800,
84,6,434085,278285,122805,155480,68585,18705,49880,29400,16800,12600,94500,44100,50400,85800,43200,42600,131000,56000,75000,24800,
84,7,471995,285395,120510,164885,105995,37410,68585,35700,16800,18900,77700,31500,46200,66000,34800,31200,168000,48000,120000,18600,
84,8,487400,270600,111830,158770,62350,49880,12470,33600,14700,18900,67650,29850,37800,107000,17400,89600,192000,72000,120000,24800,
84,9,442655,270855,141575,129280,81055,31175,49880,27300,12600,14700,73500,46200,27300,89000,51600,37400,147000,72000,75000,24800,
84,10,435390,265590,128310,137280,87290,37410,49880,31500,16800,14700,58800,31500,27300,88000,42600,45400,145000,40000,105000,24800,
84,11,456390,278590,135075,143515,87290,31175,56115,37800,14700,23100,81900,46200,35700,71600,43000,28600,153000,48000,105000,24800,
84,12,437090,272490,130810,141680,87290,37410,49880,25200,10500,14700,71400,39900,31500,88600,43000,45600,146000,56000,90000,18600,
84,13,490370,258570,109590,148980,74820,24940,49880,37800,12600,25200,36150,25650,10500,109800,46400,63400,207000,72000,135000,24800,
84,14,568630,351830,146280,205550,112230,49880,62350,42000,14700,27300,100800,44100,56700,96800,37600,59200,192000,72000,120000,24800,
84,15,488960,324360,165180,159180,99760,49880,49880,44100,21000,23100,73500,35700,37800,107000,58600,48400,146000,56000,90000,18600,
84,16,495590,271790,131845,139945,87290,43645,43645,33600,12600,21000,44100,29400,14700,106800,46200,60600,199000,64000,135000,24800,
84,17,374490,233690,90310,143380,87290,37410,49880,23100,10500,12600,69300,25200,44100,54000,17200,36800,116000,56000,60000,24800,
84,18,432195,284395,129245,155150,110295,43645,66650,35700,12600,23100,63000,33600,29400,75400,39400,36000,123000,48000,75000,24800,
84,19,467860,304060,132010,172050,99760,37410,62350,29400,16800,12600,86100,46200,39900,88800,31600,57200,139000,64000,75000,24800,
84,20,406125,273525,126245,147280,106425,43645,62780,25200,8400,16800,73500,46200,27300,68400,28000,40400,114000,24000,90000,18600,
84,21,400425,264825,135245,129580,93525,43645,49880,37800,21000,16800,65100,42000,23100,68400,28600,39800,117000,72000,45000,18600,
84,22,447755,275155,123910,151245,81055,37410,43645,37800,14700,23100,84300,48600,35700,72000,23200,48800,154000,64000,90000,18600,
84,23,374185,231585,96575,135010,68585,31175,37410,23100,12600,10500,48300,12600,35700,91600,40200,51400,124000,64000,60000,18600,
84,24,440465,246865,113990,132875,56115,24940,31175,35700,16800,18900,56850,31650,25200,98200,40600,57600,175000,40000,135000,18600,
84,25,475260,296460,127140,169320,99760,24940,74820,44100,16800,27300,71400,33600,37800,81200,51800,29400,154000,64000,90000,24800,
84,26,497755,318955,125740,193215,81055,24940,56115,50400,21000,29400,69300,33600,35700,118200,46200,72000,154000,64000,90000,24800,
84,27,461560,305960,107310,198650,104060,37410,66650,35700,12600,23100,67200,31500,35700,99000,25800,73200,137000,32000,105000,18600,
84,28,518960,310360,138210,172150,99760,37410,62350,44100,16800,27300,73500,37800,35700,93000,46200,46800,190000,40000,150000,18600,
84,29,519125,302325,141645,160680,93525,43645,49880,46200,18900,27300,67200,35700,31500,95400,43400,52000,192000,72000,120000,24800,
84,30,514795,292795,130045,162750,105995,43645,62350,33600,16800,16800,75600,37800,37800,77600,31800,45800,191000,56000,135000,31000,
85,0,443700,250900,85500,165400,63900,18000,45900,36750,17250,19500,79050,30450,48600,71200,19800,51400,168000,48000,120000,24800,
85,1,386170,261370,118600,142770,61770,25300,36470,55350,28050,27300,55650,40050,15600,88600,25200,63400,100000,40000,60000,24800,
85,2,492750,259950,98200,161750,67300,15000,52300,39000,15150,23850,82650,30450,52200,71000,37600,33400,208000,88000,120000,24800,
85,3,481455,278855,109805,169050,81055,18705,62350,37800,8400,29400,58800,18900,39900,101200,63800,37400,184000,64000,120000,18600,
85,4,418670,246070,103925,142145,74820,31175,43645,31500,10500,21000,58950,27450,31500,80800,34800,46000,154000,64000,90000,18600,
85,5,531160,308160,132875,175285,99760,31175,68585,46200,18900,27300,58800,33600,25200,103400,49200,54200,192000,72000,120000,31000,
85,6,506655,288055,132680,155375,81055,49880,31175,29400,14700,14700,50400,18900,31500,127200,49200,78000,200000,80000,120000,18600,
85,7,504090,286490,109010,177480,87290,37410,49880,35700,21000,14700,74100,21600,52500,89400,29000,60400,199000,64000,135000,18600,
85,8,489355,324755,141310,183445,81055,37410,43645,35700,12600,23100,92400,48300,44100,115600,43000,72600,146000,56000,90000,18600,
85,9,388790,275390,117110,158280,87290,37410,49880,42000,14700,27300,60900,25200,35700,85200,39800,45400,101000,56000,45000,12400,
85,10,498975,281375,127260,154115,93525,37410,56115,35700,16800,18900,65550,38250,27300,86600,34800,51800,199000,64000,135000,18600,
85,11,392720,221120,81975,139145,74820,31175,43645,27300,8400,18900,52800,19200,33600,66200,23200,43000,153000,48000,105000,18600,
85,12,447990,277190,122740,154450,87290,24940,62350,35700,14700,21000,79800,39900,39900,74400,43200,31200,146000,56000,90000,24800,
85,13,492590,268790,109075,159715,87290,31175,56115,39900,18900,21000,55200,30000,25200,86400,29000,57400,199000,64000,135000,24800,
85,14,509855,287055,127445,159610,81055,43645,37410,37800,16800,21000,67200,29400,37800,101000,37600,63400,198000,48000,150000,24800,
85,15,564620,309820,144945,164875,74820,43645,31175,29400,10500,18900,78000,44400,33600,127600,46400,81200,230000,80000,150000,24800,
85,16,396230,217430,81755,135675,49880,18705,31175,31500,12600,18900,46650,21450,25200,89400,29000,60400,154000,64000,90000,24800,
85,17,511320,279520,131030,148490,74820,49880,24940,33600,10500,23100,78300,35850,42450,92800,34800,58000,207000,72000,135000,24800,
85,18,483235,273635,140510,133125,68585,37410,31175,44100,18900,25200,73950,37800,36150,87000,46400,40600,191000,56000,135000,18600,
85,19,553955,316155,145675,170480,81055,31175,49880,46200,21000,25200,73500,35700,37800,115400,57800,57600,213000,48000,165000,24800,
85,20,481795,311195,128245,182950,105995,43645,62350,39900,18900,21000,77700,31500,46200,87600,34200,53400,152000,32000,120000,18600,
85,21,403890,248090,115880,132210,87290,49880,37410,14700,6300,8400,60900,23100,37800,85200,36600,48600,131000,56000,75000,24800,
85,22,420085,256285,106110,150175,68585,37410,31175,37800,16800,21000,60900,23100,37800,89000,28800,60200,139000,64000,75000,24800,
85,23,546660,344860,161480,183380,99760,49880,49880,33600,10500,23100,81900,35700,46200,129600,65400,64200,177000,72000,105000,24800,
85,24,444305,249705,109725,139980,81055,31175,49880,33600,10500,23100,56850,27450,29400,78200,40600,37600,176000,56000,120000,18600,
85,25,440990,262190,138775,123415,87290,31175,56115,33600,18900,14700,69300,48300,21000,72000,40400,31600,154000,64000,90000,24800,
85,26,514490,326690,152210,174480,87290,37410,49880,31500,14700,16800,81900,39900,42000,126000,60200,65800,163000,88000,75000,24800,
85,27,488250,288450,135540,152910,62350,24940,37410,46200,23100,23100,73500,35700,37800,106400,51800,54600,175000,40000,135000,24800,
85,28,421495,265895,103280,162615,105995,49880,56115,39900,23100,16800,50400,10500,39900,69600,19800,49800,137000,32000,105000,18600,
85,29,483635,264035,119740,144295,68585,24940,43645,31500,12600,18900,76950,30000,46950,87000,52200,34800,201000,96000,105000,18600,
85,30,559295,309695,143580,166115,105995,49880,56115,21000,12600,8400,78300,40500,37800,104400,40600,63800,231000,96000,135000,18600,
86,0,524650,307850,131600,176250,71600,21000,50600,60750,23850,36900,108900,64350,44550,66600,22400,44200,192000,72000,120000,24800,
86,1,500000,273400,118100,155300,69000,30000,39000,45450,21600,23850,84750,43500,41250,74200,23000,51200,208000,88000,120000,18600,
86,2,453400,250800,121850,128950,48000,21000,27000,19350,13050,6300,86850,45600,41250,96600,42200,54400,184000,64000,120000,18600,
86,3,540250,337650,133400,204250,85800,27000,58800,47250,23850,23400,117000,68550,48450,87600,14000,73600,184000,64000,120000,18600,
86,4,477405,283805,92150,191655,58605,0,58605,45000,21750,23250,70200,28200,42000,110000,42200,67800,175000,40000,135000,18600,
86,5,437985,260185,112750,147435,69235,30000,39235,54750,16950,37800,81600,43200,38400,54600,22600,32000,153000,48000,105000,24800,
86,6,508250,290650,147950,142700,49300,25300,24000,63000,39150,23850,79950,38700,41250,98400,44800,53600,199000,64000,135000,18600,
86,7,419900,279100,125450,153650,71600,21000,50600,65100,32550,32550,76200,29700,46500,66200,42200,24000,116000,56000,60000,24800,
86,8,469500,299700,141100,158600,76300,36000,40300,33450,11700,21750,105750,55200,50550,84200,38200,46000,145000,40000,105000,24800,
86,9,467835,268035,122650,145385,66235,30000,36235,43350,17400,25950,79650,38850,40800,78800,36400,42400,175000,40000,135000,24800,
86,10,472105,293305,126550,166755,66705,15000,51705,28200,23850,4350,104400,59700,44700,94000,28000,66000,154000,64000,90000,24800,
86,11,365435,231635,82050,149585,57235,15000,42235,39150,21750,17400,57450,8700,48750,77800,36600,41200,109000,64000,45000,24800,
86,12,494270,317470,122450,195020,74670,21000,53670,49500,21750,27750,103500,48900,54600,89800,30800,59000,152000,32000,120000,24800,
86,13,470750,291950,140700,151250,68600,36000,32600,48600,19500,29100,90150,45000,45150,84600,40200,44400,154000,64000,90000,24800,
86,14,555185,300385,118450,181935,40535,6000,34535,34800,17400,17400,121050,58650,62400,104000,36400,67600,230000,80000,150000,24800,
86,15,435600,257000,133900,123100,48000,24000,24000,51600,27750,23850,90000,42750,47250,67400,39400,28000,160000,40000,120000,18600,
86,16,451685,227885,106200,121685,45235,24000,21235,19350,4200,15150,71700,34800,36900,91600,43200,48400,199000,64000,135000,24800,
86,17,512450,288650,123050,165600,74600,27000,47600,47550,6300,41250,95100,49950,45150,71400,39800,31600,199000,64000,135000,24800,
86,18,517150,324350,112750,211600,60900,18000,42900,38100,19500,18600,109950,47250,62700,115400,28000,87400,168000,48000,120000,24800,
86,19,507200,295600,122300,173300,57900,24000,33900,59550,21750,37800,99150,54150,45000,79000,22400,56600,193000,88000,105000,18600,
86,20,529700,304100,136100,168000,63000,21000,42000,65250,26100,39150,92850,49800,43050,83000,39200,43800,207000,72000,135000,18600,
86,21,452750,318150,101750,216400,92300,15000,77300,41850,15150,26700,99600,49200,50400,84400,22400,62000,116000,56000,60000,18600,
86,22,472350,260750,107000,153750,58300,21000,37300,52200,17400,34800,69450,28200,41250,80800,40400,40400,193000,88000,105000,18600,
86,23,448970,313570,139185,174385,76370,22535,53835,46050,17400,28650,91950,53250,38700,99200,46000,53200,123000,48000,75000,12400,
86,24,503600,318800,131100,187700,84500,33000,51500,43500,20400,23100,82800,51300,31500,108000,26400,81600,160000,40000,120000,24800,
86,25,532100,292500,111250,181250,69900,24000,45900,56400,23850,32550,84000,34800,49200,82200,28600,53600,221000,56000,165000,18600,
86,26,482150,287550,132950,154600,56600,25300,31300,47700,15150,32550,97650,56100,41550,85600,36400,49200,176000,56000,120000,18600,
86,27,500170,297570,115300,182270,78470,27000,51470,55950,23850,32100,64350,30450,33900,98800,34000,64800,184000,64000,120000,18600,
86,28,502150,270350,133350,137000,45000,24000,21000,47700,23850,23850,101850,51900,49950,75800,33600,42200,207000,72000,135000,24800,
86,29,494320,275720,105770,169950,61370,15470,45900,47700,28200,19500,91050,36900,54150,75600,25200,50400,200000,80000,120000,18600,
86,30,446600,275800,111800,164000,71600,27000,44600,41250,28200,13050,80550,25800,54750,82400,30800,51600,146000,56000,90000,24800,
87,0,526330,329730,146480,183250,112230,49880,62350,35700,16800,18900,75600,33600,42000,106200,46200,60000,178000,88000,90000,18600,
87,1,463595,283995,127245,156750,105995,43645,62350,31500,16800,14700,77700,37800,39900,68800,29000,39800,161000,56000,105000,18600,
87,2,448690,270890,110140,160750,87290,24940,62350,33600,16800,16800,84000,33600,50400,66000,34800,31200,153000,48000,105000,24800,
87,3,469195,290595,134745,155850,105995,43645,62350,27300,16800,10500,77700,48300,29400,79600,26000,53600,160000,40000,120000,18600,
87,4,505595,302995,141210,161785,105995,37410,68585,35700,16800,18900,69300,37800,31500,92000,49200,42800,184000,64000,120000,18600,
87,5,498390,312590,116810,195780,87290,37410,49880,42000,14700,27300,86100,35700,50400,97200,29000,68200,161000,56000,105000,24800,
87,6,384385,258585,126245,132340,68585,43645,24940,35700,14700,21000,60900,31500,29400,93400,36400,57000,101000,56000,45000,24800,
87,7,534985,301385,126040,175345,68585,24940,43645,25200,12600,12600,63600,36300,27300,144000,52200,91800,215000,80000,135000,18600,
87,8,544060,311260,143180,168080,99760,49880,49880,35700,16800,18900,63000,27300,35700,112800,49200,63600,208000,88000,120000,24800,
87,9,538210,291410,135960,155450,99760,37410,62350,44100,14700,29400,72150,31650,40500,75400,52200,23200,222000,72000,150000,24800,
87,10,550725,302125,144875,157250,93525,31175,62350,42000,18900,23100,59400,42600,16800,107200,52200,55000,230000,80000,150000,18600,
87,11,438125,251525,114645,136880,93525,43645,49880,50400,25200,25200,61200,16800,44400,46400,29000,17400,168000,48000,120000,18600,
87,12,499825,311225,140945,170280,93525,43645,49880,25200,12600,12600,86100,35700,50400,106400,49000,57400,170000,80000,90000,18600,
87,13,345220,241420,110740,130680,82120,24940,57180,33600,12600,21000,60900,42000,18900,64800,31200,33600,79000,64000,15000,24800,
87,14,460025,286625,119575,167050,93525,31175,62350,35700,16800,18900,58800,25200,33600,98600,46400,52200,161000,56000,105000,12400,
87,15,481490,272690,112260,160430,87290,37410,49880,42000,14700,27300,73800,25350,48450,69600,34800,34800,184000,64000,120000,24800,
87,16,473955,241355,100540,140815,81055,24940,56115,23100,8400,14700,79200,32400,46800,58000,34800,23200,214000,64000,150000,18600,
87,17,511160,287360,137710,149650,99760,37410,62350,25200,12600,12600,67200,35700,31500,95200,52000,43200,199000,64000,135000,24800,
87,18,452840,266240,101820,164420,87290,12470,74820,29400,6300,23100,65550,42450,23100,84000,40600,43400,168000,48000,120000,18600,
87,19,406955,244155,115975,128180,81055,31175,49880,25200,12600,12600,52500,29400,23100,85400,42800,42600,138000,48000,90000,24800,
87,20,574315,326715,130030,196685,118465,49880,68585,31500,16800,14700,75750,16950,58800,101000,46400,54600,229000,64000,165000,18600,
87,21,456860,277260,122610,154650,99760,37410,62350,27300,12600,14700,58800,37800,21000,91400,34800,56600,161000,56000,105000,18600,
87,22,516340,270540,127045,143495,87290,43645,43645,37800,16800,21000,70050,31800,38250,75400,34800,40600,221000,56000,165000,24800,
87,23,487365,337565,141280,196285,118465,49880,68585,50400,21000,29400,77700,42000,35700,91000,28400,62600,125000,80000,45000,24800,
87,24,425525,247725,102005,145720,96525,18705,77820,25200,8400,16800,54600,31500,23100,71400,43400,28000,153000,48000,105000,24800,
87,25,453755,290955,152180,138775,81055,49880,31175,39900,16800,23100,63000,27300,35700,107000,58200,48800,138000,48000,90000,24800,
87,26,494130,313530,112045,201485,112230,43645,68585,42000,14700,27300,65100,18900,46200,94200,34800,59400,162000,72000,90000,18600,
87,27,504030,318230,130980,187250,112230,49880,62350,37800,16800,21000,79800,35700,44100,88400,28600,59800,161000,56000,105000,24800,
87,28,464090,264290,123810,140480,87290,37410,49880,50400,21000,29400,54600,33600,21000,72000,31800,40200,175000,40000,135000,24800,
87,29,573990,303390,133945,169445,87290,43645,43645,37800,14700,23100,68100,40800,27300,110200,34800,75400,252000,72000,180000,18600,
87,30,535865,325265,162050,163215,118465,62350,56115,29400,14700,14700,96600,50400,46200,80800,34600,46200,192000,72000,120000,18600,
88,0,530955,338155,133175,204980,81055,31175,49880,52500,23100,29400,75600,35700,39900,129000,43200,85800,168000,48000,120000,24800,
88,1,424925,253325,110510,142815,93525,37410,56115,18900,6300,12600,52500,21000,31500,88400,45800,42600,153000,48000,105000,18600,
88,2,504760,317160,134880,182280,99760,49880,49880,42000,16800,25200,84000,33600,50400,91400,34600,56800,169000,64000,105000,18600,
88,3,463255,291655,131245,160410,81055,43645,37410,35700,16800,18900,86100,42000,44100,88800,28800,60000,153000,48000,105000,18600,
88,4,409055,247255,113675,133580,81055,31175,49880,42000,14700,27300,50400,33600,16800,73800,34200,39600,137000,32000,105000,24800,
88,5,431550,267750,116300,151450,60000,21000,39000,32550,17400,15150,85800,38700,47100,89400,39200,50200,139000,64000,75000,24800,
88,6,366090,226290,106910,119380,87290,37410,49880,31500,14700,16800,48300,21000,27300,59200,33800,25400,115000,40000,75000,24800,
88,7,504140,286540,122410,164130,87290,37410,49880,33600,14700,18900,84450,29700,54750,81200,40600,40600,199000,64000,135000,18600,
88,8,499525,305725,135910,169815,93525,37410,56115,35700,16800,18900,90300,44100,46200,86200,37600,48600,169000,64000,105000,24800,
88,9,445225,265625,108080,157545,93525,49880,43645,18900,4200,14700,67200,25200,42000,86000,28800,57200,161000,56000,105000,18600,
88,10,515720,291920,146545,145375,74820,43645,31175,31500,16800,14700,75600,39900,35700,110000,46200,63800,199000,64000,135000,24800,
88,11,529405,282605,147210,135395,81055,37410,43645,31500,14700,16800,48450,31500,16950,121600,63600,58000,222000,72000,150000,24800,
88,12,553660,329860,144275,185585,99760,31175,68585,42000,18900,23100,77700,42000,35700,110400,52200,58200,199000,64000,135000,24800,
88,13,387525,253725,119975,133750,93525,31175,62350,25200,10500,14700,75600,35700,39900,59400,42600,16800,109000,64000,45000,24800,
88,14,479605,307005,121590,185415,81055,24940,56115,50400,18900,31500,86550,48750,37800,89000,29000,60000,154000,64000,90000,18600,
88,15,475625,251825,118710,133115,93525,37410,56115,31500,16800,14700,48600,29700,18900,78200,34800,43400,199000,64000,135000,24800,
88,16,465460,317660,140245,177415,99760,43645,56115,29400,16800,12600,86100,42000,44100,102400,37800,64600,123000,48000,75000,24800,
88,17,526660,333860,125210,208650,99760,37410,62350,48300,18900,29400,79800,31500,48300,106000,37400,68600,168000,48000,120000,24800,
88,18,484490,312890,121710,191180,87290,37410,49880,35700,10500,25200,77700,33600,44100,112200,40200,72000,153000,48000,105000,18600,
88,19,523615,306815,123130,183685,118465,49880,68585,44100,18900,25200,69450,25350,44100,74800,29000,45800,192000,72000,120000,24800,
88,20,393315,275715,118970,156745,77615,12470,65145,44100,14700,29400,75600,54600,21000,78400,37200,41200,99000,24000,75000,18600,
88,21,454560,288960,122610,166350,99760,37410,62350,33600,14700,18900,63000,27300,35700,92600,43200,49400,147000,72000,75000,18600,
88,22,536270,282470,102490,179980,74820,24940,49880,39900,14700,25200,81150,45450,35700,86600,17400,69200,229000,64000,165000,24800,
88,23,544140,319540,144860,174680,87290,37410,49880,42000,18900,23100,86250,42150,44100,104000,46400,57600,206000,56000,150000,18600,
88,24,469900,236300,100110,136190,62350,37410,24940,33750,14850,18900,47400,13050,34350,92800,34800,58000,215000,80000,135000,18600,
88,25,500925,286125,132580,153545,93525,49880,43645,39900,14700,25200,69300,25200,44100,83400,42800,40600,190000,40000,150000,24800,
88,26,420385,255785,123810,131975,68585,37410,31175,25200,14700,10500,75600,39900,35700,86400,31800,54600,146000,56000,90000,18600,
88,27,531555,307755,147245,160510,81055,43645,37410,44100,14700,29400,84000,48300,35700,98600,40600,58000,199000,64000,135000,24800,
88,28,505370,288770,124790,163980,74820,24940,49880,33600,16800,16800,90750,42450,48300,89600,40600,49000,198000,48000,150000,18600,
88,29,469425,276625,130280,146345,93525,49880,43645,44100,18900,25200,58800,35700,23100,80200,25800,54400,168000,48000,120000,24800,
88,30,382260,233460,116675,116785,108760,31175,77585,35700,10500,25200,37800,37800,0,51200,37200,14000,124000,64000,60000,24800,
89,0,436900,264300,120400,143900,75000,36000,39000,52200,13050,39150,92100,51750,40350,45000,19600,25400,154000,64000,90000,18600,
89,1,451585,257785,111240,146545,68585,24940,43645,25200,16800,8400,54600,23100,31500,109400,46400,63000,169000,64000,105000,24800,
89,2,474890,287290,129110,158180,87290,37410,49880,48300,23100,25200,56700,25200,31500,95000,43400,51600,169000,64000,105000,18600,
89,3,508225,293425,115875,177550,93525,31175,62350,29400,10500,18900,65100,25200,39900,105400,49000,56400,190000,40000,150000,24800,
89,4,424455,253655,101740,151915,81055,24940,56115,31500,16800,14700,60900,25200,35700,80200,34800,45400,146000,56000,90000,24800,
89,5,465255,278655,117175,161480,81055,31175,49880,42000,21000,21000,86400,36000,50400,69200,29000,40200,168000,48000,120000,18600,
89,6,473380,290980,132695,158285,112230,43645,68585,42000,18900,23100,42150,29550,12600,94600,40600,54000,170000,80000,90000,12400,
89,7,510020,314620,128050,186570,79770,30000,49770,42900,28200,14700,87150,47250,39900,104800,22600,82200,183000,48000,135000,12400,
89,8,463985,269385,103150,166235,39235,6000,33235,71700,30450,41250,95850,38700,57150,62600,28000,34600,176000,56000,120000,18600,
89,9,524635,307035,143150,163885,72235,27000,45235,40950,17100,23850,121050,67050,54000,72800,32000,40800,199000,64000,135000,18600,
89,10,450620,286020,134250,151770,67770,25300,42470,45450,12900,32550,90000,45450,44550,82800,50600,32200,146000,56000,90000,18600,
89,11,521400,304600,142700,161900,66000,30000,36000,58650,23850,34800,111750,66450,45300,68200,22400,45800,192000,72000,120000,24800,
89,12,406000,236200,114250,121950,54000,24000,30000,49800,21600,28200,70800,40650,30150,61600,28000,33600,145000,40000,105000,24800,
89,13,451570,325970,147800,178170,87970,34300,53670,38700,17700,21000,69300,25200,44100,130000,70600,59400,107000,32000,75000,18600,
89,14,521850,282250,125600,156650,60000,21000,39000,41250,21750,19500,117000,52050,64950,64000,30800,33200,221000,56000,165000,18600,
89,15,524135,315335,136835,178500,73535,27235,46300,56400,25950,30450,93600,55650,37950,91800,28000,63800,184000,64000,120000,24800,
89,16,420950,244950,106900,138050,59600,21000,38600,32550,19500,13050,90000,38400,51600,62800,28000,34800,145000,40000,105000,31000,
89,17,490450,287050,115700,171350,58300,30000,28300,47700,13050,34650,85650,41250,44400,95400,31400,64000,191000,56000,135000,12400,
89,18,432500,246700,123650,123050,66000,24000,42000,36300,25800,10500,99600,43050,56550,44800,30800,14000,161000,56000,105000,24800,
89,19,513105,287505,119450,168055,75705,33000,42705,36750,15150,21600,106050,54300,51750,69000,17000,52000,207000,72000,135000,18600,
89,20,411300,270700,124950,145750,74600,31300,43300,42150,17400,24750,84750,42450,42300,69200,33800,35400,122000,32000,90000,18600,
89,21,486820,292020,122450,169570,48470,12000,36470,54000,25800,28200,103350,62250,41100,86200,22400,63800,170000,80000,90000,24800,
89,22,512435,309835,135735,174100,68835,27235,41600,50250,16800,33450,105750,60900,44850,85000,30800,54200,184000,64000,120000,18600,
89,23,489550,303950,114950,189000,70300,30000,40300,35100,15150,19950,81150,39000,42150,117400,30800,86600,167000,32000,135000,18600,
89,24,513135,289535,114100,175435,63235,21000,42235,39900,10800,29100,106800,54300,52500,79600,28000,51600,205000,40000,165000,18600,
89,25,448035,282635,136900,145735,61535,31300,30235,50850,20400,30450,92250,51600,40650,78000,33600,44400,153000,48000,105000,12400,
89,26,487420,252820,132870,119950,39470,18470,21000,39150,26100,13050,97800,43500,54300,76400,44800,31600,216000,96000,120000,18600,
89,27,514850,282250,130700,151550,54000,24000,30000,46500,21750,24750,110550,54150,56400,71200,30800,40400,214000,64000,150000,18600,
89,28,530150,321350,140250,181100,87100,24000,63100,66000,33450,32550,91650,49200,42450,76600,33600,43000,184000,64000,120000,24800,
89,29,479235,268635,106900,161735,57235,24000,33235,45450,15150,30300,71550,39150,32400,94400,28600,65800,192000,72000,120000,18600,
89,30,487540,293740,134600,159140,54940,18000,36940,58650,30450,28200,104550,46950,57600,75600,39200,36400,169000,64000,105000,24800,
90,0,431000,269200,112800,156400,46300,15000,31300,28050,15150,12900,84450,49050,35400,110400,33600,76800,137000,32000,105000,24800,
90,1,490835,259035,113300,145735,63235,27000,36235,60750,26100,34650,84450,34800,49650,50600,25400,25200,207000,72000,135000,24800,
90,2,481920,271320,113850,157470,33470,15000,18470,42150,21750,20400,97500,43500,54000,98200,33600,64600,192000,72000,120000,18600,
90,3,489200,287600,133100,154500,70300,24000,46300,54300,19500,34800,90000,55800,34200,73000,33800,39200,183000,48000,135000,18600,
90,4,489170,288170,114000,174170,57470,24000,33470,60750,26100,34650,89550,30300,59250,80400,33600,46800,170000,80000,90000,31000,
90,5,384570,238570,126620,111950,51470,30470,21000,61350,28950,32400,86550,42000,44550,39200,25200,14000,115000,40000,75000,31000,
90,6,386400,214800,93900,120900,30000,18000,12000,47700,15150,32550,66900,32550,34350,70200,28200,42000,153000,48000,105000,18600,
90,7,485050,274450,132500,141950,54000,30000,24000,52050,19500,32550,78000,34800,43200,90400,48200,42200,192000,72000,120000,18600,
90,8,609000,321400,144150,177250,69000,30000,39000,63000,26100,36900,80400,47850,32550,109000,40200,68800,269000,104000,165000,18600,
90,9,479000,247200,97750,149450,57000,24000,33000,45600,17400,28200,95400,39150,56250,49200,17200,32000,207000,72000,135000,24800,
90,10,463235,274835,123200,151635,57235,21000,36235,46200,21450,24750,97200,49950,47250,74200,30800,43400,176000,56000,120000,12400,
90,11,436600,259800,126650,133150,39000,27000,12000,54300,21750,32550,78900,36300,42600,87600,41600,46000,152000,32000,120000,24800,
90,12,445050,298250,118650,179600,53600,18000,35600,45750,24750,21000,90300,42300,48000,108600,33600,75000,122000,32000,90000,24800,
90,13,467800,267800,106850,160950,77600,33000,44600,32400,6300,26100,86400,39150,47250,71400,28400,43000,169000,64000,105000,31000,
90,14,522100,288700,131550,157150,54000,24000,30000,57300,28200,29100,114600,54150,60450,62800,25200,37600,221000,56000,165000,12400,
90,15,399020,273220,125885,147335,64770,30235,34535,51900,21600,30300,75750,40050,35700,80800,34000,46800,101000,56000,45000,24800,
90,16,497800,273200,103200,170000,60900,21000,39900,42000,4200,37800,99300,52200,47100,71000,25800,45200,206000,56000,150000,18600,
90,17,448735,270135,115750,154385,51235,21000,30235,56400,26100,30300,110700,49050,61650,51800,19600,32200,160000,40000,120000,18600,
90,18,443200,258400,140200,118200,59600,35600,24000,54150,21600,32550,59850,31800,28050,84800,51200,33600,160000,40000,120000,24800,
90,19,451250,248650,119400,129250,42000,27000,15000,39150,17400,21750,97500,49800,47700,70000,25200,44800,184000,64000,120000,18600,
90,20,484970,289370,137935,151435,72470,30235,42235,39900,28200,11700,105600,42900,62700,71400,36600,34800,177000,72000,105000,18600,
90,21,372000,216200,109850,106350,48000,21000,27000,47550,15150,32400,64650,42900,21750,56000,30800,25200,131000,56000,75000,24800,
90,22,507600,268000,100600,167400,51000,21000,30000,58500,28200,30300,66900,28200,38700,91600,23200,68400,221000,56000,165000,18600,
90,23,428235,257435,98000,159435,48235,9000,39235,47700,13050,34650,78900,36750,42150,82600,39200,43400,146000,56000,90000,24800,
90,24,380250,231650,102950,128700,67300,33000,34300,43350,23850,19500,66600,23700,42900,54400,22400,32000,130000,40000,90000,18600,
90,25,463585,278785,121985,156800,70135,21235,48900,52050,21600,30450,77400,42750,34650,79200,36400,42800,160000,40000,120000,24800,
90,26,507850,291050,120300,170750,54000,18000,36000,54300,17400,36900,77550,36900,40650,105200,48000,57200,192000,72000,120000,24800,
90,27,477400,289000,145550,143450,66000,24000,42000,47850,17400,30450,93150,54150,39000,82000,50000,32000,176000,56000,120000,12400,
90,28,496300,264500,130750,133750,42000,27000,15000,56550,30450,26100,93150,45300,47850,72800,28000,44800,207000,72000,135000,24800,
90,29,489700,273900,132350,141550,45000,24000,21000,49800,19500,30300,120300,58050,62250,58800,30800,28000,191000,56000,135000,24800,
90,30,539300,277500,138100,139400,63000,27000,36000,41100,21600,19500,84600,58500,26100,88800,31000,57800,237000,72000,165000,24800,
91,0,444320,259520,131140,128380,74820,24940,49880,33600,21000,12600,81900,42000,39900,69200,43200,26000,160000,40000,120000,24800,
91,1,434460,284660,120545,164115,99760,43645,56115,37800,16800,21000,73500,39900,33600,73600,20200,53400,125000,80000,45000,24800,
91,2,553200,328400,134050,194350,63000,24000,39000,45450,23850,21600,119550,58200,61350,100400,28000,72400,200000,80000,120000,24800,
91,3,424400,297800,121700,176100,79400,28300,51100,36150,15150,21000,86850,40650,46200,95400,37600,57800,108000,48000,60000,18600,
91,4,491000,288400,134850,153550,63000,27000,36000,58500,19500,39000,101100,43350,57750,65800,45000,20800,184000,64000,120000,18600,
91,5,389900,235100,86200,148900,43300,15000,28300,35550,10800,24750,86250,40800,45450,70000,19600,50400,130000,40000,90000,24800,
91,6,414635,265835,137450,128385,70535,31300,39235,31200,24750,6450,102900,42600,60300,61200,38800,22400,124000,64000,60000,24800,
91,7,444600,258000,100900,157100,68600,24000,44600,45450,15150,30300,75750,21750,54000,68200,40000,28200,168000,48000,120000,18600,
91,8,502750,270150,119100,151050,61300,18000,43300,59550,26100,33450,101700,58200,43500,47600,16800,30800,214000,64000,150000,18600,
91,9,432385,289785,137350,152435,57735,21000,36735,48300,28800,19500,97950,55350,42600,85800,32200,53600,124000,64000,60000,18600,
91,10,520350,266550,117400,149150,57000,24000,33000,52050,25950,26100,95700,47850,47850,61800,19600,42200,229000,64000,165000,24800,
91,11,492205,344405,115885,228520,88705,18235,70470,44400,15000,29400,97500,40650,56850,113800,42000,71800,123000,48000,75000,24800,
91,12,565085,331485,149335,182150,73135,27235,45900,62850,17250,45600,126900,62850,64050,68600,42000,26600,215000,80000,135000,18600,
91,13,463950,283550,104450,179100,68600,15000,53600,43950,15150,28800,82200,43500,38700,88800,30800,58000,168000,48000,120000,12400,
91,14,463870,255070,105800,149270,69470,24000,45470,63750,25950,37800,62850,30450,32400,59000,25400,33600,184000,64000,120000,24800,
91,15,473350,255750,117350,138400,57000,33000,24000,45600,19500,26100,82350,30450,51900,70800,34400,36400,199000,64000,135000,18600,
91,16,437100,255700,121600,134100,72000,27000,45000,26100,4350,21750,69600,47850,21750,88000,42400,45600,169000,64000,105000,12400,
91,17,403500,232700,100200,132500,52300,21000,31300,43500,21750,21750,75300,32250,43050,61600,25200,36400,146000,56000,90000,24800,
91,18,509205,294405,127700,166705,69705,30000,39705,49950,19500,30450,98550,47400,51150,76200,30800,45400,190000,40000,150000,24800,
91,19,461185,291385,124000,167385,85135,25300,59835,43200,21750,21450,67650,31950,35700,95400,45000,50400,145000,40000,105000,24800,
91,20,511500,302700,134850,167850,73300,30000,43300,58650,23850,34800,91950,55800,36150,78800,25200,53600,184000,64000,120000,24800,
91,21,499940,297340,127800,169540,63940,27000,36940,52050,30450,21600,106950,45150,61800,74400,25200,49200,184000,64000,120000,18600,
91,22,435785,262985,114000,148985,60235,24000,36235,50850,21750,29100,90300,34650,55650,61600,33600,28000,148000,88000,60000,24800,
91,23,438385,272985,130700,142285,63235,33000,30235,54300,23850,30450,98250,51450,46800,57200,22400,34800,153000,48000,105000,12400,
91,24,529635,359035,167400,191635,87335,35200,52135,37800,21000,16800,93300,50400,42900,140600,60800,79800,152000,32000,120000,18600,
91,25,447500,289900,116650,173250,80200,24000,56200,50850,19500,31350,58650,36750,21900,100200,36400,63800,139000,64000,75000,18600,
91,26,528800,289800,106900,182900,42000,21000,21000,30450,17400,13050,90150,19500,70650,127200,49000,78200,208000,88000,120000,31000,
91,27,494550,309750,135850,173900,61300,24000,37300,48450,21750,26700,108000,51300,56700,92000,38800,53200,160000,40000,120000,24800,
91,28,533750,316150,142250,173900,77200,34300,42900,63750,21600,42150,73200,49950,23250,102000,36400,65600,199000,64000,135000,18600,
91,29,474600,272000,123800,148200,39000,30000,9000,53850,21750,32100,86550,41250,45300,92600,30800,61800,184000,64000,120000,18600,
91,30,534650,314250,133450,180800,58300,18000,40300,45450,19500,25950,105900,56550,49350,104600,39400,65200,208000,88000,120000,12400,
92,0,542045,339445,147460,191985,105995,37410,68585,35700,16800,18900,96750,52650,44100,101000,40600,60400,184000,64000,120000,18600,
92,1,400390,236590,100510,136080,87290,37410,49880,29400,12600,16800,56700,18900,37800,63200,31600,31600,139000,64000,75000,24800,
92,2,432185,250585,125280,125305,68585,49880,18705,33600,14700,18900,52800,23100,29700,95600,37600,58000,163000,88000,75000,18600,
92,3,395920,272120,102475,169645,109620,40175,69445,23100,14700,8400,71400,25200,46200,68000,22400,45600,99000,24000,75000,24800,
92,4,571490,352890,158410,194480,87290,37410,49880,52500,18900,33600,102900,44100,58800,110200,58000,52200,200000,80000,120000,18600,
92,5,584380,342780,155165,187615,112230,56115,56115,29400,14700,14700,88350,37950,50400,112800,46400,66400,223000,88000,135000,18600,
92,6,566810,333210,126690,206520,99760,24940,74820,29400,14700,14700,86850,40650,46200,117200,46400,70800,215000,80000,135000,18600,
92,7,459440,265840,95085,170755,87290,6235,81055,31500,10500,21000,55050,31950,23100,92000,46400,45600,175000,40000,135000,18600,
92,8,509290,275490,136545,138945,87290,43645,43645,37800,14700,23100,57600,31800,25800,92800,46400,46400,209000,104000,105000,24800,
92,9,511155,293355,119440,173915,81055,24940,56115,44100,18900,25200,61200,23400,37800,107000,52200,54800,193000,88000,105000,24800,
92,10,554415,315615,152780,162835,118465,49880,68585,39900,21000,18900,82050,35700,46350,75200,46200,29000,214000,64000,150000,24800,
92,11,517990,286190,121110,165080,87290,37410,49880,39900,14700,25200,54600,16800,37800,104400,52200,52200,207000,72000,135000,24800,
92,12,541810,295010,143995,151015,99760,43645,56115,33600,21000,12600,71850,44550,27300,89800,34800,55000,222000,72000,150000,24800,
92,13,534875,288075,123210,164865,93525,37410,56115,42000,12600,29400,82950,38400,44550,69600,34800,34800,222000,72000,150000,24800,
92,14,524100,315300,154045,161255,124700,43645,81055,39900,16800,23100,81900,58800,23100,68800,34800,34000,184000,64000,120000,24800,
92,15,574860,322060,138345,183715,99760,43645,56115,18900,10500,8400,79800,37800,42000,123600,46400,77200,228000,48000,180000,24800,
92,16,505690,304090,140480,163610,87290,49880,37410,33600,16800,16800,71400,33600,37800,111800,40200,71600,183000,48000,135000,18600,
92,17,473395,301795,96675,205120,118895,31175,87720,37800,14700,23100,67500,27600,39900,77600,23200,54400,153000,48000,105000,18600,
92,18,523720,345120,129940,215180,74820,24940,49880,46200,12600,33600,81900,37800,44100,142200,54600,87600,160000,40000,120000,18600,
92,19,482360,320560,129510,191050,99760,37410,62350,48300,21000,27300,69300,31500,37800,103200,39600,63600,137000,32000,105000,24800,
92,20,410195,297595,116380,181215,114595,49880,64715,33600,21000,12600,54600,23100,31500,94800,22400,72400,94000,64000,30000,18600,
92,21,494655,269855,90605,179250,81055,18705,62350,35700,14700,21000,81300,45600,35700,71800,11600,60200,200000,80000,120000,24800,
92,22,445925,281325,131510,149815,93525,37410,56115,33600,12600,21000,79800,35700,44100,74400,45800,28600,146000,56000,90000,18600,
92,23,440485,259885,106605,153280,68585,18705,49880,29400,16800,12600,61500,36300,25200,100400,34800,65600,162000,72000,90000,18600,
92,24,415255,278855,137810,141045,81055,37410,43645,33600,16800,16800,67200,29400,37800,97000,54200,42800,124000,64000,60000,12400,
92,25,526265,262465,119460,143005,56115,37410,18705,31500,16800,14700,82050,30450,51600,92800,34800,58000,239000,104000,135000,24800,
92,26,575745,305945,106060,199885,105995,37410,68585,40200,15000,25200,61350,13050,48300,98400,40600,57800,245000,80000,165000,24800,
92,27,504605,279805,97925,181880,81055,31175,49880,39900,12600,27300,80850,36750,44100,78000,17400,60600,200000,80000,120000,24800,
92,28,561025,313225,142410,170815,93525,37410,56115,33600,16800,16800,67500,36000,31500,118600,52200,66400,223000,88000,135000,24800,
92,29,392520,275720,94875,180845,92020,31175,60845,37800,16800,21000,65100,27300,37800,80800,19600,61200,92000,32000,60000,24800,
92,30,347490,235890,116010,119880,87290,37410,49880,18900,8400,10500,81900,50400,31500,47800,19800,28000,93000,48000,45000,18600,
93,0,537135,321135,159735,161400,67135,27235,39900,49800,30300,19500,105000,51000,54000,99200,51200,48000,185000,80000,105000,31000,
93,1,565495,318695,144845,173850,105995,43645,62350,31500,12600,18900,71400,33600,37800,109800,55000,54800,222000,72000,150000,24800,
93,2,470435,276635,140110,136525,68585,37410,31175,23100,10500,12600,92550,46200,46350,92400,46000,46400,169000,64000,105000,24800,
93,3,507020,298220,121750,176470,60470,12000,48470,52200,26100,26100,91350,55650,35700,94200,28000,66200,184000,64000,120000,24800,
93,4,483885,259285,104750,154535,45235,15000,30235,47700,23850,23850,101550,51900,49650,64800,14000,50800,206000,56000,150000,18600,
93,5,529075,303475,132250,171225,76175,15000,61175,49800,21600,28200,101100,64650,36450,76400,31000,45400,207000,72000,135000,18600,
93,6,442650,256850,126650,130200,69000,36000,33000,47550,17250,30300,66900,36600,30300,73400,36800,36600,161000,56000,105000,24800,
93,7,410905,249105,118485,130620,69705,30235,39470,40650,14700,25950,60150,34350,25800,78600,39200,39400,137000,32000,105000,24800,
93,8,557200,355600,125150,230450,76400,21000,55400,47850,19500,28350,106350,53850,52500,125000,30800,94200,183000,48000,135000,18600,
93,9,515850,293050,112300,180750,39000,6000,33000,59400,25950,33450,93450,49350,44100,101200,31000,70200,198000,48000,150000,24800,
93,10,466950,273150,125300,147850,43300,15000,28300,54150,28200,25950,81900,34500,47400,93800,47600,46200,169000,64000,105000,24800,
93,11,356050,221450,108350,113100,66000,30000,36000,36750,23850,12900,62700,23700,39000,56000,30800,25200,116000,56000,60000,18600,
93,12,492850,293050,147750,145300,66000,24000,42000,52950,24750,28200,92100,61800,30300,82000,37200,44800,175000,40000,135000,24800,
93,13,545300,291500,114250,177250,63000,27000,36000,48600,19500,29100,93900,39150,54750,86000,28600,57400,229000,64000,165000,24800,
93,14,518750,279150,136550,142600,48000,27000,21000,49800,23850,25950,91350,43500,47850,90000,42200,47800,221000,56000,165000,18600,
93,15,451235,293635,125335,168300,62835,27235,35600,40950,15150,25800,85050,49350,35700,104800,33600,71200,139000,64000,75000,18600,
93,16,494850,291250,134300,156950,66000,27000,39000,58500,23850,34650,94950,49650,45300,71800,33800,38000,185000,80000,105000,18600,
93,17,464550,271750,126000,145750,52300,27000,25300,62250,25950,36300,92400,36450,55950,64800,36600,28200,168000,48000,120000,24800,
93,18,460400,287800,119000,168800,68600,15000,53600,45600,21750,23850,78600,43050,35550,95000,39200,55800,154000,64000,90000,18600,
93,19,497300,288500,121350,167150,73300,27000,46300,28800,6300,22500,105600,62850,42750,80800,25200,55600,184000,64000,120000,24800,
93,20,450035,262635,119100,143535,54235,24000,30235,32550,15150,17400,105450,51750,53700,70400,28200,42200,175000,40000,135000,12400,
93,21,437655,310055,123820,186235,85205,36470,48735,43200,18000,25200,82650,38550,44100,99000,30800,68200,109000,64000,45000,18600,
93,22,387400,254600,101150,153450,55300,21000,34300,42900,25800,17100,72000,31950,40050,84400,22400,62000,108000,48000,60000,24800,
93,23,441500,238900,117200,121700,51000,15000,36000,47700,15150,32550,78000,56250,21750,62200,30800,31400,184000,64000,120000,18600,
93,24,462850,291250,114350,176900,55300,21000,34300,46650,21750,24900,93300,49200,44100,96000,22400,73600,153000,48000,105000,18600,
93,25,490600,273000,117850,155150,85300,33000,52300,25950,13050,12900,117150,60600,56550,44600,11200,33400,199000,64000,135000,18600,
93,26,444300,257700,111800,145900,31300,12000,19300,43950,21750,22200,97050,47250,49800,85400,30800,54600,168000,48000,120000,18600,
93,27,485400,283800,137750,146050,54000,27000,27000,49950,15150,34800,98850,54000,44850,81000,41600,39400,183000,48000,135000,18600,
93,28,454985,291185,132800,158385,67535,30000,37535,55050,23850,31200,95400,55350,40050,73200,23600,49600,139000,64000,75000,24800,
93,29,424620,215820,95770,120050,51470,18470,33000,39150,17400,21750,63000,26100,36900,62200,33800,28400,184000,64000,120000,24800,
93,30,532420,314820,122900,191920,69470,24000,45470,58050,21600,36450,98100,51900,46200,89200,25400,63800,199000,64000,135000,18600,
94,0,530955,338155,133175,204980,81055,31175,49880,52500,23100,29400,75600,35700,39900,129000,43200,85800,168000,48000,120000,24800,
94,1,424925,253325,110510,142815,93525,37410,56115,18900,6300,12600,52500,21000,31500,88400,45800,42600,153000,48000,105000,18600,
94,2,504760,317160,134880,182280,99760,49880,49880,42000,16800,25200,84000,33600,50400,91400,34600,56800,169000,64000,105000,18600,
94,3,463255,291655,131245,160410,81055,43645,37410,35700,16800,18900,86100,42000,44100,88800,28800,60000,153000,48000,105000,18600,
94,4,440325,268725,130545,138180,93525,43645,49880,31500,14700,16800,77700,37800,39900,66000,34400,31600,153000,48000,105000,18600,
94,5,463085,290485,130045,160440,68585,43645,24940,35700,16800,18900,71400,21000,50400,114800,48600,66200,154000,64000,90000,18600,
94,6,366090,226290,106910,119380,87290,37410,49880,31500,14700,16800,48300,21000,27300,59200,33800,25400,115000,40000,75000,24800,
94,7,504140,286540,122410,164130,87290,37410,49880,33600,14700,18900,84450,29700,54750,81200,40600,40600,199000,64000,135000,18600,
94,8,499525,305725,135910,169815,93525,37410,56115,35700,16800,18900,90300,44100,46200,86200,37600,48600,169000,64000,105000,24800,
94,9,445225,265625,108080,157545,93525,49880,43645,18900,4200,14700,67200,25200,42000,86000,28800,57200,161000,56000,105000,18600,
94,10,515720,291920,146545,145375,74820,43645,31175,31500,16800,14700,75600,39900,35700,110000,46200,63800,199000,64000,135000,24800,
94,11,529405,282605,147210,135395,81055,37410,43645,31500,14700,16800,48450,31500,16950,121600,63600,58000,222000,72000,150000,24800,
94,12,553660,329860,144275,185585,99760,31175,68585,42000,18900,23100,77700,42000,35700,110400,52200,58200,199000,64000,135000,24800,
94,13,387525,253725,119975,133750,93525,31175,62350,25200,10500,14700,75600,35700,39900,59400,42600,16800,109000,64000,45000,24800,
94,14,479605,307005,121590,185415,81055,24940,56115,50400,18900,31500,86550,48750,37800,89000,29000,60000,154000,64000,90000,18600,
94,15,475625,251825,118710,133115,93525,37410,56115,31500,16800,14700,48600,29700,18900,78200,34800,43400,199000,64000,135000,24800,
94,16,465460,317660,140245,177415,99760,43645,56115,29400,16800,12600,86100,42000,44100,102400,37800,64600,123000,48000,75000,24800,
94,17,526660,333860,125210,208650,99760,37410,62350,48300,18900,29400,79800,31500,48300,106000,37400,68600,168000,48000,120000,24800,
94,18,484490,312890,121710,191180,87290,37410,49880,35700,10500,25200,77700,33600,44100,112200,40200,72000,153000,48000,105000,18600,
94,19,523615,306815,123130,183685,118465,49880,68585,44100,18900,25200,69450,25350,44100,74800,29000,45800,192000,72000,120000,24800,
94,20,393315,275715,118970,156745,77615,12470,65145,44100,14700,29400,75600,54600,21000,78400,37200,41200,99000,24000,75000,18600,
94,21,454560,288960,122610,166350,99760,37410,62350,33600,14700,18900,63000,27300,35700,92600,43200,49400,147000,72000,75000,18600,
94,22,536270,282470,102490,179980,74820,24940,49880,39900,14700,25200,81150,45450,35700,86600,17400,69200,229000,64000,165000,24800,
94,23,544140,319540,144860,174680,87290,37410,49880,42000,18900,23100,86250,42150,44100,104000,46400,57600,206000,56000,150000,18600,
94,24,469900,236300,100110,136190,62350,37410,24940,33750,14850,18900,47400,13050,34350,92800,34800,58000,215000,80000,135000,18600,
94,25,500925,286125,132580,153545,93525,49880,43645,39900,14700,25200,69300,25200,44100,83400,42800,40600,190000,40000,150000,24800,
94,26,420385,255785,123810,131975,68585,37410,31175,25200,14700,10500,75600,39900,35700,86400,31800,54600,146000,56000,90000,18600,
94,27,531555,307755,147245,160510,81055,43645,37410,44100,14700,29400,84000,48300,35700,98600,40600,58000,199000,64000,135000,24800,
94,28,505370,288770,124790,163980,74820,24940,49880,33600,16800,16800,90750,42450,48300,89600,40600,49000,198000,48000,150000,18600,
94,29,469425,276625,130280,146345,93525,49880,43645,44100,18900,25200,58800,35700,23100,80200,25800,54400,168000,48000,120000,24800,
94,30,382260,233460,116675,116785,108760,31175,77585,35700,10500,25200,37800,37800,0,51200,37200,14000,124000,64000,60000,24800,
95,0,443150,242350,112950,129400,48000,18000,30000,49800,21600,28200,79950,45150,34800,64600,28200,36400,176000,56000,120000,24800,
95,1,490835,259035,113300,145735,63235,27000,36235,60750,26100,34650,84450,34800,49650,50600,25400,25200,207000,72000,135000,24800,
95,2,481920,271320,113850,157470,33470,15000,18470,42150,21750,20400,97500,43500,54000,98200,33600,64600,192000,72000,120000,18600,
95,3,429535,287935,141150,146785,63235,30000,33235,41100,19500,21600,95400,53250,42150,88200,38400,49800,123000,48000,75000,18600,
95,4,439435,260635,132350,128285,73535,28300,45235,52950,24750,28200,66750,42900,23850,67400,36400,31000,154000,64000,90000,24800,
95,5,460250,254250,108800,145450,51000,24000,27000,49800,23850,25950,77250,30150,47100,76200,30800,45400,175000,40000,135000,31000,
95,6,417400,246600,117200,129400,69000,24000,45000,52050,21750,30300,83550,40650,42900,42000,30800,11200,146000,56000,90000,24800,
95,7,439950,281550,114550,167000,59200,21000,38200,49800,21600,28200,78750,40950,37800,93800,31000,62800,146000,56000,90000,12400,
95,8,403650,255050,101950,153100,50600,18000,32600,49950,21750,28200,82500,42600,39900,72000,19600,52400,130000,40000,90000,18600,
95,9,460850,268050,123150,144900,55300,27000,28300,43350,26100,17250,109200,53250,55950,60200,16800,43400,168000,48000,120000,24800,
95,10,408870,267870,101200,166670,57470,9000,48470,42450,31950,10500,73950,40650,33300,94000,19600,74400,110000,80000,30000,31000,
95,11,463200,282600,97400,185200,62200,12000,50200,42900,19500,23400,68100,26100,42000,109400,39800,69600,162000,72000,90000,18600,
95,12,478800,232000,112400,119600,51000,21000,30000,45600,15150,30450,87000,47850,39150,48400,28400,20000,222000,72000,150000,24800,
95,13,446000,238200,114700,123500,60000,24000,36000,56550,21750,34800,62850,32550,30300,58800,36400,22400,183000,48000,135000,24800,
95,14,472650,285050,120750,164300,50600,18000,32600,36900,15150,21750,120150,62400,57750,77400,25200,52200,169000,64000,105000,18600,
95,15,432585,297185,121250,175935,74835,39000,35835,28200,7200,21000,85350,41250,44100,108800,33800,75000,123000,48000,75000,12400,
95,16,464200,261600,121800,139800,57000,21000,36000,65100,26100,39000,86100,49500,36600,53400,25200,28200,184000,64000,120000,18600,
95,17,395650,290050,120500,169550,67300,30000,37300,42900,17250,25650,86850,36450,50400,93000,36800,56200,87000,72000,15000,18600,
95,18,453350,275550,109700,165850,84900,27000,57900,45600,23850,21750,73650,36450,37200,71400,22400,49000,153000,48000,105000,24800,
95,19,518690,278090,91205,186885,89240,21705,67535,32550,21750,10800,63900,21750,42150,92400,26000,66400,222000,72000,150000,18600,
95,20,420700,225100,96650,128450,51000,18000,33000,65100,32550,32550,34800,8700,26100,74200,37400,36800,177000,72000,105000,18600,
95,21,368850,252050,96650,155400,58300,21000,37300,32550,13050,19500,73800,40200,33600,87400,22400,65000,92000,32000,60000,24800,
95,22,361950,234350,106550,127800,39000,24000,15000,54000,17100,36900,85350,43050,42300,56000,22400,33600,109000,64000,45000,18600,
95,23,492300,315500,137750,177750,85800,31300,54500,47250,32550,14700,90450,39900,50550,92000,34000,58000,152000,32000,120000,24800,
95,24,476770,312970,131300,181670,70770,31300,39470,37350,21750,15600,78450,40650,37800,126400,37600,88800,139000,64000,75000,24800,
95,25,449300,248500,115700,132800,36000,18000,18000,63000,19500,43500,104700,55800,48900,44800,22400,22400,176000,56000,120000,24800,
95,26,513085,318485,129835,188650,92435,27235,65200,49200,25950,23250,76650,43050,33600,100200,33600,66600,176000,56000,120000,18600,
95,27,403450,262650,117800,144850,57000,24000,33000,64500,22350,42150,84750,40650,44100,56400,30800,25600,116000,56000,60000,24800,
95,28,396050,256250,112950,143300,52300,15000,37300,47400,23550,23850,70350,40800,29550,86200,33600,52600,115000,40000,75000,24800,
95,29,388850,269250,116700,152550,61300,21000,40300,31800,12750,19050,91350,57750,33600,84800,25200,59600,101000,56000,45000,18600,
95,30,498750,268750,117150,151600,55300,27000,28300,47700,21750,25950,97350,43200,54150,68400,25200,43200,199000,64000,135000,31000,
96,0,234035,129635,59350,70285,30235,12000,18235,23850,10800,13050,38550,19350,19200,37000,17200,19800,92000,32000,60000,12400,
96,1,515190,306390,134250,172140,72940,27000,45940,47250,16950,30300,96600,54300,42300,89600,36000,53600,184000,64000,120000,24800,
96,2,515135,306335,129835,176500,68835,27235,41600,49500,16950,32550,96600,52050,44550,91400,33600,57800,184000,64000,120000,24800,
96,3,516685,307885,132085,175800,67535,27235,40300,49500,16950,32550,100650,54300,46350,90200,33600,56600,184000,64000,120000,24800,
96,4,511655,302855,132085,170770,69705,27235,42470,48150,16950,31200,99000,54300,44700,86000,33600,52400,184000,64000,120000,24800,
96,5,518250,309450,132650,176800,72500,27000,45500,49500,16950,32550,96450,51900,44550,91000,36800,54200,184000,64000,120000,24800,
96,6,323050,189450,85700,103750,42000,18000,24000,34650,15150,19500,62400,30150,32250,50400,22400,28000,115000,40000,75000,18600,
96,7,237300,132900,60650,72250,30000,12000,18000,23850,10800,13050,45450,23850,21600,33600,14000,19600,92000,32000,60000,12400,
96,8,509575,300775,129835,170940,73175,27235,45940,51900,21600,30300,89700,47400,42300,86000,33600,52400,184000,64000,120000,24800,
96,9,519100,310300,132650,177650,69900,27000,42900,47250,16950,30300,99150,51900,47250,94000,36800,57200,184000,64000,120000,24800,
96,10,518250,309450,131850,177600,67300,27000,40300,56400,23850,32550,95550,47400,48150,90200,33600,56600,184000,64000,120000,24800,
96,11,516835,308035,129835,178200,71435,27235,44200,49500,16950,32550,99300,52050,47250,87800,33600,54200,184000,64000,120000,24800,
96,12,515250,306450,132650,173800,66000,27000,39000,51900,21600,30300,94350,47250,47100,94200,36800,57400,184000,64000,120000,24800,
96,13,321000,187400,83650,103750,42000,18000,24000,30000,12900,17100,64800,30150,34650,50600,22600,28000,115000,40000,75000,18600,
96,14,237300,132900,60650,72250,30000,12000,18000,23850,10800,13050,45450,23850,21600,33600,14000,19600,92000,32000,60000,12400,
96,15,514250,305450,131850,173600,67300,27000,40300,55050,23850,31200,92100,47400,44700,91000,33600,57400,184000,64000,120000,24800,
96,16,514320,305520,133050,172470,69470,27000,42470,54150,23850,30300,89700,47400,42300,92200,34800,57400,184000,64000,120000,24800,
96,17,516535,307735,129835,177900,67535,27235,40300,49500,16950,32550,99300,52050,47250,91400,33600,57800,184000,64000,120000,24800,
96,18,518450,309650,131850,177800,69900,27000,42900,56400,23850,32550,91950,47400,44550,91400,33600,57800,184000,64000,120000,24800,
96,19,513350,304550,131850,172700,67300,27000,40300,54150,23850,30300,92100,47400,44700,91000,33600,57400,184000,64000,120000,24800,
96,20,323050,189450,85700,103750,42000,18000,24000,34650,15150,19500,62400,30150,32250,50400,22400,28000,115000,40000,75000,18600,
96,21,237300,132900,60650,72250,30000,12000,18000,23850,10800,13050,45450,23850,21600,33600,14000,19600,92000,32000,60000,12400,
96,22,511635,302835,129835,173000,66235,27235,39000,51900,21600,30300,92100,47400,44700,92600,33600,59000,184000,64000,120000,24800,
96,23,517350,308550,131850,176700,71200,27000,44200,56400,23850,32550,91950,47400,44550,89000,33600,55400,184000,64000,120000,24800,
96,24,513520,304720,131850,172870,69470,27000,42470,54150,23850,30300,89700,47400,42300,91400,33600,57800,184000,64000,120000,24800,
96,25,519500,310700,131850,178850,73800,27000,46800,54150,23850,30300,91950,47400,44550,90800,33600,57200,184000,64000,120000,24800,
96,26,512340,303540,132600,170940,72940,27000,45940,51900,21600,30300,89700,47400,42300,89000,36600,52400,184000,64000,120000,24800,
96,27,323050,189450,85700,103750,42000,18000,24000,34650,15150,19500,62400,30150,32250,50400,22400,28000,115000,40000,75000,18600,
96,28,237300,132900,60650,72250,30000,12000,18000,23850,10800,13050,45450,23850,21600,33600,14000,19600,92000,32000,60000,12400,
96,29,513250,304450,131850,172600,66000,27000,39000,50400,19200,31200,97050,52050,45000,91000,33600,57400,184000,64000,120000,24800,
96,30,514850,306050,131850,174200,71200,27000,44200,54150,23850,30300,89700,47400,42300,91000,33600,57400,184000,64000,120000,24800,
97,0,461020,276220,137600,138620,66470,24000,42470,35400,11550,23850,102750,55650,47100,71600,46400,25200,160000,40000,120000,24800,
97,1,438400,245600,99050,146550,40300,12000,28300,43500,21750,21750,79800,34500,45300,82000,30800,51200,168000,48000,120000,24800,
97,2,556135,330535,106100,224435,66735,12000,54735,55800,19500,36300,112800,60600,52200,95200,14000,81200,207000,72000,135000,18600,
97,3,386800,266400,124700,141700,62600,30000,32600,39900,20400,19500,80700,40500,40200,83200,33800,49400,108000,48000,60000,12400,
97,4,526800,326000,129000,197000,78100,18000,60100,62250,30450,31800,78450,46950,31500,107200,33600,73600,176000,56000,120000,24800,
97,5,427900,234100,117000,117100,51000,27000,24000,43350,17400,25950,78150,39000,39150,61600,33600,28000,169000,64000,105000,24800,
97,6,425900,270100,119300,150800,48000,15000,33000,39000,21600,17400,106500,48900,57600,76600,33800,42800,131000,56000,75000,24800,
97,7,458355,271755,111200,160555,77005,24000,53005,49800,23850,25950,91950,40950,51000,53000,22400,30600,168000,48000,120000,18600,
97,8,475300,258500,105850,152650,42000,33000,9000,47700,21750,25950,88800,36900,51900,80000,14200,65800,192000,72000,120000,24800,
97,9,430635,258835,134000,124835,57235,21000,36235,39000,17400,21600,92400,53400,39000,70200,42200,28000,147000,72000,75000,24800,
97,10,423600,253800,123650,130150,61300,28300,33000,42900,22500,20400,70800,36450,34350,78800,36400,42400,145000,40000,105000,24800,
97,11,444100,266300,130800,135500,60000,21000,39000,55200,21750,33450,93900,53250,40650,57200,34800,22400,153000,48000,105000,24800,
97,12,425650,261050,122250,138800,60900,24000,36900,36900,15150,21750,90450,49500,40950,72800,33600,39200,146000,56000,90000,18600,
97,13,480650,248850,108700,140150,51000,18000,33000,52050,17250,34800,45600,30450,15150,100200,43000,57200,207000,72000,135000,24800,
97,14,551170,334370,135900,198470,79770,33000,46770,52500,19500,33000,114900,58200,56700,87200,25200,62000,192000,72000,120000,24800,
97,15,487450,322850,162250,160600,68600,33000,35600,58500,25950,32550,81750,35700,46050,114000,67600,46400,146000,56000,90000,18600,
97,16,487400,263600,127350,136250,60000,30000,30000,47550,17250,30300,65250,43500,21750,90800,36600,54200,199000,64000,135000,24800,
97,17,364985,224185,85400,138785,58535,24000,34535,28800,12750,16050,88050,34650,53400,48800,14000,34800,116000,56000,60000,24800,
97,18,423235,275435,126000,149435,77835,32600,45235,46200,17400,28800,69600,38400,31200,81800,37600,44200,123000,48000,75000,24800,
97,19,462200,298400,126300,172100,69900,24000,45900,38850,23850,15000,94050,53250,40800,95600,25200,70400,139000,64000,75000,24800,
97,20,397720,265120,118250,146870,78070,28300,49770,27600,10800,16800,78450,51150,27300,81000,28000,53000,114000,24000,90000,18600,
97,21,385850,250250,126500,123750,60000,27000,33000,52950,28200,24750,81300,48900,32400,56000,22400,33600,117000,72000,45000,18600,
97,22,433500,260900,116100,144800,55300,24000,31300,55200,21750,33450,94200,53550,40650,56200,16800,39400,154000,64000,90000,18600,
97,23,363800,221200,90550,130650,45000,21000,24000,31200,15150,16050,64800,17400,47400,80200,37000,43200,124000,64000,60000,18600,
97,24,422350,228750,102900,125850,36000,15000,21000,52050,23850,28200,73500,38850,34650,67200,25200,42000,175000,40000,135000,18600,
97,25,465420,286620,123950,162670,72470,18000,54470,61650,23850,37800,80700,42900,37800,71800,39200,32600,154000,64000,90000,24800,
97,26,482600,303800,117450,186350,54900,15000,39900,56100,23550,32550,81000,45300,35700,111800,33600,78200,154000,64000,90000,24800,
97,27,452750,297150,99550,197600,76800,24000,52800,40500,17400,23100,74250,38550,35700,105600,19600,86000,137000,32000,105000,18600,
97,28,513235,304635,135150,169485,72235,27000,45235,62400,23850,38550,85200,49500,35700,84800,34800,50000,190000,40000,150000,18600,
97,29,506200,289400,134450,154950,64300,30000,34300,60600,21450,39150,93300,52200,41100,71200,30800,40400,192000,72000,120000,24800,
97,30,504800,282800,124250,158550,78500,30000,48500,43350,21600,21750,99150,47250,51900,61800,25400,36400,191000,56000,135000,31000,
98,0,371985,230385,83450,146935,54235,24000,30235,50700,19500,31200,72450,25950,46500,53000,14000,39000,123000,48000,75000,18600,
98,1,519420,302020,121050,180970,69470,18000,51470,39900,21750,18150,104850,47700,57150,87800,33600,54200,205000,40000,165000,12400,
98,2,455350,265950,124250,141700,45000,24000,21000,41100,19500,21600,95250,58350,36900,84600,22400,62200,177000,72000,105000,12400,
98,3,386320,273720,106600,167120,66470,27000,39470,36300,13050,23250,80550,38550,42000,90400,28000,62400,94000,64000,30000,18600,
98,4,410250,259850,123650,136200,57000,24000,33000,56400,23850,32550,95850,45000,50850,50600,30800,19800,138000,48000,90000,12400,
98,5,549435,296635,147085,149550,57235,36235,21000,41100,8550,32550,108300,54300,54000,90000,48000,42000,228000,48000,180000,24800,
98,6,451850,257050,108550,148500,43300,24000,19300,46500,17400,29100,88650,39150,49500,78600,28000,50600,170000,80000,90000,24800,
98,7,379785,277985,107285,170700,66235,24235,42000,37200,14700,22500,85350,48750,36600,89200,19600,69600,77000,32000,45000,24800,
98,8,484300,283700,135900,147800,84000,30000,54000,54300,26100,28200,92400,45000,47400,53000,34800,18200,182000,32000,150000,18600,
98,9,501750,284150,135800,148350,49300,18000,31300,52050,21600,30450,97200,62400,34800,85600,33800,51800,199000,64000,135000,18600,
98,10,531400,292600,144050,148550,75000,30000,45000,54300,21750,32550,80100,51900,28200,83200,40400,42800,214000,64000,150000,24800,
98,11,410150,270350,102350,168000,69500,18000,51500,43050,23850,19200,86400,29700,56700,71400,30800,40600,115000,40000,75000,24800,
98,12,531300,292500,156350,136150,57000,27000,30000,49950,19500,30450,129150,73050,56100,56400,36800,19600,214000,64000,150000,24800,
98,13,449135,270535,109250,161285,54235,18000,36235,53850,19500,34350,68250,40950,27300,94200,30800,63400,160000,40000,120000,18600,
98,14,413250,256650,109000,147650,75500,27000,48500,39150,13050,26100,68400,49350,19050,73600,19600,54000,138000,48000,90000,18600,
98,15,489550,308150,127100,181050,63000,27000,36000,49950,15150,34800,115200,54150,61050,80000,30800,49200,169000,64000,105000,12400,
98,16,460150,257550,110400,147150,67300,27000,40300,46500,21750,24750,67350,30450,36900,76400,31200,45200,184000,64000,120000,18600,
98,17,460300,251500,90450,161050,53600,21000,32600,72450,32550,39900,59850,2100,57750,65600,34800,30800,184000,64000,120000,24800,
98,18,561655,290055,138405,151650,51705,21705,30000,39000,19500,19500,108750,52200,56550,90600,45000,45600,253000,88000,165000,18600,
98,19,428320,270720,113650,157070,60470,21000,39470,41100,19500,21600,85950,45150,40800,83200,28000,55200,139000,64000,75000,18600,
98,20,429635,266835,119900,146935,52535,24000,28535,56100,30150,25950,63600,31950,31650,94600,33800,60800,138000,48000,90000,24800,
98,21,438985,266385,110300,156085,60235,21000,39235,25950,15150,10800,111600,60150,51450,68600,14000,54600,154000,64000,90000,18600,
98,22,425400,238600,113100,125500,45000,21000,24000,49950,26100,23850,90450,32400,58050,53200,33600,19600,162000,72000,90000,24800,
98,23,514550,318950,143300,175650,49300,24000,25300,54150,23700,30450,96300,54000,42300,119200,41600,77600,177000,72000,105000,18600,
98,24,393370,304970,112200,192770,78970,22300,56670,47250,18150,29100,71550,29550,42000,107200,42200,65000,76000,16000,60000,12400,
98,25,497200,271600,117500,154100,48000,15000,33000,30000,25800,4200,108600,54300,54300,85000,22400,62600,207000,72000,135000,18600,
98,26,428685,264885,102850,162035,46535,18000,28535,58500,28200,30300,74250,25650,48600,85600,31000,54600,139000,64000,75000,24800,
98,27,480900,295100,115350,179750,72900,36000,36900,40800,14850,25950,100200,47700,52500,81200,16800,64400,161000,56000,105000,24800,
98,28,492600,261000,122450,138550,63000,27000,36000,60750,28200,32550,77850,30450,47400,59400,36800,22600,213000,48000,165000,18600,
98,29,401735,245135,105200,139935,57235,33000,24235,47700,17400,30300,75000,40800,34200,65200,14000,51200,138000,48000,90000,18600,
98,30,333135,237535,98335,139200,48235,24235,24000,37950,14850,23100,61350,34050,27300,90000,25200,64800,77000,32000,45000,18600,
99,0,249545,145145,67105,78040,43645,18705,24940,18900,8400,10500,33600,16800,16800,49000,23200,25800,92000,32000,60000,12400,
99,1,523325,314525,138210,176315,93525,37410,56115,39900,16800,23100,77700,37800,39900,103400,46200,57200,184000,64000,120000,24800,
99,2,523325,314525,138210,176315,93525,37410,56115,39900,16800,23100,77700,37800,39900,103400,46200,57200,184000,64000,120000,24800,
99,3,523325,314525,138210,176315,93525,37410,56115,39900,16800,23100,77700,37800,39900,103400,46200,57200,184000,64000,120000,24800,
99,4,523325,314525,138210,176315,93525,37410,56115,39900,16800,23100,77700,37800,39900,103400,46200,57200,184000,64000,120000,24800,
99,5,523325,314525,138210,176315,93525,37410,56115,39900,16800,23100,77700,37800,39900,103400,46200,57200,184000,64000,120000,24800,
99,6,332450,198850,87340,111510,62350,24940,37410,25200,10500,14700,48300,23100,25200,63000,28800,34200,115000,40000,75000,18600,
99,7,249545,145145,67105,78040,43645,18705,24940,18900,8400,10500,33600,16800,16800,49000,23200,25800,92000,32000,60000,12400,
99,8,523325,314525,138210,176315,93525,37410,56115,39900,16800,23100,77700,37800,39900,103400,46200,57200,184000,64000,120000,24800,
99,9,523325,314525,138210,176315,93525,37410,56115,39900,16800,23100,77700,37800,39900,103400,46200,57200,184000,64000,120000,24800,
99,10,523325,314525,138210,176315,93525,37410,56115,39900,16800,23100,77700,37800,39900,103400,46200,57200,184000,64000,120000,24800,
99,11,523325,314525,138210,176315,93525,37410,56115,39900,16800,23100,77700,37800,39900,103400,46200,57200,184000,64000,120000,24800,
99,12,523325,314525,138210,176315,93525,37410,56115,39900,16800,23100,77700,37800,39900,103400,46200,57200,184000,64000,120000,24800,
99,13,332450,198850,87340,111510,62350,24940,37410,25200,10500,14700,48300,23100,25200,63000,28800,34200,115000,40000,75000,18600,
99,14,249545,145145,67105,78040,43645,18705,24940,18900,8400,10500,33600,16800,16800,49000,23200,25800,92000,32000,60000,12400,
99,15,523325,314525,138210,176315,93525,37410,56115,39900,16800,23100,77700,37800,39900,103400,46200,57200,184000,64000,120000,24800,
99,16,523325,314525,138210,176315,93525,37410,56115,39900,16800,23100,77700,37800,39900,103400,46200,57200,184000,64000,120000,24800,
99,17,523325,314525,138210,176315,93525,37410,56115,39900,16800,23100,77700,37800,39900,103400,46200,57200,184000,64000,120000,24800,
99,18,523325,314525,138210,176315,93525,37410,56115,39900,16800,23100,77700,37800,39900,103400,46200,57200,184000,64000,120000,24800,
99,19,523325,314525,138210,176315,93525,37410,56115,39900,16800,23100,77700,37800,39900,103400,46200,57200,184000,64000,120000,24800,
99,20,332450,198850,87340,111510,62350,24940,37410,25200,10500,14700,48300,23100,25200,63000,28800,34200,115000,40000,75000,18600,
99,21,249545,145145,67105,78040,43645,18705,24940,18900,8400,10500,33600,16800,16800,49000,23200,25800,92000,32000,60000,12400,
99,22,523325,314525,138210,176315,93525,37410,56115,39900,16800,23100,77700,37800,39900,103400,46200,57200,184000,64000,120000,24800,
99,23,523325,314525,138210,176315,93525,37410,56115,39900,16800,23100,77700,37800,39900,103400,46200,57200,184000,64000,120000,24800,
99,24,523325,314525,138210,176315,93525,37410,56115,39900,16800,23100,77700,37800,39900,103400,46200,57200,184000,64000,120000,24800,
99,25,523325,314525,138210,176315,93525,37410,56115,39900,16800,23100,77700,37800,39900,103400,46200,57200,184000,64000,120000,24800,
99,26,523325,314525,138210,176315,93525,37410,56115,39900,16800,23100,77700,37800,39900,103400,46200,57200,184000,64000,120000,24800,
99,27,332450,198850,87340,111510,62350,24940,37410,25200,10500,14700,48300,23100,25200,63000,28800,34200,115000,40000,75000,18600,
99,28,249545,145145,67105,78040,43645,18705,24940,18900,8400,10500,33600,16800,16800,49000,23200,25800,92000,32000,60000,12400,
99,29,523325,314525,138210,176315,93525,37410,56115,39900,16800,23100,77700,37800,39900,103400,46200,57200,184000,64000,120000,24800,
99,30,523325,314525,138210,176315,93525,37410,56115,39900,16800,23100,77700,37800,39900,103400,46200,57200,184000,64000,120000,24800,
100,0,454285,253485,114640,138845,68585,24940,43645,35700,14700,21000,65400,40200,25200,83800,34800,49000,176000,56000,120000,24800,
100,1,509075,277275,124945,152330,93525,43645,49880,44100,18900,25200,70050,27600,42450,69600,34800,34800,207000,72000,135000,24800,
100,2,502280,291680,125740,165940,49880,24940,24940,29400,14700,14700,73800,33900,39900,138600,52200,86400,192000,72000,120000,18600,
100,3,437125,295525,141345,154180,93525,43645,49880,29400,12600,16800,88200,48300,39900,84400,36800,47600,123000,48000,75000,18600,
100,4,448860,270060,133610,136450,99760,37410,62350,37800,16800,21000,52500,33600,18900,80000,45800,34200,154000,64000,90000,24800,
100,5,471320,265320,114510,150810,74820,37410,37410,35700,16800,18900,63000,23100,39900,91800,37200,54600,175000,40000,135000,31000,
100,6,435295,264495,125710,138785,105995,37410,68585,37800,14700,23100,69300,33600,35700,51400,40000,11400,146000,56000,90000,24800,
100,7,448255,289855,120775,169080,81055,31175,49880,35700,14700,21000,69300,31500,37800,103800,43400,60400,146000,56000,90000,12400,
100,8,412085,263485,104340,159145,68585,24940,43645,35700,14700,21000,75600,35700,39900,83600,29000,54600,130000,40000,90000,18600,
100,9,474805,282005,127960,154045,81055,37410,43645,33600,18900,14700,92550,48450,44100,74800,23200,51600,168000,48000,120000,24800,
100,10,419405,278405,104620,173785,81055,12470,68585,37800,27300,10500,67350,35850,31500,92200,29000,63200,110000,80000,30000,31000,
100,11,476640,296040,104655,191385,87290,18705,68585,35700,14700,21000,61050,19050,42000,112000,52200,59800,162000,72000,90000,18600,
100,12,486420,239620,115025,124595,74820,31175,43645,31500,10500,21000,75300,38550,36750,58000,34800,23200,222000,72000,150000,24800,
100,13,454240,246440,121210,125230,87290,37410,49880,37800,14700,23100,46350,23100,23250,75000,46000,29000,183000,48000,135000,24800,
100,14,474835,287235,123190,164045,68585,24940,43645,25200,10500,14700,101250,52950,48300,92200,34800,57400,169000,64000,105000,18600,
100,15,445230,309830,128850,180980,112230,62350,49880,27300,6300,21000,73500,29400,44100,96800,30800,66000,123000,48000,75000,12400,
100,16,482440,279840,129425,150415,87290,31175,56115,46200,18900,27300,73950,44550,29400,72400,34800,37600,184000,64000,120000,18600,
100,17,401825,296225,122245,173980,93525,43645,49880,35700,12600,23100,79800,29400,50400,87200,36600,50600,87000,72000,15000,18600,
100,18,455230,277430,112410,165020,116530,37410,79120,31500,16800,14700,63000,29400,33600,66400,28800,37600,153000,48000,105000,24800,
100,19,522865,282265,95040,187225,118465,24940,93525,27750,19350,8400,53250,21750,31500,82800,29000,53800,222000,72000,150000,18600,
100,20,438705,243105,107125,135980,81055,31175,49880,46200,23100,23100,23250,6450,16800,92600,46400,46200,177000,72000,105000,18600,
100,21,372820,256020,99775,156245,83420,31175,52245,25200,8400,16800,71400,37800,33600,76000,22400,53600,92000,32000,60000,24800,
100,22,377950,250350,114310,136040,62350,37410,24940,39900,14700,25200,73500,33600,39900,74600,28600,46000,109000,64000,45000,18600,
100,23,502530,325730,140645,185085,116530,43645,72885,37800,23100,14700,88200,39900,48300,83200,34000,49200,152000,32000,120000,24800,
100,24,485960,322160,134545,187615,99760,43645,56115,29400,14700,14700,71400,33600,37800,121600,42600,79000,139000,64000,75000,24800,
100,25,457680,256880,118840,138040,49880,24940,24940,42000,12600,29400,95400,46500,48900,69600,34800,34800,176000,56000,120000,24800,
100,26,518000,323400,136110,187290,124700,37410,87290,35700,18900,16800,67200,33600,33600,95800,46200,49600,176000,56000,120000,18600,
100,27,413690,272890,123910,148980,87290,37410,49880,48300,18900,29400,77700,33600,44100,59600,34000,25600,116000,56000,60000,24800,
100,28,408955,269155,117240,151915,81055,24940,56115,35700,18900,16800,63000,33600,29400,89400,39800,49600,115000,40000,75000,24800,
100,29,397790,278190,123475,154715,87290,31175,56115,25200,12600,12600,81900,48300,33600,83800,31400,52400,101000,56000,45000,18600,
100,30,507670,277670,120660,157010,74820,37410,37410,33600,14700,18900,73650,33750,39900,95600,34800,60800,199000,64000,135000,31000,
