Population,Day,objective,district task cost,district task cost collecting,district task cost sending,district 1 cost,d1 cost collecting,d1 cost sending,district 2 cost,d2 cost collecting,d2 cost sending,district 3 cost,d3 cost collecting,d3 cost sending,district 4 cost,d4 cost collecting,d4 cost sending,transfer taks cost,transshipment center 1 cost,transshipment center 2 cost,major customer task cost,
0,0,234035,129635,59350,70285,30235,12000,18235,23850,10800,13050,38550,19350,19200,37000,17200,19800,92000,32000,60000,12400,
0,1,515190,306390,134250,172140,72940,27000,45940,47250,16950,30300,96600,54300,42300,89600,36000,53600,184000,64000,120000,24800,
0,2,515135,306335,129835,176500,68835,27235,41600,49500,16950,32550,96600,52050,44550,91400,33600,57800,184000,64000,120000,24800,
0,3,516685,307885,132085,175800,67535,27235,40300,49500,16950,32550,100650,54300,46350,90200,33600,56600,184000,64000,120000,24800,
0,4,511655,302855,132085,170770,69705,27235,42470,48150,16950,31200,99000,54300,44700,86000,33600,52400,184000,64000,120000,24800,
0,5,518250,309450,132650,176800,72500,27000,45500,49500,16950,32550,96450,51900,44550,91000,36800,54200,184000,64000,120000,24800,
0,6,323050,189450,85700,103750,42000,18000,24000,34650,15150,19500,62400,30150,32250,50400,22400,28000,115000,40000,75000,18600,
0,7,237300,132900,60650,72250,30000,12000,18000,23850,10800,13050,45450,23850,21600,33600,14000,19600,92000,32000,60000,12400,
0,8,509575,300775,129835,170940,73175,27235,45940,51900,21600,30300,89700,47400,42300,86000,33600,52400,184000,64000,120000,24800,
0,9,519100,310300,132650,177650,69900,27000,42900,47250,16950,30300,99150,51900,47250,94000,36800,57200,184000,64000,120000,24800,
0,10,518250,309450,131850,177600,67300,27000,40300,56400,23850,32550,95550,47400,48150,90200,33600,56600,184000,64000,120000,24800,
0,11,516835,308035,129835,178200,71435,27235,44200,49500,16950,32550,99300,52050,47250,87800,33600,54200,184000,64000,120000,24800,
0,12,515250,306450,132650,173800,66000,27000,39000,51900,21600,30300,94350,47250,47100,94200,36800,57400,184000,64000,120000,24800,
0,13,321000,187400,83650,103750,42000,18000,24000,30000,12900,17100,64800,30150,34650,50600,22600,28000,115000,40000,75000,18600,
0,14,237300,132900,60650,72250,30000,12000,18000,23850,10800,13050,45450,23850,21600,33600,14000,19600,92000,32000,60000,12400,
0,15,514250,305450,131850,173600,67300,27000,40300,55050,23850,31200,92100,47400,44700,91000,33600,57400,184000,64000,120000,24800,
0,16,514320,305520,133050,172470,69470,27000,42470,54150,23850,30300,89700,47400,42300,92200,34800,57400,184000,64000,120000,24800,
0,17,516535,307735,129835,177900,67535,27235,40300,49500,16950,32550,99300,52050,47250,91400,33600,57800,184000,64000,120000,24800,
0,18,518450,309650,131850,177800,69900,27000,42900,56400,23850,32550,91950,47400,44550,91400,33600,57800,184000,64000,120000,24800,
0,19,513350,304550,131850,172700,67300,27000,40300,54150,23850,30300,92100,47400,44700,91000,33600,57400,184000,64000,120000,24800,
0,20,323050,189450,85700,103750,42000,18000,24000,34650,15150,19500,62400,30150,32250,50400,22400,28000,115000,40000,75000,18600,
0,21,237300,132900,60650,72250,30000,12000,18000,23850,10800,13050,45450,23850,21600,33600,14000,19600,92000,32000,60000,12400,
0,22,511635,302835,129835,173000,66235,27235,39000,51900,21600,30300,92100,47400,44700,92600,33600,59000,184000,64000,120000,24800,
0,23,517350,308550,131850,176700,71200,27000,44200,56400,23850,32550,91950,47400,44550,89000,33600,55400,184000,64000,120000,24800,
0,24,513520,304720,131850,172870,69470,27000,42470,54150,23850,30300,89700,47400,42300,91400,33600,57800,184000,64000,120000,24800,
0,25,519500,310700,131850,178850,73800,27000,46800,54150,23850,30300,91950,47400,44550,90800,33600,57200,184000,64000,120000,24800,
0,26,512340,303540,132600,170940,72940,27000,45940,51900,21600,30300,89700,47400,42300,89000,36600,52400,184000,64000,120000,24800,
0,27,323050,189450,85700,103750,42000,18000,24000,34650,15150,19500,62400,30150,32250,50400,22400,28000,115000,40000,75000,18600,
0,28,237300,132900,60650,72250,30000,12000,18000,23850,10800,13050,45450,23850,21600,33600,14000,19600,92000,32000,60000,12400,
0,29,513250,304450,131850,172600,66000,27000,39000,50400,19200,31200,97050,52050,45000,91000,33600,57400,184000,64000,120000,24800,
0,30,514850,306050,131850,174200,71200,27000,44200,54150,23850,30300,89700,47400,42300,91000,33600,57400,184000,64000,120000,24800,
1,0,547950,330350,109650,220700,73800,15000,58800,45450,15150,30300,104700,54300,50400,106400,25200,81200,199000,64000,135000,18600,
1,1,365720,247120,67120,180000,56670,12470,44200,51150,19500,31650,38100,4350,33750,101200,30800,70400,100000,40000,60000,18600,
1,2,546655,282055,131355,150700,57705,21705,36000,43350,23850,19500,104400,52200,52200,76600,33600,43000,246000,96000,150000,18600,
1,3,494935,286135,116350,169785,66235,24000,42235,39000,19500,19500,78300,30450,47850,102600,42400,60200,184000,64000,120000,24800,
1,4,398450,267650,131700,135950,63000,36000,27000,44250,18600,25650,63600,33900,29700,96800,43200,53600,106000,16000,90000,24800,
1,5,426950,269350,108350,161000,56200,15000,41200,37650,15150,22500,96300,55800,40500,79200,22400,56800,139000,64000,75000,18600,
1,6,464000,301200,117650,183550,57000,30000,27000,53100,24750,28350,78300,32100,46200,112800,30800,82000,138000,48000,90000,24800,
1,7,420700,234900,109450,125450,57000,21000,36000,32550,17400,15150,78150,34650,43500,67200,36400,30800,161000,56000,105000,24800,
1,8,512800,251000,102600,148400,48000,9000,39000,58650,23850,34800,84750,49950,34800,59600,19800,39800,237000,72000,165000,24800,
1,9,434850,285450,102800,182650,53600,18000,35600,49050,17100,31950,81000,36900,44100,101800,30800,71000,137000,32000,105000,12400,
1,10,504435,308835,124800,184035,61535,24000,37535,45300,19500,25800,107400,64500,42900,94600,16800,77800,177000,72000,105000,18600,
1,11,472750,294950,133800,161150,70300,27000,43300,69900,21600,48300,88950,42600,46350,65800,42600,23200,153000,48000,105000,24800,
1,12,484905,275305,120800,154505,75705,27000,48705,41100,19500,21600,82500,43500,39000,76000,30800,45200,191000,56000,135000,18600,
1,13,487050,247250,132350,114900,45000,27000,18000,47700,19500,28200,71550,52050,19500,83000,33800,49200,215000,80000,135000,24800,
1,14,524750,278150,141100,137050,66000,33000,33000,41250,21750,19500,106500,49950,56550,64400,36400,28000,228000,48000,180000,18600,
1,15,473650,302850,115700,187150,84100,33000,51100,47100,21750,25350,74250,30150,44100,97400,30800,66600,146000,56000,90000,24800,
1,16,488485,307885,119750,188135,70535,24000,46535,43500,19500,24000,77850,45450,32400,116000,30800,85200,162000,72000,90000,18600,
1,17,422450,219650,112450,107200,45000,27000,18000,65100,30300,34800,67350,32550,34800,42200,22600,19600,178000,88000,90000,24800,
1,18,495550,307950,132650,175300,54000,18000,36000,51750,23850,27900,89400,60000,29400,112800,30800,82000,169000,64000,105000,18600,
1,19,375600,219800,117350,102450,39000,18000,21000,41250,15150,26100,75150,45000,30150,64400,39200,25200,131000,56000,75000,24800,
1,20,472850,256050,132350,123700,45000,21000,24000,63000,32550,30450,77850,36600,41250,70200,42200,28000,192000,72000,120000,24800,
1,21,487500,267900,127000,140900,39000,24000,15000,58650,30450,28200,73650,15150,58500,96600,57400,39200,201000,96000,105000,18600,
1,22,536335,309735,135300,174435,78235,27000,51235,58650,19500,39150,82050,52200,29850,90800,36600,54200,208000,88000,120000,18600,
1,23,406250,248650,127850,120800,63000,24000,39000,47700,23850,23850,72750,57600,15150,65200,22400,42800,139000,64000,75000,18600,
1,24,486605,306005,147600,158405,72705,30000,42705,58650,28200,30450,94050,40800,53250,80600,48600,32000,162000,72000,90000,18600,
1,25,518400,331600,113300,218300,85800,24000,61800,31650,15150,16500,91350,43350,48000,122800,30800,92000,162000,72000,90000,24800,
1,26,474650,272850,120200,152650,52300,30000,22300,58500,21600,36900,94650,34800,59850,67400,33800,33600,177000,72000,105000,24800,
1,27,423870,230070,109085,120985,60470,21235,39235,58350,21450,36900,94050,49200,44850,17200,17200,0,169000,64000,105000,24800,
1,28,530400,344600,134500,210100,76800,31300,45500,44850,21750,23100,93150,44850,48300,129800,36600,93200,161000,56000,105000,24800,
1,29,578185,307385,142050,165335,54235,27000,27235,54150,21600,32550,108600,47850,60750,90400,45600,44800,246000,96000,150000,24800,
1,30,490050,319450,97250,222200,59200,18000,41200,48750,17250,31500,86700,45000,41700,124800,17000,107800,152000,32000,120000,18600,
2,0,478905,271105,116500,154605,48705,9000,39705,36750,15150,21600,95850,47550,48300,89800,44800,45000,183000,48000,135000,24800,
2,1,485150,268350,102950,165400,57000,21000,36000,41100,21600,19500,86850,43350,43500,83400,17000,66400,192000,72000,120000,24800,
2,2,523285,276485,124500,151985,36235,24000,12235,56400,26100,30300,91050,34800,56250,92800,39600,53200,222000,72000,150000,24800,
2,3,440700,239100,95300,143800,60000,24000,36000,60900,21750,39150,81600,32550,49050,36600,17000,19600,183000,48000,135000,18600,
2,4,450200,278600,111750,166850,63000,24000,39000,34500,10650,23850,89700,43500,46200,91400,33600,57800,153000,48000,105000,18600,
2,5,466770,287170,105300,181870,61770,18000,43770,40200,12900,27300,60000,34800,25200,125200,39600,85600,161000,56000,105000,18600,
2,6,523735,261135,100000,161135,51235,6000,45235,45450,8550,36900,97650,47850,49800,66800,37600,29200,244000,64000,180000,18600,
2,7,550020,325220,121900,203320,66470,27000,39470,43050,17400,25650,84900,26100,58800,130800,51400,79400,200000,80000,120000,24800,
2,8,354600,243800,84550,159250,66500,15000,51500,35850,10500,25350,65850,28050,37800,75600,31000,44600,86000,56000,30000,24800,
2,9,347900,250500,91850,158650,43300,18000,25300,49950,21600,28350,50850,13050,37800,106400,39200,67200,85000,40000,45000,12400,
2,10,438520,251720,111900,139820,69470,24000,45470,43500,17400,26100,88350,53700,34650,50400,16800,33600,162000,72000,90000,24800,
2,11,472300,285500,128300,157200,55300,18000,37300,47700,21750,25950,94500,49350,45150,88000,39200,48800,162000,72000,90000,24800,
2,12,549100,306500,146250,160250,63000,27000,36000,54300,17400,36900,87000,47850,39150,102200,54000,48200,224000,104000,120000,18600,
2,13,540920,315320,137500,177820,69470,21000,48470,55950,28200,27750,109500,51900,57600,80400,36400,44000,207000,72000,135000,18600,
2,14,457470,280670,121850,158820,76770,33000,43770,45600,19500,26100,118500,63750,54750,39800,5600,34200,152000,32000,120000,24800,
2,15,349200,198600,88050,110550,39000,15000,24000,47700,15150,32550,58500,41100,17400,53400,16800,36600,132000,72000,60000,18600,
2,16,526770,301970,129450,172520,63470,18000,45470,60750,23850,36900,103350,54000,49350,74400,33600,40800,200000,80000,120000,24800,
2,17,513600,303800,134800,169000,75000,27000,48000,63900,21750,42150,66900,49650,17250,98000,36400,61600,185000,80000,105000,24800,
2,18,468000,296400,122650,173750,49300,9000,40300,48150,26100,22050,67950,51150,16800,131000,36400,94600,153000,48000,105000,18600,
2,19,390800,244000,102950,141050,64300,27000,37300,58050,19500,38550,70050,25650,44400,51600,30800,20800,122000,32000,90000,24800,
2,20,498550,280750,111050,169700,66500,24000,42500,45600,21750,23850,95250,36900,58350,73400,28400,45000,193000,88000,105000,24800,
2,21,493850,284050,125900,158150,54000,30000,24000,49800,23850,25950,103650,49650,54000,76600,22400,54200,185000,80000,105000,24800,
2,22,439850,282250,136550,145700,58300,24000,34300,56550,21750,34800,83400,49200,34200,84000,41600,42400,139000,64000,75000,18600,
2,23,335150,240350,99950,140400,72000,30000,42000,31200,12900,18300,67350,31650,35700,69800,25400,44400,70000,40000,30000,24800,
2,24,491100,273500,94200,179300,45000,3000,42000,49800,23850,25950,83700,39150,44550,95000,28200,66800,199000,64000,135000,18600,
2,25,551800,288200,134250,153950,69000,27000,42000,30150,23850,6300,100050,52200,47850,89000,31200,57800,245000,80000,165000,18600,
2,26,585750,299150,133400,165750,66000,27000,39000,36750,15150,21600,104400,47850,56550,92000,43400,48600,268000,88000,180000,18600,
2,27,406585,233985,130185,103800,48235,24235,24000,65100,19500,45600,47250,47250,0,73400,39200,34200,154000,64000,90000,18600,
2,28,508170,298570,129500,169070,66470,21000,45470,52050,21600,30450,95250,47700,47550,84800,39200,45600,191000,56000,135000,18600,
2,29,452700,288900,116200,172700,82800,30000,52800,47400,26100,21300,69900,40500,29400,88800,19600,69200,139000,64000,75000,24800,
2,30,453535,283735,160835,122900,83835,50835,33000,55950,23400,32550,73950,42000,31950,70000,44600,25400,145000,40000,105000,24800,
3,0,468750,274150,128400,145750,69000,27000,42000,38850,25950,12900,95100,47250,47850,71200,28200,43000,176000,56000,120000,18600,
3,1,441000,271200,105050,166150,73300,33000,40300,42750,19500,23250,58350,21750,36600,96800,30800,66000,145000,40000,105000,24800,
3,2,528485,288885,138185,150700,63235,30235,33000,33300,21600,11700,102150,49950,52200,90200,36400,53800,221000,56000,165000,18600,
3,3,540250,337650,133400,204250,85800,27000,58800,47250,23850,23400,117000,68550,48450,87600,14000,73600,184000,64000,120000,18600,
3,4,461320,281720,131300,150420,63470,21000,42470,56400,30450,25950,85650,49050,36600,76200,30800,45400,161000,56000,105000,18600,
3,5,440785,284185,150150,134035,55535,34300,21235,48600,16050,32550,91050,44400,46650,89000,55400,33600,138000,48000,90000,18600,
3,6,441300,255500,116150,139350,64300,27000,37300,56250,25800,30450,73350,32550,40800,61600,30800,30800,161000,56000,105000,24800,
3,7,470350,275750,135950,139800,49300,28300,21000,58650,36900,21750,88200,34350,53850,79600,36400,43200,176000,56000,120000,18600,
3,8,524735,313335,138800,174535,83835,30000,53835,58650,19500,39150,111450,58500,52950,59400,30800,28600,199000,64000,135000,12400,
3,9,446500,243900,107900,136000,54000,12000,42000,43200,21450,21750,93300,52050,41250,53400,22400,31000,184000,64000,120000,18600,
3,10,471150,270150,140550,129600,60000,30000,30000,49800,21600,28200,84150,49350,34800,76200,39600,36600,170000,80000,90000,31000,
3,11,469300,253500,111350,142150,57000,24000,33000,43500,17400,26100,101400,55950,45450,51600,14000,37600,191000,56000,135000,24800,
3,12,509750,278950,115750,163200,65600,24000,41600,46350,21600,24750,116400,47550,68850,50600,22600,28000,206000,56000,150000,24800,
3,13,560400,280800,134050,146750,54000,27000,27000,39000,12900,26100,104400,56550,47850,83400,37600,45800,261000,96000,165000,18600,
3,14,589800,375000,147000,228000,92300,26600,65700,62250,21750,40500,108450,51450,57000,112000,47200,64800,190000,40000,150000,24800,
3,15,565335,317735,139550,178185,58535,18000,40535,54150,19500,34650,124650,71250,53400,80400,30800,49600,229000,64000,165000,18600,
3,16,408555,276755,131285,145470,53005,28535,24470,60450,25950,34500,102900,50400,52500,60400,26400,34000,107000,32000,75000,24800,
3,17,483000,274200,121400,152800,63000,27000,36000,60300,23850,36450,94500,45150,49350,56400,25400,31000,184000,64000,120000,24800,
3,18,491050,272650,122000,150650,63000,27000,36000,45150,17400,27750,78300,34800,43500,86200,42800,43400,206000,56000,150000,12400,
3,19,422250,249650,104250,145400,54000,24000,30000,39000,17250,21750,82050,34800,47250,74600,28200,46400,154000,64000,90000,18600,
3,20,544800,305000,139100,165900,55300,24000,31300,56400,23850,32550,120900,60450,60450,72400,30800,41600,215000,80000,135000,24800,
3,21,518100,284500,133350,151150,72000,30000,42000,32400,21600,10800,123900,56550,67350,56200,25200,31000,215000,80000,135000,18600,
3,22,510750,276150,129700,146450,63000,21000,42000,47700,23850,23850,82650,30450,52200,82800,54400,28400,216000,96000,120000,18600,
3,23,495085,295285,132150,163135,50835,25300,25535,48600,20400,28200,95850,47250,48600,100000,39200,60800,175000,40000,135000,24800,
3,24,514800,283000,130350,152650,62600,21000,41600,47700,21750,25950,99900,45600,54300,72800,42000,30800,207000,72000,135000,24800,
3,25,603050,317450,136400,181050,78000,33000,45000,67200,28200,39000,93450,34800,58650,78800,40400,38400,267000,72000,195000,18600,
3,26,448850,253250,138100,115150,48000,24000,24000,43500,17400,26100,114150,60300,53850,47600,36400,11200,177000,72000,105000,18600,
3,27,563700,293900,130750,163150,63000,27000,36000,54300,23850,30450,91200,36900,54300,85400,43000,42400,245000,80000,165000,24800,
3,28,486900,261300,119200,142100,60000,9000,51000,47700,21750,25950,73800,52050,21750,79800,36400,43400,207000,72000,135000,18600,
3,29,478335,277535,119600,157935,54235,24000,30235,47850,13050,34800,88050,43350,44700,87400,39200,48200,176000,56000,120000,24800,
3,30,492500,268700,112950,155750,45000,24000,21000,71550,25950,45600,90150,34800,55350,62000,28200,33800,199000,64000,135000,24800,
4,0,469805,245005,101055,143950,48705,27705,21000,45600,13050,32550,71700,26100,45600,79000,34200,44800,200000,80000,120000,24800,
4,1,457850,291450,120950,170500,41600,21000,20600,58650,21750,36900,100200,47400,52800,91000,30800,60200,154000,64000,90000,12400,
4,2,420600,243600,100550,143050,45000,18000,27000,48600,23850,24750,66600,36300,30300,83400,22400,61000,146000,56000,90000,31000,
4,3,409450,229850,96100,133750,63000,18000,45000,67350,23850,43500,68700,43050,25650,30800,11200,19600,161000,56000,105000,18600,
4,4,465450,254850,108900,145950,60000,21000,39000,47700,21600,26100,49950,26100,23850,97200,40200,57000,192000,72000,120000,18600,
4,5,428720,264920,97500,167420,57470,12000,45470,43350,26100,17250,86700,42600,44100,77400,16800,60600,139000,64000,75000,24800,
4,6,392450,246650,81400,165250,52300,21000,31300,52950,19500,33450,61200,21300,39900,80200,19600,60600,121000,16000,105000,24800,
4,7,466500,258700,118400,140300,70300,40300,30000,33450,21750,11700,93150,36750,56400,61800,19600,42200,183000,48000,135000,24800,
4,8,545235,298435,127750,170685,72235,21000,51235,47700,19500,28200,89100,47850,41250,89400,39400,50000,222000,72000,150000,24800,
4,9,456750,293950,102150,191800,84100,21000,63100,38550,21750,16800,78300,34200,44100,93000,25200,67800,138000,48000,90000,24800,
4,10,504350,287550,111600,175950,60000,15000,45000,61650,23850,37800,94500,39150,55350,71400,33600,37800,192000,72000,120000,24800,
4,11,551420,289620,109335,180285,69470,15235,54235,49800,10800,39000,84750,60900,23850,85600,22400,63200,237000,72000,165000,24800,
4,12,482270,295670,118800,176870,52770,12000,40770,59700,28200,31500,78600,53400,25200,104600,25200,79400,168000,48000,120000,18600,
4,13,415350,243750,124250,119500,75000,33000,42000,49800,28200,21600,70950,40650,30300,48000,22400,25600,153000,48000,105000,18600,
4,14,439450,269650,118150,151500,75000,30000,45000,35550,19500,16050,63900,40650,23250,95200,28000,67200,145000,40000,105000,24800,
4,15,467285,264685,122200,142485,69235,27000,42235,39150,17400,21750,80100,49800,30300,76200,28000,48200,184000,64000,120000,18600,
4,16,483685,245885,100000,145885,54235,18000,36235,52800,30300,22500,65250,26100,39150,73600,25600,48000,213000,48000,165000,24800,
4,17,502585,299985,145635,154350,73535,30235,43300,52050,25950,26100,118200,55650,62550,56200,33800,22400,184000,64000,120000,18600,
4,18,438850,222250,104650,117600,42000,24000,18000,41100,21600,19500,73950,30450,43500,65200,28600,36600,198000,48000,150000,18600,
4,19,507150,288550,129600,158950,61300,27000,34300,58350,26100,32250,101700,36900,64800,67200,39600,27600,200000,80000,120000,18600,
4,20,517700,292900,123950,168950,62600,18000,44600,42000,17250,24750,95700,43500,52200,92600,45200,47400,200000,80000,120000,24800,
4,21,450585,261185,122450,138735,69235,18000,51235,45600,17400,28200,101550,64650,36900,44800,22400,22400,177000,72000,105000,12400,
4,22,448200,245600,118100,127500,66000,27000,39000,56400,23850,32550,52200,30450,21750,71000,36800,34200,184000,64000,120000,18600,
4,23,522800,291000,119750,171250,62600,30000,32600,52200,17400,34800,112200,49950,62250,64000,22400,41600,207000,72000,135000,24800,
4,24,366600,233800,102450,131350,61300,30000,31300,48450,15000,33450,55650,23850,31800,68400,33600,34800,108000,48000,60000,24800,
4,25,472050,242050,115650,126400,27000,15000,12000,60600,26100,34500,101250,49350,51900,53200,25200,28000,199000,64000,135000,31000,
4,26,437635,265035,114700,150335,57235,24000,33235,39150,21750,17400,83850,40950,42900,84800,28000,56800,154000,64000,90000,18600,
4,27,475970,296370,130435,165935,72470,27235,45235,48450,21600,26850,89250,53400,35850,86200,28200,58000,161000,56000,105000,18600,
4,28,474100,272300,131150,141150,63000,27000,36000,49950,21750,28200,103350,51600,51750,56000,30800,25200,177000,72000,105000,24800,
4,29,477935,260335,114250,146085,54235,21000,33235,62550,28200,34350,101550,45450,56100,42000,19600,22400,199000,64000,135000,18600,
4,30,449750,285150,109250,175900,65200,18000,47200,41100,17400,23700,89250,43050,46200,89600,30800,58800,146000,56000,90000,18600,
5,0,420250,258450,113800,144650,74600,30000,44600,41700,23550,18150,76950,40650,36300,65200,19600,45600,137000,32000,105000,24800,
5,1,479100,270300,105950,164350,39000,6000,33000,66000,23850,42150,87900,45300,42600,77400,30800,46600,184000,64000,120000,24800,
5,2,490985,281385,125450,155935,69235,33000,36235,57300,19500,37800,86250,39150,47100,68600,33800,34800,191000,56000,135000,18600,
5,3,424835,263035,125400,137635,67535,25300,42235,52950,24750,28200,70950,44550,26400,71600,30800,40800,137000,32000,105000,24800,
5,4,476750,275150,111150,164000,63000,21000,42000,36750,15150,21600,101400,49800,51600,74000,25200,48800,183000,48000,135000,18600,
5,5,510900,317100,126700,190400,60900,15000,45900,51450,23850,27600,87150,51450,35700,117600,36400,81200,169000,64000,105000,24800,
5,6,504300,263700,127100,136600,51000,27000,24000,56400,23850,32550,82500,30450,52050,73800,45800,28000,222000,72000,150000,18600,
5,7,478085,284285,123300,160985,60235,27000,33235,47700,21600,26100,91950,49500,42450,84400,25200,59200,169000,64000,105000,24800,
5,8,461450,251850,123700,128150,48000,18000,30000,60750,28200,32550,75900,41100,34800,67200,36400,30800,191000,56000,135000,18600,
5,9,454000,245200,128550,116650,54000,30000,24000,43500,21750,21750,80100,43200,36900,67600,33600,34000,184000,64000,120000,24800,
5,10,445650,260850,104800,156050,66900,27000,39900,45600,21750,23850,74550,36450,38100,73800,19600,54200,160000,40000,120000,24800,
5,11,529555,304755,104100,200655,78705,24000,54705,49800,23850,25950,80850,30450,50400,95400,25800,69600,200000,80000,120000,24800,
5,12,412500,240900,123000,117900,51000,21000,30000,46200,15750,30450,65100,41250,23850,78600,45000,33600,153000,48000,105000,18600,
5,13,460350,283550,117850,165700,70300,36000,34300,47250,15150,32100,70200,47100,23100,95800,19600,76200,152000,32000,120000,24800,
5,14,493300,262500,133000,129500,57000,21000,36000,34650,19500,15150,122850,72900,49950,48000,19600,28400,206000,56000,150000,24800,
5,15,435250,257450,106300,151150,43300,18000,25300,49650,21450,28200,96300,47250,49050,68200,19600,48600,153000,48000,105000,24800,
5,16,535685,311085,126050,185035,75235,30000,45235,52050,26100,25950,89400,39150,50250,94400,30800,63600,206000,56000,150000,18600,
5,17,449650,232050,98750,133300,30000,9000,21000,58650,23850,34800,93000,51900,41100,50400,14000,36400,199000,64000,135000,18600,
5,18,398450,266650,106200,160450,63500,28300,35200,55350,21600,33750,69600,25500,44100,78200,30800,47400,107000,32000,75000,24800,
5,19,487255,299655,125350,174305,66705,24000,42705,49800,23850,25950,97950,41100,56850,85200,36400,48800,169000,64000,105000,18600,
5,20,413400,243600,93550,150050,47600,18000,29600,52200,21750,30450,81000,25800,55200,62800,28000,34800,145000,40000,105000,24800,
5,21,527535,303735,133385,170350,70135,36235,33900,47400,21300,26100,108000,47850,60150,78200,28000,50200,199000,64000,135000,24800,
5,22,497150,295350,121150,174200,68200,24000,44200,57300,26100,31200,96450,43050,53400,73400,28000,45400,177000,72000,105000,24800,
5,23,494050,285450,121850,163600,58300,24000,34300,54300,15150,39150,96450,51900,44550,76400,30800,45600,190000,40000,150000,18600,
5,24,520500,333700,149200,184500,64300,18000,46300,43950,23850,20100,99450,57750,41700,126000,49600,76400,162000,72000,90000,24800,
5,25,485200,291400,96900,194500,71200,9000,62200,48300,28200,20100,78900,34500,44400,93000,25200,67800,169000,64000,105000,24800,
5,26,398900,235100,110000,125100,54000,21000,33000,43500,13050,30450,81600,45150,36450,56000,30800,25200,139000,64000,75000,24800,
5,27,555970,309170,112700,196470,85770,24000,61770,35100,8700,26400,68700,45600,23100,119600,34400,85200,222000,72000,150000,24800,
5,28,454900,277100,123750,153350,63000,30000,33000,18000,6300,11700,102900,49650,53250,93200,37800,55400,153000,48000,105000,24800,
5,29,459250,266450,112850,153600,59600,30000,29600,61650,23850,37800,75000,28200,46800,70200,30800,39400,168000,48000,120000,24800,
5,30,486800,271000,133750,137250,60000,24000,36000,45600,23850,21750,77400,57900,19500,88000,28000,60000,191000,56000,135000,24800,
6,0,434070,249270,127670,121600,54470,21470,33000,40950,23550,17400,100650,49050,51600,53200,33600,19600,160000,40000,120000,24800,
6,1,420700,270900,112700,158200,68600,30000,38600,52200,21750,30450,83700,46950,36750,66400,14000,52400,125000,80000,45000,24800,
6,2,464500,269700,132350,137350,63000,24000,39000,56400,32550,23850,71100,45000,26100,79200,30800,48400,170000,80000,90000,24800,
6,3,505920,273320,107000,166320,73770,24000,49770,59400,28200,31200,85350,34800,50550,54800,20000,34800,214000,64000,150000,18600,
6,4,427000,255400,122700,132700,64300,30000,34300,43350,19500,23850,94350,45000,49350,53400,28200,25200,153000,48000,105000,18600,
6,5,502650,294850,123500,171350,65600,30000,35600,62400,21750,40650,72450,49350,23100,94400,22400,72000,183000,48000,135000,24800,
6,6,399850,244050,108450,135600,36000,21000,15000,49950,23850,26100,89700,38400,51300,68400,25200,43200,131000,56000,75000,24800,
6,7,508750,293750,125700,168050,59200,21000,38200,54150,19500,34650,98400,60000,38400,82000,25200,56800,184000,64000,120000,31000,
6,8,436735,288135,145850,142285,71435,44200,27235,60750,23850,36900,61950,29400,32550,94000,48400,45600,130000,40000,90000,18600,
6,9,447985,276385,86450,189935,66235,33000,33235,44400,17400,27000,77550,30450,47100,88200,5600,82600,153000,48000,105000,18600,
6,10,408385,207585,98085,109500,30235,15235,15000,39000,15150,23850,82350,36900,45450,56000,30800,25200,176000,56000,120000,24800,
6,11,365000,201200,91200,110000,69000,33000,36000,43350,25950,17400,52050,23850,28200,36800,8400,28400,139000,64000,75000,24800,
6,12,390750,249150,110850,138300,54000,15000,39000,46500,17400,29100,87450,44850,42600,61200,33600,27600,123000,48000,75000,18600,
6,13,497520,264920,108970,155950,61770,36470,25300,24750,8700,16050,80400,17400,63000,98000,46400,51600,214000,64000,150000,18600,
6,14,444150,242550,104850,137700,60000,21000,39000,52950,28200,24750,69600,30450,39150,60000,25200,34800,183000,48000,135000,18600,
6,15,497950,281150,98100,183050,55300,21000,34300,36750,15150,21600,77100,39150,37950,112000,22800,89200,192000,72000,120000,24800,
6,16,458100,250300,118400,131900,63000,27000,36000,63000,30450,32550,62700,30150,32550,61600,30800,30800,183000,48000,135000,24800,
6,17,441950,279150,125200,153950,78900,30000,48900,58650,26100,32550,65400,38100,27300,76200,31000,45200,138000,48000,90000,24800,
6,18,382340,259340,115220,144120,78940,36470,42470,25350,4200,21150,73650,33750,39900,81400,40800,40600,92000,32000,60000,31000,
6,19,487200,275600,126800,148800,57000,27000,30000,47550,19500,28050,97650,43500,54150,73400,36800,36600,193000,88000,105000,18600,
6,20,501000,272200,119150,153050,65200,27000,38200,49950,23850,26100,83850,42900,40950,73200,25400,47800,204000,24000,180000,24800,
6,21,542200,347600,178400,169200,84100,44200,39900,51600,32100,19500,97500,44100,53400,114400,58000,56400,176000,56000,120000,18600,
6,22,445450,280850,121050,159800,64300,27000,37300,52050,17400,34650,87300,51450,35850,77200,25200,52000,146000,56000,90000,18600,
6,23,511185,286385,131650,154735,72235,30000,42235,43350,21600,21750,114600,52050,62550,56200,28000,28200,200000,80000,120000,24800,
6,24,419300,241500,103200,138300,45000,24000,21000,47700,19500,28200,98400,34500,63900,50400,25200,25200,153000,48000,105000,24800,
6,25,512300,296500,132800,163700,49300,27000,22300,55800,18000,37800,99000,45600,53400,92400,42200,50200,191000,56000,135000,24800,
6,26,502150,291550,119050,172500,72000,18000,54000,44250,15150,29100,77700,43500,34200,97600,42400,55200,192000,72000,120000,18600,
6,27,473550,323950,145550,178400,84900,41600,43300,40200,22500,17700,56850,23250,33600,142000,58200,83800,131000,56000,75000,18600,
6,28,512750,272950,130800,142150,45000,15000,30000,39000,28200,10800,103950,54000,49950,85000,33600,51400,215000,80000,135000,24800,
6,29,453950,298350,114250,184100,95700,24000,71700,44850,21750,23100,76200,48900,27300,81600,19600,62000,137000,32000,105000,18600,
6,30,488700,303900,143400,160500,81900,29600,52300,55200,26100,29100,91200,48900,42300,75600,38800,36800,160000,40000,120000,24800,
7,0,520150,310350,131500,178850,66000,30000,36000,47850,26100,21750,115500,55800,59700,81000,19600,61400,185000,80000,105000,24800,
7,1,493650,291050,127600,163450,50600,24000,26600,49800,23850,25950,103050,51750,51300,87600,28000,59600,184000,64000,120000,18600,
7,2,553200,328400,134050,194350,63000,24000,39000,45450,23850,21600,119550,58200,61350,100400,28000,72400,200000,80000,120000,24800,
7,3,424400,297800,121700,176100,79400,28300,51100,36150,15150,21000,86850,40650,46200,95400,37600,57800,108000,48000,60000,18600,
7,4,491000,288400,134850,153550,63000,27000,36000,58500,19500,39000,101100,43350,57750,65800,45000,20800,184000,64000,120000,18600,
7,5,389900,235100,86200,148900,43300,15000,28300,35550,10800,24750,86250,40800,45450,70000,19600,50400,130000,40000,90000,24800,
7,6,414635,265835,137450,128385,70535,31300,39235,31200,24750,6450,102900,42600,60300,61200,38800,22400,124000,64000,60000,24800,
7,7,444600,258000,100900,157100,68600,24000,44600,45450,15150,30300,75750,21750,54000,68200,40000,28200,168000,48000,120000,18600,
7,8,502750,270150,119100,151050,61300,18000,43300,59550,26100,33450,101700,58200,43500,47600,16800,30800,214000,64000,150000,18600,
7,9,432385,289785,137350,152435,57735,21000,36735,48300,28800,19500,97950,55350,42600,85800,32200,53600,124000,64000,60000,18600,
7,10,520350,266550,117400,149150,57000,24000,33000,52050,25950,26100,95700,47850,47850,61800,19600,42200,229000,64000,165000,24800,
7,11,492205,344405,115885,228520,88705,18235,70470,44400,15000,29400,97500,40650,56850,113800,42000,71800,123000,48000,75000,24800,
7,12,533750,316150,142250,173900,77200,34300,42900,63750,21600,42150,73200,49950,23250,102000,36400,65600,199000,64000,135000,18600,
7,13,463950,283550,104450,179100,68600,15000,53600,43950,15150,28800,82200,43500,38700,88800,30800,58000,168000,48000,120000,12400,
7,14,463870,255070,105800,149270,69470,24000,45470,63750,25950,37800,62850,30450,32400,59000,25400,33600,184000,64000,120000,24800,
7,15,473350,255750,117350,138400,57000,33000,24000,45600,19500,26100,82350,30450,51900,70800,34400,36400,199000,64000,135000,18600,
7,16,437100,255700,121600,134100,72000,27000,45000,26100,4350,21750,69600,47850,21750,88000,42400,45600,169000,64000,105000,12400,
7,17,403500,232700,100200,132500,52300,21000,31300,43500,21750,21750,75300,32250,43050,61600,25200,36400,146000,56000,90000,24800,
7,18,509205,294405,127700,166705,69705,30000,39705,49950,19500,30450,98550,47400,51150,76200,30800,45400,190000,40000,150000,24800,
7,19,461185,291385,124000,167385,85135,25300,59835,43200,21750,21450,67650,31950,35700,95400,45000,50400,145000,40000,105000,24800,
7,20,511500,302700,134850,167850,73300,30000,43300,58650,23850,34800,91950,55800,36150,78800,25200,53600,184000,64000,120000,24800,
7,21,499940,297340,127800,169540,63940,27000,36940,52050,30450,21600,106950,45150,61800,74400,25200,49200,184000,64000,120000,18600,
7,22,435785,262985,114000,148985,60235,24000,36235,50850,21750,29100,90300,34650,55650,61600,33600,28000,148000,88000,60000,24800,
7,23,438385,272985,130700,142285,63235,33000,30235,54300,23850,30450,98250,51450,46800,57200,22400,34800,153000,48000,105000,12400,
7,24,529635,359035,167400,191635,87335,35200,52135,37800,21000,16800,93300,50400,42900,140600,60800,79800,152000,32000,120000,18600,
7,25,447500,289900,116650,173250,80200,24000,56200,50850,19500,31350,58650,36750,21900,100200,36400,63800,139000,64000,75000,18600,
7,26,528800,289800,106900,182900,42000,21000,21000,30450,17400,13050,90150,19500,70650,127200,49000,78200,208000,88000,120000,31000,
7,27,494550,309750,135850,173900,61300,24000,37300,48450,21750,26700,108000,51300,56700,92000,38800,53200,160000,40000,120000,24800,
7,28,565085,331485,149335,182150,73135,27235,45900,62850,17250,45600,126900,62850,64050,68600,42000,26600,215000,80000,135000,18600,
7,29,474600,272000,123800,148200,39000,30000,9000,53850,21750,32100,86550,41250,45300,92600,30800,61800,184000,64000,120000,18600,
7,30,534650,314250,133450,180800,58300,18000,40300,45450,19500,25950,105900,56550,49350,104600,39400,65200,208000,88000,120000,12400,
8,0,467350,272750,109850,162900,66500,18000,48500,49950,19500,30450,36300,15150,21150,120000,57200,62800,176000,56000,120000,18600,
8,1,488750,277150,126800,150350,45000,27000,18000,57300,23850,33450,76050,39150,36900,98800,36800,62000,193000,88000,105000,18600,
8,2,460050,257450,119100,138350,36000,12000,24000,41250,23850,17400,93000,49650,43350,87200,33600,53600,184000,64000,120000,18600,
8,3,492750,275950,121650,154300,70300,18000,52300,42000,21600,20400,110250,45450,64800,53400,36600,16800,192000,72000,120000,24800,
8,4,451050,251250,115100,136150,72000,21000,51000,60750,21600,39150,41100,30300,10800,77400,42200,35200,175000,40000,135000,24800,
8,5,417050,253250,109850,143400,48000,18000,30000,61650,23850,37800,81000,51000,30000,62600,17000,45600,139000,64000,75000,24800,
8,6,413485,247885,111600,136285,57235,30000,27235,54150,17250,36900,69300,39150,30150,67200,25200,42000,147000,72000,75000,18600,
8,7,503200,286400,133850,152550,63000,33000,30000,37500,17250,20250,112500,58200,54300,73400,25400,48000,192000,72000,120000,24800,
8,8,510200,281200,148000,133200,64300,25300,39000,49950,34800,15150,83550,53100,30450,83400,34800,48600,198000,48000,150000,31000,
8,9,484350,289750,104450,185300,42900,15000,27900,47250,23850,23400,85200,34800,50400,114400,30800,83600,176000,56000,120000,18600,
8,10,462910,214310,92990,121320,64410,24940,39470,49950,21750,28200,56550,26100,30450,43400,20200,23200,230000,80000,150000,18600,
8,11,416000,244200,121350,122850,39000,21000,18000,49950,19500,30450,79650,47250,32400,75600,33600,42000,147000,72000,75000,24800,
8,12,532300,300500,147900,152600,63000,33000,30000,69600,34800,34800,80100,45300,34800,87800,34800,53000,207000,72000,135000,24800,
8,13,482385,314385,123450,190935,77035,30000,47035,41400,20400,21000,107550,46650,60900,88400,26400,62000,137000,32000,105000,31000,
8,14,391070,248470,76900,171570,64770,18000,46770,40650,21750,18900,65850,25950,39900,77200,11200,66000,124000,64000,60000,18600,
8,15,469550,282750,121550,161200,65200,34300,30900,47850,17400,30450,79500,30450,49050,90200,39400,50800,162000,72000,90000,24800,
8,16,489285,288485,123400,165085,48235,18000,30235,62850,28200,34650,81000,40800,40200,96400,36400,60000,176000,56000,120000,24800,
8,17,426800,285200,120250,164950,55300,30000,25300,36300,19500,16800,99600,51150,48450,94000,19600,74400,123000,48000,75000,18600,
8,18,502635,262835,109185,153650,72235,30235,42000,54300,13050,41250,23700,19500,4200,112600,46400,66200,215000,80000,135000,24800,
8,19,538045,292245,112040,180205,76645,24940,51705,54150,19500,34650,79050,28200,50850,82400,39400,43000,221000,56000,165000,24800,
8,20,461000,318400,127600,190800,94800,33000,61800,47250,25950,21300,88950,49050,39900,87400,19600,67800,124000,64000,60000,18600,
8,21,512700,288900,137600,151300,67300,30000,37300,46500,21750,24750,86700,45450,41250,88400,40400,48000,199000,64000,135000,24800,
8,22,558750,294950,127000,167950,57000,21000,36000,52950,15150,37800,104400,47850,56550,80600,43000,37600,239000,104000,135000,24800,
8,23,479600,307800,118150,189650,50200,15000,35200,47100,21750,25350,101700,45000,56700,108800,36400,72400,147000,72000,75000,24800,
8,24,437505,287905,153155,134750,72305,33705,38600,34800,13050,21750,97800,57000,40800,83000,49400,33600,131000,56000,75000,18600,
8,25,558485,348885,146985,201900,67135,27235,39900,53400,20400,33000,102150,60150,42000,126200,39200,87000,191000,56000,135000,18600,
8,26,539100,292300,117400,174900,63000,24000,39000,63000,15150,47850,103500,58650,44850,62800,19600,43200,222000,72000,150000,24800,
8,27,505400,296600,133450,163150,81000,30000,51000,44100,18000,26100,95100,47850,47250,76400,37600,38800,184000,64000,120000,24800,
8,28,514335,313535,135950,177585,71835,24000,47835,41850,29100,12750,70050,40650,29400,129800,42200,87600,176000,56000,120000,24800,
8,29,471485,274885,144135,130750,51235,27235,24000,47700,19500,28200,105750,66600,39150,70200,30800,39400,178000,88000,90000,18600,
8,30,519300,296300,126750,169550,67300,24000,43300,43500,30450,13050,86100,38700,47400,99400,33600,65800,192000,72000,120000,31000,
9,0,436900,264300,120400,143900,75000,36000,39000,52200,13050,39150,92100,51750,40350,45000,19600,25400,154000,64000,90000,18600,
9,1,443550,308950,114750,194200,75100,21000,54100,40350,13050,27300,102300,55500,46800,91200,25200,66000,116000,56000,60000,18600,
9,2,487950,249150,110450,138700,51000,27000,24000,47700,21750,25950,91050,47700,43350,59400,14000,45400,214000,64000,150000,24800,
9,3,446950,239150,122250,116900,42000,21000,21000,49950,23850,26100,88200,40800,47400,59000,36600,22400,183000,48000,135000,24800,
9,4,450970,227170,82070,145100,43770,21470,22300,56550,26100,30450,73650,26100,47550,53200,8400,44800,199000,64000,135000,24800,
9,5,561755,262755,131950,130805,60705,24000,36705,45600,21750,23850,93450,52200,41250,63000,34000,29000,268000,88000,180000,31000,
9,6,427250,247650,109700,137950,46300,12000,34300,46500,26100,20400,90450,40800,49650,64400,30800,33600,161000,56000,105000,18600,
9,7,510020,314620,128050,186570,79770,30000,49770,42900,28200,14700,87150,47250,39900,104800,22600,82200,183000,48000,135000,12400,
9,8,463985,269385,103150,166235,39235,6000,33235,71700,30450,41250,95850,38700,57150,62600,28000,34600,176000,56000,120000,18600,
9,9,524635,307035,143150,163885,72235,27000,45235,40950,17100,23850,121050,67050,54000,72800,32000,40800,199000,64000,135000,18600,
9,10,450620,286020,134250,151770,67770,25300,42470,45450,12900,32550,90000,45450,44550,82800,50600,32200,146000,56000,90000,18600,
9,11,521400,304600,142700,161900,66000,30000,36000,58650,23850,34800,111750,66450,45300,68200,22400,45800,192000,72000,120000,24800,
9,12,406000,236200,114250,121950,54000,24000,30000,49800,21600,28200,70800,40650,30150,61600,28000,33600,145000,40000,105000,24800,
9,13,451570,325970,147800,178170,87970,34300,53670,38700,17700,21000,69300,25200,44100,130000,70600,59400,107000,32000,75000,18600,
9,14,521850,282250,125600,156650,60000,21000,39000,41250,21750,19500,117000,52050,64950,64000,30800,33200,221000,56000,165000,18600,
9,15,524135,315335,136835,178500,73535,27235,46300,56400,25950,30450,93600,55650,37950,91800,28000,63800,184000,64000,120000,24800,
9,16,420950,244950,106900,138050,59600,21000,38600,32550,19500,13050,90000,38400,51600,62800,28000,34800,145000,40000,105000,31000,
9,17,490450,287050,115700,171350,58300,30000,28300,47700,13050,34650,85650,41250,44400,95400,31400,64000,191000,56000,135000,12400,
9,18,432500,246700,123650,123050,66000,24000,42000,36300,25800,10500,99600,43050,56550,44800,30800,14000,161000,56000,105000,24800,
9,19,513105,287505,119450,168055,75705,33000,42705,36750,15150,21600,106050,54300,51750,69000,17000,52000,207000,72000,135000,18600,
9,20,411300,270700,124950,145750,74600,31300,43300,42150,17400,24750,84750,42450,42300,69200,33800,35400,122000,32000,90000,18600,
9,21,486820,292020,122450,169570,48470,12000,36470,54000,25800,28200,103350,62250,41100,86200,22400,63800,170000,80000,90000,24800,
9,22,512435,309835,135735,174100,68835,27235,41600,50250,16800,33450,105750,60900,44850,85000,30800,54200,184000,64000,120000,18600,
9,23,489550,303950,114950,189000,70300,30000,40300,35100,15150,19950,81150,39000,42150,117400,30800,86600,167000,32000,135000,18600,
9,24,513135,289535,114100,175435,63235,21000,42235,39900,10800,29100,106800,54300,52500,79600,28000,51600,205000,40000,165000,18600,
9,25,448035,282635,136900,145735,61535,31300,30235,50850,20400,30450,92250,51600,40650,78000,33600,44400,153000,48000,105000,12400,
9,26,487420,252820,132870,119950,39470,18470,21000,39150,26100,13050,97800,43500,54300,76400,44800,31600,216000,96000,120000,18600,
9,27,514850,282250,130700,151550,54000,24000,30000,46500,21750,24750,110550,54150,56400,71200,30800,40400,214000,64000,150000,18600,
9,28,530150,321350,140250,181100,87100,24000,63100,66000,33450,32550,91650,49200,42450,76600,33600,43000,184000,64000,120000,24800,
9,29,479235,268635,106900,161735,57235,24000,33235,45450,15150,30300,71550,39150,32400,94400,28600,65800,192000,72000,120000,18600,
9,30,487540,293740,134600,159140,54940,18000,36940,58650,30450,28200,104550,46950,57600,75600,39200,36400,169000,64000,105000,24800,
10,0,471385,292585,120750,171835,75235,33000,42235,45000,19500,25500,66150,43050,23100,106200,25200,81000,154000,64000,90000,24800,
10,1,450550,255950,127250,128700,51000,21000,30000,71700,28200,43500,77250,47250,30000,56000,30800,25200,176000,56000,120000,18600,
10,2,465750,288950,105550,183400,86200,30000,56200,43350,23850,19500,72000,32100,39900,87400,19600,67800,152000,32000,120000,24800,
10,3,512070,277470,102870,174600,70370,27470,42900,60900,30450,30450,78000,21750,56250,68200,23200,45000,216000,96000,120000,18600,
10,4,500400,307600,120150,187450,84500,24000,60500,38850,10800,28050,91650,51750,39900,92600,33600,59000,168000,48000,120000,24800,
10,5,472950,311950,140550,171400,82800,39900,42900,31950,15150,16800,82800,39900,42900,114400,45600,68800,130000,40000,90000,31000,
10,6,441450,292650,119450,173200,59200,31300,27900,40500,17400,23100,76350,34350,42000,116600,36400,80200,124000,64000,60000,24800,
10,7,549350,325550,129900,195650,57000,27000,30000,58950,28200,30750,96600,41100,55500,113000,33600,79400,199000,64000,135000,24800,
10,8,435650,240050,116900,123150,48000,21000,27000,49950,23850,26100,71700,41250,30450,70400,30800,39600,177000,72000,105000,18600,
10,9,564150,284550,120600,163950,60000,15000,45000,47700,19500,28200,110850,54300,56550,66000,31800,34200,261000,96000,165000,18600,
10,10,462385,284585,121200,163385,57235,21000,36235,43350,19500,23850,78600,47100,31500,105400,33600,71800,153000,48000,105000,24800,
10,11,433000,262200,123700,138500,63000,33000,30000,45600,19500,26100,73200,32400,40800,80400,38800,41600,146000,56000,90000,24800,
10,12,510200,292400,150050,142350,39000,21000,18000,58650,23850,34800,93150,54000,39150,101600,51200,50400,193000,88000,105000,24800,
10,13,454635,298835,127435,171400,77435,18235,59200,42900,14700,28200,95100,42900,52200,83400,51600,31800,131000,56000,75000,24800,
10,14,510535,316735,115800,200935,87735,30000,57735,40800,17400,23400,89400,43200,46200,98800,25200,73600,169000,64000,105000,24800,
10,15,504300,294900,140800,154100,67300,30000,37300,56550,21750,34800,82050,49650,32400,89000,39400,49600,197000,32000,165000,12400,
10,16,485100,241300,85800,155500,49300,18000,31300,49950,23850,26100,73650,32550,41100,68400,11400,57000,219000,24000,195000,24800,
10,17,471985,263185,115450,147735,40535,12000,28535,50700,23850,26850,99150,51600,47550,72800,28000,44800,184000,64000,120000,24800,
10,18,463950,268350,122300,146050,60000,18000,42000,49950,21750,28200,97200,51750,45450,61200,30800,30400,177000,72000,105000,18600,
10,19,434050,255250,121650,133600,63000,33000,30000,41850,20250,21600,63000,34800,28200,87400,33600,53800,154000,64000,90000,24800,
10,20,381220,253620,130020,123600,69470,30470,39000,43050,23550,19500,77100,38400,38700,64000,37600,26400,109000,64000,45000,18600,
10,21,465685,295885,114300,181585,75735,24000,51735,42300,21300,21000,93450,40800,52650,84400,28200,56200,145000,40000,105000,24800,
10,22,494300,307500,136800,170700,50600,22300,28300,58650,23850,34800,89250,51450,37800,109000,39200,69800,162000,72000,90000,24800,
10,23,452650,274050,153750,120300,69500,36500,33000,49800,23850,25950,64350,42600,21750,90400,50800,39600,160000,40000,120000,18600,
10,24,413285,271685,107550,164135,42235,18000,24235,43500,19500,24000,76350,36450,39900,109600,33600,76000,123000,48000,75000,18600,
10,25,429235,272635,124500,148135,63235,21000,42235,57300,19500,37800,84900,49200,35700,67200,34800,32400,138000,48000,90000,18600,
10,26,438485,290685,106900,183785,71435,21000,50435,42600,19500,23100,74250,30000,44250,102400,36400,66000,123000,48000,75000,24800,
10,27,521020,274220,113900,160320,63470,24000,39470,58650,23850,34800,101700,52050,49650,50400,14000,36400,222000,72000,150000,24800,
10,28,506050,274250,128450,145800,78000,24000,54000,36900,26100,10800,90750,55950,34800,68600,22400,46200,207000,72000,135000,24800,
10,29,522400,341800,140350,201450,61300,27000,34300,38250,12900,25350,106650,58050,48600,135600,42400,93200,162000,72000,90000,18600,
10,30,499450,294450,124800,169650,64300,21000,43300,39450,13800,25650,92100,53400,38700,98600,36600,62000,174000,24000,150000,31000,
11,0,461020,276220,137600,138620,66470,24000,42470,35400,11550,23850,102750,55650,47100,71600,46400,25200,160000,40000,120000,24800,
11,1,438400,245600,99050,146550,40300,12000,28300,43500,21750,21750,79800,34500,45300,82000,30800,51200,168000,48000,120000,24800,
11,2,556135,330535,106100,224435,66735,12000,54735,55800,19500,36300,112800,60600,52200,95200,14000,81200,207000,72000,135000,18600,
11,3,386800,266400,124700,141700,62600,30000,32600,39900,20400,19500,80700,40500,40200,83200,33800,49400,108000,48000,60000,12400,
11,4,526800,326000,129000,197000,78100,18000,60100,62250,30450,31800,78450,46950,31500,107200,33600,73600,176000,56000,120000,24800,
11,5,427900,234100,117000,117100,51000,27000,24000,43350,17400,25950,78150,39000,39150,61600,33600,28000,169000,64000,105000,24800,
11,6,425900,270100,119300,150800,48000,15000,33000,39000,21600,17400,106500,48900,57600,76600,33800,42800,131000,56000,75000,24800,
11,7,458355,271755,111200,160555,77005,24000,53005,49800,23850,25950,91950,40950,51000,53000,22400,30600,168000,48000,120000,18600,
11,8,475300,258500,105850,152650,42000,33000,9000,47700,21750,25950,88800,36900,51900,80000,14200,65800,192000,72000,120000,24800,
11,9,430635,258835,134000,124835,57235,21000,36235,39000,17400,21600,92400,53400,39000,70200,42200,28000,147000,72000,75000,24800,
11,10,423600,253800,123650,130150,61300,28300,33000,42900,22500,20400,70800,36450,34350,78800,36400,42400,145000,40000,105000,24800,
11,11,444100,266300,130800,135500,60000,21000,39000,55200,21750,33450,93900,53250,40650,57200,34800,22400,153000,48000,105000,24800,
11,12,425650,261050,122250,138800,60900,24000,36900,36900,15150,21750,90450,49500,40950,72800,33600,39200,146000,56000,90000,18600,
11,13,480650,248850,108700,140150,51000,18000,33000,52050,17250,34800,45600,30450,15150,100200,43000,57200,207000,72000,135000,24800,
11,14,551170,334370,135900,198470,79770,33000,46770,52500,19500,33000,114900,58200,56700,87200,25200,62000,192000,72000,120000,24800,
11,15,487450,322850,162250,160600,68600,33000,35600,58500,25950,32550,81750,35700,46050,114000,67600,46400,146000,56000,90000,18600,
11,16,487400,263600,127350,136250,60000,30000,30000,47550,17250,30300,65250,43500,21750,90800,36600,54200,199000,64000,135000,24800,
11,17,364985,224185,85400,138785,58535,24000,34535,28800,12750,16050,88050,34650,53400,48800,14000,34800,116000,56000,60000,24800,
11,18,423235,275435,126000,149435,77835,32600,45235,46200,17400,28800,69600,38400,31200,81800,37600,44200,123000,48000,75000,24800,
11,19,462200,298400,126300,172100,69900,24000,45900,38850,23850,15000,94050,53250,40800,95600,25200,70400,139000,64000,75000,24800,
11,20,397720,265120,118250,146870,78070,28300,49770,27600,10800,16800,78450,51150,27300,81000,28000,53000,114000,24000,90000,18600,
11,21,385850,250250,126500,123750,60000,27000,33000,52950,28200,24750,81300,48900,32400,56000,22400,33600,117000,72000,45000,18600,
11,22,433500,260900,116100,144800,55300,24000,31300,55200,21750,33450,94200,53550,40650,56200,16800,39400,154000,64000,90000,18600,
11,23,363800,221200,90550,130650,45000,21000,24000,31200,15150,16050,64800,17400,47400,80200,37000,43200,124000,64000,60000,18600,
11,24,422350,228750,102900,125850,36000,15000,21000,52050,23850,28200,73500,38850,34650,67200,25200,42000,175000,40000,135000,18600,
11,25,465420,286620,123950,162670,72470,18000,54470,61650,23850,37800,80700,42900,37800,71800,39200,32600,154000,64000,90000,24800,
11,26,482600,303800,117450,186350,54900,15000,39900,56100,23550,32550,81000,45300,35700,111800,33600,78200,154000,64000,90000,24800,
11,27,452750,297150,99550,197600,76800,24000,52800,40500,17400,23100,74250,38550,35700,105600,19600,86000,137000,32000,105000,18600,
11,28,513235,304635,135150,169485,72235,27000,45235,62400,23850,38550,85200,49500,35700,84800,34800,50000,190000,40000,150000,18600,
11,29,506200,289400,134450,154950,64300,30000,34300,60600,21450,39150,93300,52200,41100,71200,30800,40400,192000,72000,120000,24800,
11,30,504800,282800,124250,158550,78500,30000,48500,43350,21600,21750,99150,47250,51900,61800,25400,36400,191000,56000,135000,31000,
12,0,448450,261650,122700,138950,54000,18000,36000,52050,17400,34650,96600,53700,42900,59000,33600,25400,162000,72000,90000,24800,
12,1,444250,250450,108000,142450,46300,18000,28300,35550,23850,11700,80400,32550,47850,88200,33600,54600,169000,64000,105000,24800,
12,2,462350,274750,119800,154950,62600,24000,38600,67200,32550,34650,68550,32250,36300,76400,31000,45400,169000,64000,105000,18600,
12,3,496700,281900,112450,169450,60000,21000,39000,42900,15150,27750,79200,36900,42300,99800,39400,60400,190000,40000,150000,24800,
12,4,419370,248570,96300,152270,57470,15000,42470,45450,23850,21600,74850,32250,42600,70800,25200,45600,146000,56000,90000,24800,
12,5,454385,267785,114500,153285,58535,21000,37535,56100,27900,28200,98550,43200,55350,54600,22400,32200,168000,48000,120000,18600,
12,6,458700,276300,119550,156750,75000,27000,48000,58650,26100,32550,58650,41250,17400,84000,25200,58800,170000,80000,90000,12400,
12,7,336500,203700,94350,109350,48000,24000,24000,39000,19500,19500,74700,42450,32250,42000,8400,33600,108000,48000,60000,24800,
12,8,467135,294535,125100,169435,87235,33000,54235,54750,26100,28650,76950,40800,36150,75600,25200,50400,154000,64000,90000,18600,
12,9,491920,300120,143500,156620,73770,31300,42470,69300,30450,38850,74850,44550,30300,82200,37200,45000,167000,32000,135000,24800,
12,10,461700,290900,115900,175000,78900,36000,42900,45750,21750,24000,65850,30150,35700,100400,28000,72400,146000,56000,90000,24800,
12,11,406900,243100,93000,150100,60900,18000,42900,62850,32550,30300,42750,25650,17100,76600,16800,59800,139000,64000,75000,24800,
12,12,426900,269300,114550,154750,49300,24000,25300,65250,26100,39150,81150,36450,44700,73600,28000,45600,139000,64000,75000,18600,
12,13,437850,231050,97000,134050,27000,12000,15000,46350,25950,20400,81900,28050,53850,75800,31000,44800,182000,32000,150000,24800,
12,14,474150,249550,114850,134700,48000,27000,21000,47850,17400,30450,80100,30450,49650,73600,40000,33600,206000,56000,150000,18600,
12,15,453385,260585,134750,125835,51235,21000,30235,47700,25950,21750,85650,51000,34650,76000,36800,39200,168000,48000,120000,24800,
12,16,499950,319550,136900,182650,94800,33000,61800,40200,19050,21150,72750,45450,27300,111800,39400,72400,168000,48000,120000,12400,
12,17,475500,296900,112300,184600,71200,21000,50200,49200,30300,18900,75900,30000,45900,100600,31000,69600,160000,40000,120000,18600,
12,18,495185,292585,114100,178485,66235,21000,45235,53850,19500,34350,72900,45600,27300,99600,28000,71600,184000,64000,120000,18600,
12,19,455300,243700,106700,137000,39000,18000,21000,30300,10800,19500,97800,43500,54300,76600,34400,42200,193000,88000,105000,18600,
12,20,465350,303550,148650,154900,55300,28300,27000,50700,20400,30300,103950,58950,45000,93600,41000,52600,137000,32000,105000,24800,
12,21,484100,298300,128950,169350,83200,30000,53200,49950,21750,28200,87150,49200,37950,78000,28000,50000,161000,56000,105000,24800,
12,22,514850,289250,117900,171350,53600,21000,32600,33450,13050,20400,108600,58650,49950,93600,25200,68400,207000,72000,135000,18600,
12,23,421900,266300,104700,161600,55300,27000,28300,53550,23850,29700,63450,25650,37800,94000,28200,65800,137000,32000,105000,18600,
12,24,445600,273000,130300,142700,63000,27000,36000,50850,26100,24750,85950,49200,36750,73200,28000,45200,154000,64000,90000,18600,
12,25,540550,291750,150800,140950,78000,36000,42000,52050,21600,30450,119100,64800,54300,42600,28400,14200,224000,104000,120000,24800,
12,26,547500,337900,155500,182400,80600,33000,47600,58650,28200,30450,104250,48900,55350,94400,45400,49000,191000,56000,135000,18600,
12,27,453050,273450,107850,165600,52300,15000,37300,58650,28200,30450,70500,28050,42450,92000,36600,55400,161000,56000,105000,18600,
12,28,485350,260550,115450,145100,66000,18000,48000,39000,23850,15150,102150,45600,56550,53400,28000,25400,200000,80000,120000,24800,
12,29,465200,254600,131950,122650,63000,24000,39000,43350,23850,19500,106050,56100,49950,42200,28000,14200,192000,72000,120000,18600,
12,30,492085,268285,104400,163885,36235,12000,24235,48600,23850,24750,124650,43350,81300,58800,25200,33600,199000,64000,135000,24800,
13,0,524400,283000,136200,146800,57000,27000,30000,45600,21750,23850,104400,47850,56550,76000,39600,36400,229000,64000,165000,12400,
13,1,475700,264100,123350,140750,72000,36000,36000,41250,15150,26100,82650,34800,47850,68200,37400,30800,193000,88000,105000,18600,
13,2,522050,304250,152700,151550,78000,30000,48000,20250,16050,4200,104400,47850,56550,101600,58800,42800,193000,88000,105000,24800,
13,3,444750,282150,122700,159450,52300,24000,28300,49350,23700,25650,90900,38400,52500,89600,36600,53000,144000,24000,120000,18600,
13,4,506850,289050,119150,169900,75500,21000,54500,28200,13050,15150,114750,62700,52050,70600,22400,48200,193000,88000,105000,24800,
13,5,502085,279485,112650,166835,45235,12000,33235,63900,26100,37800,82950,49350,33600,87400,25200,62200,204000,24000,180000,18600,
13,6,372250,243650,110900,132750,61300,24000,37300,55200,17400,37800,64350,47100,17250,62800,22400,40400,110000,80000,30000,18600,
13,7,431770,228370,89470,138900,54470,12470,42000,47700,15150,32550,52200,30450,21750,74000,31400,42600,191000,56000,135000,12400,
13,8,443300,242500,101200,141300,55300,30000,25300,58350,32550,25800,62850,13050,49800,66000,25600,40400,176000,56000,120000,24800,
13,9,421450,226850,116550,110300,45000,18000,27000,52200,26100,26100,65250,30450,34800,64400,42000,22400,176000,56000,120000,18600,
13,10,516350,312750,135850,176900,76300,30000,46300,42000,19500,22500,97650,49950,47700,96800,36400,60400,185000,80000,105000,18600,
13,11,360935,219335,96050,123285,54235,24000,30235,45450,23850,21600,66450,25800,40650,53200,22400,30800,123000,48000,75000,18600,
13,12,525450,322850,111400,211450,84500,21000,63500,28650,12900,15750,94500,43500,51000,115200,34000,81200,184000,64000,120000,18600,
13,13,450835,258035,110250,147785,56435,12000,44435,47700,28200,19500,66900,28050,38850,87000,42000,45000,168000,48000,120000,24800,
13,14,549250,315650,138150,177500,52300,18000,34300,58500,30300,28200,103650,47850,55800,101200,42000,59200,215000,80000,135000,18600,
13,15,471350,269550,131600,137950,66000,30000,36000,33300,15900,17400,65250,43500,21750,105000,42200,62800,177000,72000,105000,24800,
13,16,540650,309850,124050,185800,85800,33000,52800,47700,21600,26100,79350,41250,38100,97000,28200,68800,206000,56000,150000,24800,
13,17,511985,273185,109150,164035,60235,18000,42235,41250,21750,19500,101700,49800,51900,70000,19600,50400,214000,64000,150000,24800,
13,18,473850,264250,120800,143450,66000,27000,39000,44250,23850,20400,91200,39150,52050,62800,30800,32000,191000,56000,135000,18600,
13,19,535085,281285,120300,160985,57235,15000,42235,65100,23850,41250,105750,47850,57900,53200,33600,19600,229000,64000,165000,24800,
13,20,501650,307050,134150,172900,42000,9000,33000,67350,28200,39150,120900,66150,54750,76800,30800,46000,176000,56000,120000,18600,
13,21,533805,309205,126350,182855,66705,24000,42705,52200,21750,30450,89700,49800,39900,100600,30800,69800,206000,56000,150000,18600,
13,22,597500,296700,155200,141500,60000,30000,30000,56400,23850,32550,99900,49950,49950,80400,51400,29000,276000,96000,180000,24800,
13,23,528800,318200,132200,186000,77200,27000,50200,52050,21600,30450,91950,49800,42150,97000,33800,63200,192000,72000,120000,18600,
13,24,457635,278835,113450,165385,63235,18000,45235,43350,10800,32550,87450,53850,33600,84800,30800,54000,154000,64000,90000,24800,
13,25,516350,336550,149350,187200,86200,35600,50600,41700,19500,22200,85650,44850,40800,123000,49400,73600,155000,80000,75000,24800,
13,26,459400,278800,112800,166000,50600,24000,26600,60900,26100,34800,72900,26100,46800,94400,36600,57800,162000,72000,90000,18600,
13,27,486600,279800,112950,166850,62600,24000,38600,39000,15150,23850,91800,39000,52800,86400,34800,51600,182000,32000,150000,24800,
13,28,478750,291950,96600,195350,92200,24000,68200,28200,6300,21900,78150,43500,34650,93400,22800,70600,162000,72000,90000,24800,
13,29,475450,266650,115750,150900,69000,27000,42000,62850,21600,41250,75600,39150,36450,59200,28000,31200,184000,64000,120000,24800,
13,30,482885,296285,129385,166900,68835,33235,35600,48450,4200,44250,105600,58350,47250,73400,33600,39800,168000,48000,120000,18600,
14,0,537135,321135,159735,161400,67135,27235,39900,49800,30300,19500,105000,51000,54000,99200,51200,48000,185000,80000,105000,31000,
14,1,562300,315500,137500,178000,81500,30000,51500,45450,17250,28200,99750,47850,51900,88800,42400,46400,222000,72000,150000,24800,
14,2,459900,266100,134500,131600,45000,24000,21000,35550,16050,19500,118350,58050,60300,67200,36400,30800,169000,64000,105000,24800,
14,3,507020,298220,121750,176470,60470,12000,48470,52200,26100,26100,91350,55650,35700,94200,28000,66200,184000,64000,120000,24800,
14,4,483885,259285,104750,154535,45235,15000,30235,47700,23850,23850,101550,51900,49650,64800,14000,50800,206000,56000,150000,18600,
14,5,529075,303475,132250,171225,76175,15000,61175,49800,21600,28200,101100,64650,36450,76400,31000,45400,207000,72000,135000,18600,
14,6,442650,256850,126650,130200,69000,36000,33000,47550,17250,30300,66900,36600,30300,73400,36800,36600,161000,56000,105000,24800,
14,7,410905,249105,118485,130620,69705,30235,39470,40650,14700,25950,60150,34350,25800,78600,39200,39400,137000,32000,105000,24800,
14,8,557200,355600,125150,230450,76400,21000,55400,47850,19500,28350,106350,53850,52500,125000,30800,94200,183000,48000,135000,18600,
14,9,515850,293050,112300,180750,39000,6000,33000,59400,25950,33450,93450,49350,44100,101200,31000,70200,198000,48000,150000,24800,
14,10,466950,273150,125300,147850,43300,15000,28300,54150,28200,25950,81900,34500,47400,93800,47600,46200,169000,64000,105000,24800,
14,11,356050,221450,108350,113100,66000,30000,36000,36750,23850,12900,62700,23700,39000,56000,30800,25200,116000,56000,60000,18600,
14,12,492850,293050,147750,145300,66000,24000,42000,52950,24750,28200,92100,61800,30300,82000,37200,44800,175000,40000,135000,24800,
14,13,545300,291500,114250,177250,63000,27000,36000,48600,19500,29100,93900,39150,54750,86000,28600,57400,229000,64000,165000,24800,
14,14,518750,279150,136550,142600,48000,27000,21000,49800,23850,25950,91350,43500,47850,90000,42200,47800,221000,56000,165000,18600,
14,15,451235,293635,125335,168300,62835,27235,35600,40950,15150,25800,85050,49350,35700,104800,33600,71200,139000,64000,75000,18600,
14,16,494850,291250,134300,156950,66000,27000,39000,58500,23850,34650,94950,49650,45300,71800,33800,38000,185000,80000,105000,18600,
14,17,464550,271750,126000,145750,52300,27000,25300,62250,25950,36300,92400,36450,55950,64800,36600,28200,168000,48000,120000,24800,
14,18,460400,287800,119000,168800,68600,15000,53600,45600,21750,23850,78600,43050,35550,95000,39200,55800,154000,64000,90000,18600,
14,19,497300,288500,121350,167150,73300,27000,46300,28800,6300,22500,105600,62850,42750,80800,25200,55600,184000,64000,120000,24800,
14,20,450035,262635,119100,143535,54235,24000,30235,32550,15150,17400,105450,51750,53700,70400,28200,42200,175000,40000,135000,12400,
14,21,437655,310055,123820,186235,85205,36470,48735,43200,18000,25200,82650,38550,44100,99000,30800,68200,109000,64000,45000,18600,
14,22,387400,254600,101150,153450,55300,21000,34300,42900,25800,17100,72000,31950,40050,84400,22400,62000,108000,48000,60000,24800,
14,23,441500,238900,117200,121700,51000,15000,36000,47700,15150,32550,78000,56250,21750,62200,30800,31400,184000,64000,120000,18600,
14,24,462850,291250,114350,176900,55300,21000,34300,46650,21750,24900,93300,49200,44100,96000,22400,73600,153000,48000,105000,18600,
14,25,444300,257700,111800,145900,31300,12000,19300,43950,21750,22200,97050,47250,49800,85400,30800,54600,168000,48000,120000,18600,
14,26,490600,273000,117850,155150,85300,33000,52300,25950,13050,12900,117150,60600,56550,44600,11200,33400,199000,64000,135000,18600,
14,27,485400,283800,137750,146050,54000,27000,27000,49950,15150,34800,98850,54000,44850,81000,41600,39400,183000,48000,135000,18600,
14,28,454985,291185,132800,158385,67535,30000,37535,55050,23850,31200,95400,55350,40050,73200,23600,49600,139000,64000,75000,24800,
14,29,424620,215820,95770,120050,51470,18470,33000,39150,17400,21750,63000,26100,36900,62200,33800,28400,184000,64000,120000,24800,
14,30,532420,314820,122900,191920,69470,24000,45470,58050,21600,36450,98100,51900,46200,89200,25400,63800,199000,64000,135000,18600,
15,0,478655,297255,143585,153670,75705,27235,48470,30000,19200,10800,109950,66750,43200,81600,30400,51200,169000,64000,105000,12400,
15,1,452150,257550,122750,134800,63000,27000,36000,47700,19500,28200,73650,45450,28200,73200,30800,42400,176000,56000,120000,18600,
15,2,470500,291700,110850,180850,62600,21000,41600,42900,21750,21150,84600,42900,41700,101600,25200,76400,154000,64000,90000,24800,
15,3,448400,247600,117500,130100,63000,24000,39000,32550,17400,15150,84450,45300,39150,67600,30800,36800,176000,56000,120000,24800,
15,4,443900,248300,108350,139950,36000,18000,18000,47700,15150,32550,105600,58200,47400,59000,17000,42000,177000,72000,105000,18600,
15,5,478535,292735,119050,173685,55535,27000,28535,47250,17400,29850,63750,23850,39900,126200,50800,75400,161000,56000,105000,24800,
15,6,414250,235650,117050,118600,39000,30000,9000,60750,23850,36900,85500,40800,44700,50400,22400,28000,160000,40000,120000,18600,
15,7,449250,276650,124600,152050,59600,15000,44600,57300,23850,33450,90150,49350,40800,69600,36400,33200,154000,64000,90000,18600,
15,8,452885,286285,118150,168135,60235,21000,39235,60750,26100,34650,107100,59850,47250,58200,11200,47000,148000,88000,60000,18600,
15,9,438000,257400,106800,150600,62600,18000,44600,58650,19500,39150,69150,41100,28050,67000,28200,38800,162000,72000,90000,18600,
15,10,579870,342070,142285,199785,92670,30235,62435,48300,16050,32250,101100,54000,47100,100000,42000,58000,213000,48000,165000,24800,
15,11,502570,279770,123250,156520,76770,24000,52770,46350,28200,18150,94650,51450,43200,62000,19600,42400,198000,48000,150000,24800,
15,12,481900,252100,123550,128550,51000,18000,33000,32550,21750,10800,86550,47400,39150,82000,36400,45600,205000,40000,165000,24800,
15,13,476700,251100,120100,131000,27000,12000,15000,36900,21750,15150,117000,58350,58650,70200,28000,42200,207000,72000,135000,18600,
15,14,516435,291835,124250,167585,72235,24000,48235,47550,21600,25950,90450,47850,42600,81600,30800,50800,206000,56000,150000,18600,
15,15,514550,295950,114450,181500,81900,30000,51900,52050,21750,30300,81600,36900,44700,80400,25800,54600,200000,80000,120000,18600,
15,16,552300,311700,137750,173950,78900,33000,45900,56550,21750,34800,92850,60600,32250,83400,22400,61000,222000,72000,150000,18600,
15,17,525285,314485,144150,170335,73535,31300,42235,55200,17400,37800,105750,56250,49500,80000,39200,40800,186000,96000,90000,24800,
15,18,522505,306705,117700,189005,83005,24000,59005,43050,15150,27900,83250,39150,44100,97400,39400,58000,191000,56000,135000,24800,
15,19,476105,258305,134500,123805,45705,27000,18705,34650,15150,19500,67350,32550,34800,110600,59800,50800,193000,88000,105000,24800,
15,20,464800,268200,114300,153900,51000,18000,33000,52050,19500,32550,81750,28200,53550,83400,48600,34800,178000,88000,90000,18600,
15,21,460155,287755,118250,169505,69705,24000,45705,25950,12900,13050,77100,39150,37950,115000,42200,72800,160000,40000,120000,12400,
15,22,452200,249600,113900,135700,54000,18000,36000,47700,32550,15150,80100,40950,39150,67800,22400,45400,184000,64000,120000,18600,
15,23,470500,281900,121850,160050,63900,21000,42900,49800,19500,30300,103200,55950,47250,65000,25400,39600,170000,80000,90000,18600,
15,24,533900,281100,124750,156350,54000,21000,33000,57300,19500,37800,99600,56250,43350,70200,28000,42200,228000,48000,180000,24800,
15,25,538290,309490,141335,168155,84940,42235,42705,46350,16050,30300,91800,53850,37950,86400,29200,57200,204000,24000,180000,24800,
15,26,473850,270250,102050,168200,55300,24000,31300,51900,17250,34650,97050,34800,62250,66000,26000,40000,185000,80000,105000,18600,
15,27,438550,236950,104750,132200,57000,18000,39000,43350,15150,28200,63000,34800,28200,73600,36800,36800,183000,48000,135000,18600,
15,28,485400,297800,106250,191550,62200,21000,41200,62400,30450,31950,87000,32400,54600,86200,22400,63800,169000,64000,105000,18600,
15,29,496300,284700,139800,144900,70300,33000,37300,60750,28200,32550,80250,39000,41250,73400,39600,33800,193000,88000,105000,18600,
15,30,523400,304000,142250,161750,64300,27000,37300,49950,19500,30450,102150,56550,45600,87600,39200,48400,207000,72000,135000,12400,
16,0,516100,323300,125600,197700,59200,21000,38200,59700,30300,29400,80400,40500,39900,124000,33800,90200,168000,48000,120000,24800,
16,1,421685,250085,108600,141485,66235,27000,39235,25800,8550,17250,76050,30450,45600,82000,42600,39400,153000,48000,105000,18600,
16,2,499200,311600,127350,184250,70300,33000,37300,59400,23850,35550,95700,45300,50400,86200,25200,61000,169000,64000,105000,18600,
16,3,453000,281400,122650,158750,55300,30000,25300,49800,23850,25950,95700,49200,46500,80600,19600,61000,153000,48000,105000,18600,
16,4,400650,238850,109750,129100,58300,21000,37300,52350,16950,35400,62400,40800,21600,65800,31000,34800,137000,32000,105000,24800,
16,5,448785,276185,120500,155685,45235,27000,18235,47700,23850,23850,90450,30450,60000,92800,39200,53600,154000,64000,90000,18600,
16,6,351800,212000,102750,109250,57000,24000,33000,43500,21750,21750,55500,23400,32100,56000,33600,22400,115000,40000,75000,24800,
16,7,490335,272735,115950,156785,60235,24000,36235,47550,21600,25950,105750,39150,66600,59200,31200,28000,199000,64000,135000,18600,
16,8,488800,295000,126600,168400,63900,24000,39900,52950,23850,29100,104550,53550,51000,73600,25200,48400,169000,64000,105000,24800,
16,9,440350,260750,102900,157850,63000,33000,30000,25800,4200,21600,85950,36900,49050,86000,28800,57200,161000,56000,105000,18600,
16,10,500550,276750,139250,137500,51000,30000,21000,41100,21600,19500,106050,53850,52200,78600,33800,44800,199000,64000,135000,24800,
16,11,519350,272550,142150,130400,57000,27000,30000,45600,21750,23850,67350,45600,21750,102600,47800,54800,222000,72000,150000,24800,
16,12,538250,314450,136200,178250,67300,21000,46300,54150,20700,33450,99000,60900,38100,94000,33600,60400,199000,64000,135000,24800,
16,13,379685,245885,116200,129685,66235,21000,45235,32550,13050,19500,89700,42750,46950,57400,39400,18000,109000,64000,45000,24800,
16,14,467220,294620,117100,177520,60070,18000,42070,59850,28200,31650,89100,51300,37800,85600,19600,66000,154000,64000,90000,18600,
16,15,458200,234400,110150,124250,63000,24000,39000,43350,21600,21750,65250,39150,26100,62800,25400,37400,199000,64000,135000,24800,
16,16,456840,309040,137120,171920,72940,33470,39470,34350,21600,12750,88350,44250,44100,113400,37800,75600,123000,48000,75000,24800,
16,17,514120,321320,118750,202570,74670,24000,50670,60000,28200,31800,86850,38550,48300,99800,28000,71800,168000,48000,120000,24800,
16,18,469020,297420,113150,184270,60470,24000,36470,40350,15150,25200,88200,43200,45000,108400,30800,77600,153000,48000,105000,18600,
16,19,508250,291450,113500,177950,78000,33000,45000,60900,26100,34800,83550,34800,48750,69000,19600,49400,192000,72000,120000,24800,
16,20,384600,267000,113300,153700,54900,6000,48900,52950,21750,31200,75750,54750,21000,83400,30800,52600,99000,24000,75000,18600,
16,21,447500,281900,114200,167700,74600,27000,47600,47700,19500,28200,75000,36900,38100,84600,30800,53800,147000,72000,75000,18600,
16,22,525700,271900,98800,173100,56200,18000,38200,56550,21750,34800,93150,47850,45300,66000,11200,54800,229000,64000,165000,24800,
16,23,531450,306850,137750,169100,63900,27000,36900,59550,26100,33450,107400,53850,53550,76000,30800,45200,206000,56000,150000,18600,
16,24,460505,226905,95955,130950,48705,30705,18000,45600,17400,28200,52200,13050,39150,80400,34800,45600,215000,80000,135000,18600,
16,25,479700,264900,123750,141150,60000,33000,27000,54150,19500,34650,85950,34650,51300,64800,36600,28200,190000,40000,150000,24800,
16,26,409300,244700,121050,123650,48000,27000,21000,34800,21750,13050,94500,47100,47400,67400,25200,42200,146000,56000,90000,18600,
16,27,520000,296200,139000,157200,55300,27000,28300,65250,21750,43500,107250,62250,45000,68400,28000,40400,199000,64000,135000,24800,
16,28,490100,273500,116500,157000,52300,15000,37300,45600,23850,21750,109800,49650,60150,65800,28000,37800,198000,48000,150000,18600,
16,29,456450,263650,123550,140100,63000,33000,30000,60600,28200,32400,73050,42750,30300,67000,19600,47400,168000,48000,120000,24800,
16,30,369050,220250,109150,111100,75000,21000,54000,52050,15150,36900,45000,45000,0,48200,28000,20200,124000,64000,60000,24800,
17,0,422285,287685,109850,177835,65835,21000,44835,33900,17100,16800,87150,40950,46200,100800,30800,70000,116000,56000,60000,18600,
17,1,473700,294900,126450,168450,76800,24000,52800,47550,10800,36750,85350,58050,27300,85200,33600,51600,154000,64000,90000,24800,
17,2,503500,316900,123100,193800,96100,24000,72100,49800,26100,23700,82800,45000,37800,88200,28000,60200,168000,48000,120000,18600,
17,3,480700,324100,146150,177950,65200,25300,39900,54300,26850,27450,86400,48600,37800,118200,45400,72800,138000,48000,90000,18600,
17,4,435950,224350,104500,119850,30000,9000,21000,39150,13050,26100,78000,62850,15150,77200,19600,57600,193000,88000,105000,18600,
17,5,419635,248835,113950,134885,69235,27000,42235,41250,19500,21750,87750,36450,51300,50600,31000,19600,146000,56000,90000,24800,
17,6,375350,219550,107350,112200,45000,15000,30000,49950,13050,36900,68400,51300,17100,56200,28000,28200,131000,56000,75000,24800,
17,7,490190,304590,143070,161520,65240,30470,34770,49800,23850,25950,80550,51150,29400,109000,37600,71400,167000,32000,135000,18600,
17,8,507935,308135,129350,178785,97535,39000,58535,51900,23850,28050,59700,42900,16800,99000,23600,75400,175000,40000,135000,24800,
17,9,464650,232850,95500,137350,48000,21000,27000,45600,15150,30450,91050,39150,51900,48200,20200,28000,207000,72000,135000,24800,
17,10,487535,271735,89635,182100,42235,12235,30000,49950,17400,32550,76950,34800,42150,102600,25200,77400,191000,56000,135000,24800,
17,11,447800,260200,133250,126950,72000,27000,45000,47850,26100,21750,92550,57750,34800,47800,22400,25400,169000,64000,105000,18600,
17,12,496185,278385,127950,150435,57235,27000,30235,44250,17400,26850,112500,58350,54150,64400,25200,39200,193000,88000,105000,24800,
17,13,391200,263600,115900,147700,67300,27000,40300,41100,12900,28200,74400,45000,29400,80800,31000,49800,109000,64000,45000,18600,
17,14,554250,351650,133300,218350,80200,33000,47200,40200,20400,19800,94050,43500,50550,137200,36400,100800,184000,64000,120000,18600,
17,15,498100,291300,141750,149550,69000,24000,45000,21600,12900,8700,120300,64050,56250,80400,40800,39600,182000,32000,150000,24800,
17,16,483590,310990,157555,153435,69940,39705,30235,43350,21750,21600,108900,55500,53400,88800,40600,48200,154000,64000,90000,18600,
17,17,478050,276450,126350,150100,45000,18000,27000,36900,26100,10800,109950,51450,58500,84600,30800,53800,183000,48000,135000,18600,
17,18,452950,273350,137600,135750,52300,21000,31300,46500,26100,20400,90150,59700,30450,84400,30800,53600,161000,56000,105000,18600,
17,19,459440,263840,98205,165635,66940,18705,48235,35550,17400,18150,66750,19500,47250,94600,42600,52000,177000,72000,105000,18600,
17,20,469800,245200,106600,138600,48000,21000,27000,63000,19500,43500,69600,43500,26100,64600,22600,42000,206000,56000,150000,18600,
17,21,508200,276200,109700,166500,66000,24000,42000,34650,15150,19500,91350,39150,52200,84200,31400,52800,201000,96000,105000,31000,
17,22,447650,251050,107250,143800,48000,27000,21000,36750,4200,32550,95100,41250,53850,71200,34800,36400,178000,88000,90000,18600,
17,23,478150,315350,126650,188700,78500,24000,54500,49800,26100,23700,84450,44550,39900,102600,32000,70600,138000,48000,90000,24800,
17,24,449420,292820,131735,161085,66070,27235,38835,42900,17250,25650,86850,44850,42000,97000,42400,54600,138000,48000,90000,18600,
17,25,442200,254600,115550,139050,51000,24000,27000,49800,15150,34650,86400,45600,40800,67400,30800,36600,169000,64000,105000,18600,
17,26,408300,274700,108150,166550,59600,18000,41600,42450,10500,31950,83850,43050,40800,88800,36600,52200,115000,40000,75000,18600,
17,27,433250,269650,114400,155250,63900,24000,39900,54150,28200,25950,63600,34200,29400,88000,28000,60000,145000,40000,105000,18600,
17,28,489600,267800,122800,145000,75000,30000,45000,55200,17400,37800,64800,47400,17400,72800,28000,44800,197000,32000,165000,24800,
17,29,471650,268050,138050,130000,63000,21000,42000,39000,23850,15150,103650,62400,41250,62400,30800,31600,185000,80000,105000,18600,
17,30,515700,282900,108550,174350,63900,24000,39900,49950,15150,34800,95250,34800,60450,73800,34600,39200,208000,88000,120000,24800,
18,0,608150,322350,129400,192950,69900,21000,48900,56400,23850,32550,80250,32550,47700,115800,52000,63800,261000,96000,165000,24800,
18,1,497000,304200,101550,202650,80700,18000,62700,56400,21750,34650,80700,45000,35700,86400,16800,69600,168000,48000,120000,24800,
18,2,537750,329950,168050,161900,61800,30900,30900,58650,26100,32550,110100,56850,53250,99400,54200,45200,183000,48000,135000,24800,
18,3,457905,264105,103700,160405,69705,27000,42705,54300,21750,32550,83700,40950,42750,56400,14000,42400,169000,64000,105000,24800,
18,4,494335,268735,114285,154450,66235,18235,48000,60900,21750,39150,80400,43500,36900,61200,30800,30400,207000,72000,135000,18600,
18,5,466600,257000,114400,142600,51000,15000,36000,58650,21750,36900,79950,41250,38700,67400,36400,31000,191000,56000,135000,18600,
18,6,443150,240550,132300,108250,36000,21000,15000,32550,15150,17400,110400,62550,47850,61600,33600,28000,184000,64000,120000,18600,
18,7,560700,336100,134550,201550,68600,21000,47600,44100,21750,22350,108600,58200,50400,114800,33600,81200,206000,56000,150000,18600,
18,8,441500,293700,117700,176000,72100,15000,57100,44700,19500,25200,90900,55200,35700,86000,28000,58000,123000,48000,75000,24800,
18,9,487800,301200,102900,198300,67800,15000,52800,47250,23850,23400,91350,38850,52500,94800,25200,69600,168000,48000,120000,18600,
18,10,504700,280900,127300,153600,69000,30000,39000,65250,26100,39150,90450,43200,47250,56200,28000,28200,199000,64000,135000,24800,
18,11,434820,280020,143620,136400,76770,33470,43300,36600,23550,13050,82650,37800,44850,84000,48800,35200,130000,40000,90000,24800,
18,12,470135,267535,122300,145235,51235,18000,33235,50850,26100,24750,88650,47400,41250,76800,30800,46000,184000,64000,120000,18600,
18,13,565170,327370,148685,178685,70770,30235,40535,54300,23850,30450,102300,55800,46500,100000,38800,61200,213000,48000,165000,24800,
18,14,401400,231600,99850,131750,57000,18000,39000,34650,10800,23850,77550,43050,34500,62400,28000,34400,145000,40000,105000,24800,
18,15,513700,306900,136950,169950,65600,29600,36000,49050,17400,31650,89250,53550,35700,103000,36400,66600,182000,32000,150000,24800,
18,16,449560,233560,134650,98910,67410,27000,40410,32400,26100,6300,70950,53550,17400,62800,28000,34800,185000,80000,105000,31000,
18,17,433800,256000,118300,137700,52300,30000,22300,52950,19500,33450,83550,40800,42750,67200,28000,39200,153000,48000,105000,24800,
18,18,453600,260800,131050,129750,57000,30000,27000,60900,21750,39150,98100,51300,46800,44800,28000,16800,168000,48000,120000,24800,
18,19,446550,282950,118500,164450,63900,12000,51900,66450,25800,40650,74400,47100,27300,78200,33600,44600,145000,40000,105000,18600,
18,20,502900,322500,122650,199850,69500,24000,45500,60150,26100,34050,61650,21750,39900,131200,50800,80400,168000,48000,120000,12400,
18,21,431985,259385,96400,162985,63235,33000,30235,63000,21750,41250,74550,38850,35700,58600,2800,55800,154000,64000,90000,18600,
18,22,515185,290385,140635,149750,43535,19535,24000,50400,21600,28800,100050,43500,56550,96400,56000,40400,200000,80000,120000,24800,
18,23,524450,290850,142050,148800,63000,24000,39000,71700,34800,36900,105750,49650,56100,50400,33600,16800,215000,80000,135000,18600,
18,24,494850,272050,144950,127100,69000,36000,33000,43350,19500,23850,75900,45450,30450,83800,44000,39800,198000,48000,150000,24800,
18,25,384835,251035,123835,127200,51235,30235,21000,47700,19500,28200,93300,48900,44400,58800,25200,33600,109000,64000,45000,24800,
18,26,461800,268200,109850,158350,60000,24000,36000,47700,15150,32550,79500,36900,42600,81000,33800,47200,175000,40000,135000,18600,
18,27,451750,285150,128950,156200,73300,36000,37300,45600,17400,28200,97050,47550,49500,69200,28000,41200,148000,88000,60000,18600,
18,28,478400,305800,128050,177750,74200,27000,47200,41100,15150,25950,110700,57900,52800,79800,28000,51800,154000,64000,90000,18600,
18,29,520335,303535,164235,139300,69235,33235,36000,43350,17250,26100,96750,61950,34800,94200,51800,42400,192000,72000,120000,24800,
18,30,518350,331550,124400,207150,79800,33000,46800,51300,19500,31800,116850,57900,58950,83600,14000,69600,162000,72000,90000,24800,
19,0,524650,307850,131600,176250,71600,21000,50600,60750,23850,36900,108900,64350,44550,66600,22400,44200,192000,72000,120000,24800,
19,1,500000,273400,118100,155300,69000,30000,39000,45450,21600,23850,84750,43500,41250,74200,23000,51200,208000,88000,120000,18600,
19,2,453400,250800,121850,128950,48000,21000,27000,19350,13050,6300,86850,45600,41250,96600,42200,54400,184000,64000,120000,18600,
19,3,447100,269300,99100,170200,60900,15000,45900,39450,13050,26400,82950,43050,39900,86000,28000,58000,153000,48000,105000,24800,
19,4,477405,283805,92150,191655,58605,0,58605,45000,21750,23250,70200,28200,42000,110000,42200,67800,175000,40000,135000,18600,
19,5,437985,260185,112750,147435,69235,30000,39235,54750,16950,37800,81600,43200,38400,54600,22600,32000,153000,48000,105000,24800,
19,6,508250,290650,147950,142700,49300,25300,24000,63000,39150,23850,79950,38700,41250,98400,44800,53600,199000,64000,135000,18600,
19,7,419900,279100,125450,153650,71600,21000,50600,65100,32550,32550,76200,29700,46500,66200,42200,24000,116000,56000,60000,24800,
19,8,469500,299700,141100,158600,76300,36000,40300,33450,11700,21750,105750,55200,50550,84200,38200,46000,145000,40000,105000,24800,
19,9,467835,268035,122650,145385,66235,30000,36235,43350,17400,25950,79650,38850,40800,78800,36400,42400,175000,40000,135000,24800,
19,10,472105,293305,126550,166755,66705,15000,51705,28200,23850,4350,104400,59700,44700,94000,28000,66000,154000,64000,90000,24800,
19,11,365435,231635,82050,149585,57235,15000,42235,39150,21750,17400,57450,8700,48750,77800,36600,41200,109000,64000,45000,24800,
19,12,494270,317470,122450,195020,74670,21000,53670,49500,21750,27750,103500,48900,54600,89800,30800,59000,152000,32000,120000,24800,
19,13,470750,291950,140700,151250,68600,36000,32600,48600,19500,29100,90150,45000,45150,84600,40200,44400,154000,64000,90000,24800,
19,14,555185,300385,118450,181935,40535,6000,34535,34800,17400,17400,121050,58650,62400,104000,36400,67600,230000,80000,150000,24800,
19,15,435600,257000,133900,123100,48000,24000,24000,51600,27750,23850,90000,42750,47250,67400,39400,28000,160000,40000,120000,18600,
19,16,451685,227885,106200,121685,45235,24000,21235,19350,4200,15150,71700,34800,36900,91600,43200,48400,199000,64000,135000,24800,
19,17,512450,288650,123050,165600,74600,27000,47600,47550,6300,41250,95100,49950,45150,71400,39800,31600,199000,64000,135000,24800,
19,18,517150,324350,112750,211600,60900,18000,42900,38100,19500,18600,109950,47250,62700,115400,28000,87400,168000,48000,120000,24800,
19,19,507200,295600,122300,173300,57900,24000,33900,59550,21750,37800,99150,54150,45000,79000,22400,56600,193000,88000,105000,18600,
19,20,529700,304100,136100,168000,63000,21000,42000,65250,26100,39150,92850,49800,43050,83000,39200,43800,207000,72000,135000,18600,
19,21,452750,318150,101750,216400,92300,15000,77300,41850,15150,26700,99600,49200,50400,84400,22400,62000,116000,56000,60000,18600,
19,22,472350,260750,107000,153750,58300,21000,37300,52200,17400,34800,69450,28200,41250,80800,40400,40400,193000,88000,105000,18600,
19,23,448970,313570,139185,174385,76370,22535,53835,46050,17400,28650,91950,53250,38700,99200,46000,53200,123000,48000,75000,12400,
19,24,503600,318800,131100,187700,84500,33000,51500,43500,20400,23100,82800,51300,31500,108000,26400,81600,160000,40000,120000,24800,
19,25,532100,292500,111250,181250,69900,24000,45900,56400,23850,32550,84000,34800,49200,82200,28600,53600,221000,56000,165000,18600,
19,26,482150,287550,132950,154600,56600,25300,31300,47700,15150,32550,97650,56100,41550,85600,36400,49200,176000,56000,120000,18600,
19,27,500170,297570,115300,182270,78470,27000,51470,55950,23850,32100,64350,30450,33900,98800,34000,64800,184000,64000,120000,18600,
19,28,502150,270350,133350,137000,45000,24000,21000,47700,23850,23850,101850,51900,49950,75800,33600,42200,207000,72000,135000,24800,
19,29,494320,275720,105770,169950,61370,15470,45900,47700,28200,19500,91050,36900,54150,75600,25200,50400,200000,80000,120000,18600,
19,30,446600,275800,111800,164000,71600,27000,44600,41250,28200,13050,80550,25800,54750,82400,30800,51600,146000,56000,90000,24800,
20,0,367300,249700,110800,138900,70300,24000,46300,39300,17400,21900,57900,31800,26100,82200,37600,44600,99000,24000,75000,18600,
20,1,450900,263300,102050,161250,64300,21000,43300,57300,19500,37800,96300,47550,48750,45400,14000,31400,169000,64000,105000,18600,
20,2,464650,256850,125900,130950,54000,24000,30000,39150,21750,17400,81900,49350,32550,81800,30800,51000,183000,48000,135000,24800,
20,3,468300,264700,122000,142700,45000,21000,24000,45600,15150,30450,86700,52050,34650,87400,33800,53600,185000,80000,105000,18600,
20,4,484570,282970,107200,175770,84470,33000,51470,54300,26100,28200,63600,19500,44100,80600,28600,52000,183000,48000,135000,18600,
20,5,462500,277700,107900,169800,56600,21000,35600,36300,19500,16800,70200,36600,33600,114600,30800,83800,160000,40000,120000,24800,
20,6,494485,277685,129700,147985,54235,24000,30235,45600,30450,15150,107850,38850,69000,70000,36400,33600,192000,72000,120000,24800,
20,7,485700,252100,122950,129150,48000,21000,27000,39150,21750,17400,117150,60600,56550,47800,19600,28200,215000,80000,135000,18600,
20,8,417435,238835,89650,149185,57235,18000,39235,39000,13050,25950,77400,39000,38400,65200,19600,45600,160000,40000,120000,18600,
20,9,430650,236050,127050,109000,36000,18000,18000,47700,28200,19500,90750,47250,43500,61600,33600,28000,176000,56000,120000,18600,
20,10,438550,264950,119750,145200,60000,24000,36000,49950,28200,21750,86400,36750,49650,68600,30800,37800,155000,80000,75000,18600,
20,11,498550,309950,97900,212050,51000,18000,33000,38700,15150,23550,91650,39150,52500,128600,25600,103000,170000,80000,90000,18600,
20,12,563885,325285,129650,195635,79135,21000,58135,45600,23850,21750,114750,54000,60750,85800,30800,55000,220000,40000,180000,18600,
20,13,493800,270000,141650,128350,45000,21000,24000,39900,22500,17400,71100,55950,15150,114000,42200,71800,199000,64000,135000,24800,
20,14,450150,233550,119300,114250,57000,36000,21000,56550,26100,30450,94800,43200,51600,25200,14000,11200,198000,48000,150000,18600,
20,15,441850,280050,104000,176050,57900,30000,27900,48750,21450,27300,66000,21750,44250,107400,30800,76600,137000,32000,105000,24800,
20,16,454550,268750,95650,173100,67300,24000,43300,41850,15150,26700,81000,36900,44100,78600,19600,59000,161000,56000,105000,24800,
20,17,486550,283950,132600,151350,73300,36000,37300,52200,21750,30450,101250,58050,43200,57200,16800,40400,184000,64000,120000,18600,
20,18,534985,309385,139385,170000,55535,27235,28300,42000,17250,24750,125250,58500,66750,86600,36400,50200,207000,72000,135000,18600,
20,19,452835,260035,120350,139685,63235,27000,36235,49950,17400,32550,88050,45150,42900,58800,30800,28000,168000,48000,120000,24800,
20,20,487850,249050,104100,144950,48000,24000,24000,39000,15150,23850,82650,39150,43500,79400,25800,53600,214000,64000,150000,24800,
20,21,463135,290535,114900,175635,86835,27000,59835,45300,17400,27900,60000,36900,23100,98400,33600,64800,154000,64000,90000,18600,
20,22,445200,257600,115050,142550,48000,27000,21000,49350,17400,31950,84450,45450,39000,75800,25200,50600,169000,64000,105000,18600,
20,23,469835,292035,134000,158035,68835,29600,39235,45450,15150,30300,97950,55650,42300,79800,33600,46200,153000,48000,105000,24800,
20,24,441335,254735,122650,132085,54235,27000,27235,38850,19500,19350,97050,53550,43500,64600,22600,42000,168000,48000,120000,18600,
20,25,502635,292035,145535,146500,57235,27235,30000,69450,28200,41250,109350,53700,55650,56000,36400,19600,192000,72000,120000,18600,
20,26,437650,244050,111500,132550,45000,18000,27000,46500,21750,24750,84150,49350,34800,68400,22400,46000,175000,40000,135000,18600,
20,27,506200,275400,148400,127000,51000,30000,21000,49800,17250,32550,109800,64350,45450,64800,36800,28000,206000,56000,150000,24800,
20,28,539400,293600,118950,174650,67300,27000,40300,46350,15150,31200,99150,45600,53550,80800,31200,49600,221000,56000,165000,24800,
20,29,464000,335600,122800,212800,103000,37300,65700,40650,21750,18900,76350,30150,46200,115600,33600,82000,116000,56000,60000,12400,
20,30,500450,306850,157600,149250,60000,36000,24000,46350,19500,26850,93900,44700,49200,106600,57400,49200,175000,40000,135000,18600,
21,0,519100,322500,139350,183150,79300,33000,46300,49950,23850,26100,89850,47700,42150,103400,34800,68600,178000,88000,90000,18600,
21,1,539755,314155,135200,178955,86005,36000,50005,52050,23850,28200,83700,32550,51150,92400,42800,49600,207000,72000,135000,18600,
21,2,491385,273785,133350,140435,66235,24000,42235,45450,19500,25950,89100,47850,41250,73000,42000,31000,199000,64000,135000,18600,
21,3,500400,289600,135950,153650,76300,30000,46300,21600,2100,19500,117300,58650,58650,74400,45200,29200,186000,96000,90000,24800,
21,4,545900,284100,131050,153050,33000,6000,27000,67350,34800,32550,108150,53850,54300,75600,36400,39200,237000,72000,165000,24800,
21,5,465850,257850,112100,145750,51000,27000,24000,41250,19500,21750,88800,34800,54000,76800,30800,46000,177000,72000,105000,31000,
21,6,465320,262720,96520,166200,42070,15470,26600,54300,17400,36900,75150,23850,51300,91200,39800,51400,184000,64000,120000,18600,
21,7,485950,284150,107950,176200,58300,24000,34300,47700,15150,32550,79950,34800,45150,98200,34000,64200,177000,72000,105000,24800,
21,8,501935,322335,151085,171250,64535,27235,37300,54000,21600,32400,108600,59850,48750,95200,42400,52800,161000,56000,105000,18600,
21,9,449885,270285,104800,165485,50835,12000,38835,54300,23850,30450,82950,40950,42000,82200,28000,54200,161000,56000,105000,18600,
21,10,428585,217985,87685,130300,54235,18235,36000,43350,19500,23850,63000,32550,30450,57400,17400,40000,192000,72000,120000,18600,
21,11,427085,294485,128535,165950,73135,30235,42900,53550,19500,34050,69600,36000,33600,98200,42800,55400,114000,24000,90000,18600,
21,12,488525,285925,94385,191540,77475,18235,59240,60450,21750,38700,81000,34800,46200,67000,19600,47400,184000,64000,120000,18600,
21,13,471300,268700,119650,149050,57000,30000,27000,28200,15150,13050,104100,43500,60600,79400,31000,48400,184000,64000,120000,18600,
21,14,430650,260850,120750,140100,57000,27000,30000,54300,23850,30450,66150,44700,21450,83400,25200,58200,145000,40000,105000,24800,
21,15,486070,286270,115650,170620,61770,30000,31770,41100,17250,23850,72600,34800,37800,110800,33600,77200,175000,40000,135000,24800,
21,16,491100,327500,115700,211800,104300,33000,71300,55650,30450,25200,67950,21450,46500,99600,30800,68800,145000,40000,105000,18600,
21,17,450600,287000,144550,142450,66500,35200,31300,50700,17250,33450,87600,55500,32100,82200,36600,45600,145000,40000,105000,18600,
21,18,429985,281385,125835,155550,62835,33235,29600,42000,24750,17250,65550,25650,39900,111000,42200,68800,130000,40000,90000,18600,
21,19,534300,338700,136100,202600,83200,36000,47200,47850,21750,26100,89850,47550,42300,117800,30800,87000,177000,72000,105000,18600,
21,20,455120,261520,113800,147720,42470,21000,21470,42150,21750,20400,86100,34650,51450,90800,36400,54400,175000,40000,135000,18600,
21,21,495690,330890,143955,186935,90140,39705,50435,51300,21600,29700,89850,47850,42000,99600,34800,64800,140000,80000,60000,24800,
21,22,379900,238300,101800,136500,64300,15000,49300,50700,25950,24750,63900,29850,34050,59400,31000,28400,123000,48000,75000,18600,
21,23,418850,255250,111600,143650,48000,24000,24000,45450,15150,30300,75000,38850,36150,86800,33600,53200,145000,40000,105000,18600,
21,24,493650,282050,125600,156450,54000,21000,33000,65250,21750,43500,97200,52050,45150,65600,30800,34800,193000,88000,105000,18600,
21,25,459735,265135,118150,146985,54235,21000,33235,50700,21750,28950,84600,39000,45600,75600,36400,39200,176000,56000,120000,18600,
21,26,466850,242250,129650,112600,36000,21000,15000,67350,30450,36900,88500,47400,41100,50400,30800,19600,206000,56000,150000,18600,
21,27,433000,230400,93050,137350,60000,18000,42000,25950,12900,13050,93450,39150,54300,51000,23000,28000,184000,64000,120000,18600,
21,28,508350,307550,139100,168450,72900,30000,42900,58650,21750,36900,102000,61950,40050,74000,25400,48600,176000,56000,120000,24800,
21,29,376650,242250,137250,105000,63000,33000,30000,34650,21750,12900,56400,36900,19500,88200,45600,42600,122000,32000,90000,12400,
21,30,507800,314000,157150,156850,67300,19300,48000,58200,29100,29100,98100,59550,38550,90400,49200,41200,169000,64000,105000,24800,
22,0,414000,240400,106250,134150,48000,21000,27000,49800,19500,30300,78000,43350,34650,64600,22400,42200,155000,80000,75000,18600,
22,1,419735,240135,105700,134435,48235,15000,33235,52050,21750,30300,83850,40950,42900,56000,28000,28000,161000,56000,105000,18600,
22,2,534435,316835,125250,191585,73135,18000,55135,47700,21750,25950,104400,51900,52500,91600,33600,58000,199000,64000,135000,18600,
22,3,556935,287135,143885,143250,66235,27235,39000,45450,21600,23850,86850,58650,28200,88600,36400,52200,245000,80000,165000,24800,
22,4,500200,283400,125700,157700,68600,27000,41600,44250,19500,24750,88950,45600,43350,81600,33600,48000,192000,72000,120000,24800,
22,5,400450,236650,94300,142350,52300,27000,25300,35250,19200,16050,92700,45300,47400,56400,2800,53600,139000,64000,75000,24800,
22,6,392900,274300,158050,116250,53600,29600,24000,60150,27750,32400,88350,48300,40050,72200,52400,19800,100000,40000,60000,18600,
22,7,556400,321000,150950,170050,57000,27000,30000,67350,28200,39150,116850,56550,60300,79800,39200,40600,223000,88000,135000,12400,
22,8,545300,283500,136250,147250,69000,21000,48000,41250,21750,19500,76050,54300,21750,97200,39200,58000,237000,72000,165000,24800,
22,9,523535,292735,124985,167750,73135,36235,36900,44100,17250,26850,90900,43500,47400,84600,28000,56600,206000,56000,150000,24800,
22,10,448205,253605,101150,152455,66705,15000,51705,49800,21600,28200,51900,21750,30150,85200,42800,42400,176000,56000,120000,18600,
22,11,477885,269085,116300,152785,45235,24000,21235,60750,25950,34800,86100,40950,45150,77000,25400,51600,184000,64000,120000,24800,
22,12,534650,301050,111800,189250,57900,18000,39900,73800,34650,39150,66150,21750,44400,103200,37400,65800,215000,80000,135000,18600,
22,13,480250,300450,135050,165400,59600,24000,35600,69450,30300,39150,112800,55350,57450,58600,25400,33200,155000,80000,75000,24800,
22,14,422950,228350,111350,117000,36000,24000,12000,56550,17400,39150,79800,47550,32250,56000,22400,33600,176000,56000,120000,18600,
22,15,436850,256250,118750,137500,66000,30000,36000,41250,23850,17400,109800,53700,56100,39200,11200,28000,162000,72000,90000,18600,
22,16,359170,278570,131600,146970,78470,33000,45470,46800,21900,24900,59700,38700,21000,93600,38000,55600,62000,32000,30000,18600,
22,17,410850,270250,120800,149450,60500,22300,38200,51900,21750,30150,71850,40350,31500,86000,36400,49600,122000,32000,90000,18600,
22,18,447950,247150,105400,141750,52300,21000,31300,49950,19500,30450,65100,36900,28200,79800,28000,51800,176000,56000,120000,24800,
22,19,505505,304705,136600,168105,75705,30000,45705,46500,20400,26100,87900,49800,38100,94600,36400,58200,176000,56000,120000,24800,
22,20,467020,273220,137535,135685,69470,30235,39235,49800,19500,30300,88350,47400,40950,65600,40400,25200,169000,64000,105000,24800,
22,21,541600,301000,147750,153250,63000,33000,30000,42000,29100,12900,108600,52050,56550,87400,33600,53800,222000,72000,150000,18600,
22,22,484020,297420,132400,165020,76770,24000,52770,50850,24750,26100,97800,47250,50550,72000,36400,35600,168000,48000,120000,18600,
22,23,494800,293000,125900,167100,45000,21000,24000,45600,15150,30450,121800,64350,57450,80600,25400,55200,177000,72000,105000,24800,
22,24,531750,300950,125700,175250,78900,27000,51900,45600,19500,26100,86250,45600,40650,90200,33600,56600,206000,56000,150000,24800,
22,25,509850,294050,132050,162000,54000,30000,24000,45600,19500,26100,105450,51750,53700,89000,30800,58200,191000,56000,135000,24800,
22,26,470000,299200,114100,185100,68600,30000,38600,34200,17400,16800,82800,38700,44100,113600,28000,85600,146000,56000,90000,24800,
22,27,452300,266500,128550,137950,55300,21000,34300,50850,21750,29100,81750,40800,40950,78600,45000,33600,161000,56000,105000,24800,
22,28,466440,301040,145500,155540,92240,37300,54940,55050,16050,39000,97950,60150,37800,55800,32000,23800,153000,48000,105000,12400,
22,29,437350,271550,126500,145050,66000,33000,33000,46350,28200,18150,90600,34500,56100,68600,30800,37800,141000,96000,45000,24800,
22,30,518050,280050,134800,145250,57000,27000,30000,54300,23850,30450,93150,47550,45600,75600,36400,39200,207000,72000,135000,31000,
23,0,429385,263785,126900,136885,45235,18000,27235,40800,10650,30150,99150,64650,34500,78600,33600,45000,147000,72000,75000,18600,
23,1,505285,273485,127850,145635,39235,15000,24235,49650,21450,28200,97800,52200,45600,86800,39200,47600,207000,72000,135000,24800,
23,2,380500,245900,88150,157750,69900,21000,48900,45000,21750,23250,55200,25800,29400,75800,19600,56200,116000,56000,60000,18600,
23,3,471140,268540,105820,162720,63940,18470,45470,54300,13050,41250,71700,26100,45600,78600,48200,30400,184000,64000,120000,18600,
23,4,406050,233450,97700,135750,51000,21000,30000,45600,17400,28200,77850,36900,40950,59000,22400,36600,154000,64000,90000,18600,
23,5,522750,299750,123600,176150,69900,18000,51900,65100,25950,39150,72750,43050,29700,92000,36600,55400,192000,72000,120000,31000,
23,6,492850,274250,126700,147550,54000,33000,21000,41250,19500,21750,73800,28200,45600,105200,46000,59200,200000,80000,120000,18600,
23,7,486385,268785,102750,166035,57235,24000,33235,47700,28200,19500,83850,21750,62100,80000,28800,51200,199000,64000,135000,18600,
23,8,480250,315650,137600,178050,58300,27000,31300,42150,19050,23100,102000,57750,44250,113200,33800,79400,146000,56000,90000,18600,
23,9,374135,260735,111450,149285,57235,24000,33235,50100,21750,28350,67800,32100,35700,85600,33600,52000,101000,56000,45000,12400,
23,10,479200,261600,117950,143650,60000,24000,36000,52950,23850,29100,86850,47700,39150,61800,22400,39400,199000,64000,135000,18600,
23,11,374950,203350,75850,127500,45000,18000,27000,36900,10800,26100,64650,23850,40800,56800,23200,33600,153000,48000,105000,18600,
23,12,436850,266050,117500,148550,58300,18000,40300,50850,21750,29100,93900,46950,46950,63000,30800,32200,146000,56000,90000,24800,
23,13,481450,257650,100800,156850,60000,21000,39000,56550,26100,30450,71700,36900,34800,69400,16800,52600,199000,64000,135000,24800,
23,14,496700,273900,120850,153050,58300,30000,28300,52950,23850,29100,88650,39000,49650,74000,28000,46000,198000,48000,150000,24800,
23,15,546550,291750,134600,157150,48000,27000,21000,42000,12900,29100,108750,60900,47850,93000,33800,59200,230000,80000,150000,24800,
23,16,395585,216785,83235,133550,36235,15235,21000,48600,19500,29100,60750,26100,34650,71200,22400,48800,154000,64000,90000,24800,
23,17,492800,261000,119350,141650,51000,33000,18000,45450,12900,32550,99750,47850,51900,64800,25600,39200,207000,72000,135000,24800,
23,18,466000,256400,132500,123900,42000,24000,18000,60450,28200,32250,94950,49500,45450,59000,30800,28200,191000,56000,135000,18600,
23,19,537035,299235,136550,162685,54235,21000,33235,60600,25800,34800,94800,47550,47250,89600,42200,47400,213000,48000,165000,24800,
23,20,463800,293200,117400,175800,74200,27000,47200,49500,26100,23400,82500,36300,46200,87000,28000,59000,152000,32000,120000,18600,
23,21,399000,243200,116150,127050,62600,37300,25300,19500,6450,13050,84300,34800,49500,76800,37600,39200,131000,56000,75000,24800,
23,22,403350,239550,97600,141950,46300,24000,22300,52950,23850,29100,72900,30150,42750,67400,19600,47800,139000,64000,75000,24800,
23,23,537205,335405,158750,176655,72305,35600,36705,45600,13050,32550,86700,40500,46200,130800,69600,61200,177000,72000,105000,24800,
23,24,428650,234050,104450,129600,57000,24000,33000,45300,15150,30150,78150,36900,41250,53600,28400,25200,176000,56000,120000,18600,
23,25,428650,249850,136250,113600,57000,21000,36000,50850,29100,21750,85800,55350,30450,56200,30800,25400,154000,64000,90000,24800,
23,26,507850,320050,148850,171200,60900,27900,33000,43350,21750,21600,100800,51600,49200,115000,47600,67400,163000,88000,75000,24800,
23,27,480350,280550,131550,149000,43300,19300,24000,62850,30300,32550,90000,42750,47250,84400,39200,45200,175000,40000,135000,24800,
23,28,410050,254450,103150,151300,73300,36000,37300,52650,30150,22500,57300,17400,39900,71200,19600,51600,137000,32000,105000,18600,
23,29,474700,255100,120200,134900,48000,18000,30000,45600,19500,26100,93300,36900,56400,68200,45800,22400,201000,96000,105000,18600,
23,30,542185,292585,136850,155735,72235,33000,39235,28050,17250,10800,106500,52200,54300,85800,34400,51400,231000,96000,135000,18600,
24,0,443700,250900,85500,165400,63900,18000,45900,36750,17250,19500,79050,30450,48600,71200,19800,51400,168000,48000,120000,24800,
24,1,386170,261370,118600,142770,61770,25300,36470,55350,28050,27300,55650,40050,15600,88600,25200,63400,100000,40000,60000,24800,
24,2,492750,259950,98200,161750,67300,15000,52300,39000,15150,23850,82650,30450,52200,71000,37600,33400,208000,88000,120000,24800,
24,3,468800,282000,151650,130350,63000,30000,33000,60750,26100,34650,71250,45150,26100,87000,50400,36600,162000,72000,90000,24800,
24,4,475885,264485,115800,148685,54235,21000,33235,73950,34800,39150,73500,43200,30300,62800,16800,46000,199000,64000,135000,12400,
24,5,446750,216950,89100,127850,51000,15000,36000,34800,13050,21750,97350,41250,56100,33800,19800,14000,205000,40000,165000,24800,
24,6,526300,299700,139950,159750,64300,24000,40300,58650,32550,26100,99750,49800,49950,77000,33600,43400,208000,88000,120000,18600,
24,7,514500,273100,117450,155650,43300,18000,25300,42150,17400,24750,100050,47850,52200,87600,34200,53400,229000,64000,165000,12400,
24,8,495300,266300,135150,131150,63000,30000,33000,38850,6300,32550,82650,47850,34800,81800,51000,30800,198000,48000,150000,31000,
24,9,552420,321620,133600,188020,88770,30000,58770,43350,21600,21750,96900,45600,51300,92600,36400,56200,206000,56000,150000,24800,
24,10,556100,295100,124200,170900,69000,30000,39000,52200,21750,30450,99900,41250,58650,74000,31200,42800,230000,80000,150000,31000,
24,11,519400,272600,128800,143800,54000,27000,27000,49950,15150,34800,112650,67050,45600,56000,19600,36400,222000,72000,150000,24800,
24,12,518035,280035,134100,145935,66235,27000,39235,43350,19500,23850,106050,54000,52050,64400,33600,30800,207000,72000,135000,31000,
24,13,529200,281600,112700,168900,64300,21000,43300,37650,10800,26850,91050,43500,47550,88600,37400,51200,229000,64000,165000,18600,
24,14,531700,277900,131900,146000,39000,21000,18000,45600,32550,13050,114900,47550,67350,78400,30800,47600,229000,64000,165000,24800,
24,15,494900,316100,115050,201050,74200,21000,53200,30300,8550,21750,112800,60300,52500,98800,25200,73600,154000,64000,90000,24800,
24,16,518835,284435,116335,168100,67535,30235,37300,58500,28200,30300,71400,26100,45300,87000,31800,55200,222000,72000,150000,12400,
24,17,432905,268305,116250,152055,69705,18000,51705,49800,23850,25950,81000,40800,40200,67800,33600,34200,146000,56000,90000,18600,
24,18,479200,262400,109300,153100,64300,21000,43300,43350,19500,23850,84750,34800,49950,70000,34000,36000,192000,72000,120000,24800,
24,19,537200,274600,119900,154700,45000,15000,30000,34650,19500,15150,130350,63000,67350,64600,22400,42200,244000,64000,180000,18600,
24,20,419650,254850,127550,127300,51000,30000,21000,49650,21750,27900,84000,45000,39000,70200,30800,39400,140000,80000,60000,24800,
24,21,444100,303500,122900,180600,65200,25300,39900,38100,17100,21000,89400,42900,46500,110800,37600,73200,122000,32000,90000,18600,
24,22,484800,262800,107200,155600,66000,27000,39000,52950,26100,26850,94650,42900,51750,49200,11200,38000,191000,56000,135000,31000,
24,23,412050,258250,138000,120250,60000,30000,30000,49050,18600,30450,73800,33600,40200,75400,55800,19600,129000,24000,105000,24800,
24,24,513500,296700,108300,188400,58300,18000,40300,51900,21750,30150,89700,43350,46350,96800,25200,71600,192000,72000,120000,24800,
24,25,427385,257585,88550,169035,43535,6000,37535,45750,21750,24000,57300,30000,27300,111000,30800,80200,145000,40000,105000,24800,
24,26,504600,286000,130750,155250,78000,33000,45000,56400,21600,34800,89400,39150,50250,62200,37000,25200,200000,80000,120000,18600,
24,27,480655,286855,128050,158805,69705,24000,45705,67200,28050,39150,81150,45000,36150,68800,31000,37800,169000,64000,105000,24800,
24,28,468350,259550,96450,163100,52300,18000,34300,48600,15150,33450,79650,26100,53550,79000,37200,41800,184000,64000,120000,24800,
24,29,552800,334200,129050,205150,73800,30000,43800,62400,21750,40650,91800,43500,48300,106200,33800,72400,200000,80000,120000,18600,
24,30,430685,290885,129850,161035,58535,37300,21235,46950,21750,25200,76800,34800,42000,108600,36000,72600,115000,40000,75000,24800,
25,0,528620,326020,143200,182820,75470,27000,48470,49950,26100,23850,106200,62100,44100,94400,28000,66400,184000,64000,120000,18600,
25,1,554050,290450,130350,160100,36000,12000,24000,41250,26100,15150,126000,58650,67350,87200,33600,53600,245000,80000,165000,18600,
25,2,518850,293250,150200,143050,64300,28300,36000,58650,26100,32550,75900,49800,26100,94400,46000,48400,207000,72000,135000,18600,
25,3,432300,246500,96250,150250,62200,12000,50200,49950,21750,28200,66750,34500,32250,67600,28000,39600,161000,56000,105000,24800,
25,4,465100,294300,119800,174500,72900,21000,51900,43050,21750,21300,99750,57450,42300,78600,19600,59000,146000,56000,90000,24800,
25,5,407000,220400,120400,100000,57000,36000,21000,36900,13050,23850,84300,51750,32550,42200,19600,22600,168000,48000,120000,18600,
25,6,446150,238350,113100,125250,51000,21000,30000,39150,8700,30450,78000,49800,28200,70200,33600,36600,183000,48000,135000,24800,
25,7,484500,274900,127900,147000,49300,18000,31300,36900,19500,17400,126900,70800,56100,61800,19600,42200,191000,56000,135000,18600,
25,8,426250,254650,134400,120250,69000,27000,42000,41250,26100,15150,70800,44700,26100,73600,36600,37000,153000,48000,105000,18600,
25,9,451600,257800,114200,143600,64300,27000,37300,32550,15150,17400,78150,41250,36900,82800,30800,52000,169000,64000,105000,24800,
25,10,509400,290800,112150,178650,67300,27000,40300,50850,21750,29100,90450,34800,55650,82200,28600,53600,200000,80000,120000,18600,
25,11,478550,270750,124200,146550,75000,30000,45000,36900,23850,13050,92850,45150,47700,66000,25200,40800,183000,48000,135000,24800,
25,12,366220,234420,82800,151620,60470,21000,39470,30000,19500,10500,57150,25500,31650,86800,16800,70000,107000,32000,75000,24800,
25,13,498600,304800,112800,192000,75000,27000,48000,39150,21750,17400,72450,38850,33600,118200,25200,93000,169000,64000,105000,24800,
25,14,546900,330100,126500,203600,61300,18000,43300,47100,30450,16650,99900,47250,52650,121800,30800,91000,192000,72000,120000,24800,
25,15,427570,256970,84400,172570,54470,15000,39470,34200,17400,16800,93300,40800,52500,75000,11200,63800,152000,32000,120000,18600,
25,16,389100,255500,105750,149750,90500,24000,66500,53850,21600,32250,52950,31950,21000,58200,28200,30000,115000,40000,75000,18600,
25,17,480800,271000,140900,130100,82300,37300,45000,45600,17400,28200,95100,58200,36900,48000,28000,20000,185000,80000,105000,24800,
25,18,416050,267450,102650,164800,68200,21000,47200,38550,15150,23400,63900,34500,29400,96800,32000,64800,130000,40000,90000,18600,
25,19,421950,275150,109100,166050,68600,24000,44600,45000,15150,29850,72750,36150,36600,88800,33800,55000,122000,32000,90000,24800,
25,20,461000,251200,125300,125900,36000,21000,15000,60750,23850,36900,76050,41250,34800,78400,39200,39200,185000,80000,105000,24800,
25,21,535335,318535,138200,180335,78735,36000,42735,60750,23850,36900,94050,55950,38100,85000,22400,62600,192000,72000,120000,24800,
25,22,515000,312400,144200,168200,69000,30000,39000,50700,21600,29100,98700,55800,42900,94000,36800,57200,184000,64000,120000,18600,
25,23,432585,283785,114535,169250,45235,27235,18000,49950,19500,30450,63600,25800,37800,125000,42000,83000,124000,64000,60000,24800,
25,24,511750,324150,131350,192800,56200,30000,26200,38400,17400,21000,97950,47550,50400,131600,36400,95200,169000,64000,105000,18600,
25,25,500600,269600,124400,145200,63000,18000,45000,36900,21750,15150,75900,45450,30450,93800,39200,54600,200000,80000,120000,31000,
25,26,417600,254800,113750,141050,48000,27000,21000,34650,17400,17250,83550,38550,45000,88600,30800,57800,138000,48000,90000,24800,
25,27,501550,293750,142550,151200,45000,12000,33000,35550,20400,15150,118800,62550,56250,94400,47600,46800,183000,48000,135000,24800,
25,28,475120,290320,134085,156235,60470,27235,33235,49950,23850,26100,93300,51000,42300,86600,32000,54600,160000,40000,120000,24800,
25,29,468750,281150,146550,134600,50600,29600,21000,46350,33300,13050,79800,47250,32550,104400,36400,68000,169000,64000,105000,18600,
25,30,484000,258400,119600,138800,42000,15000,27000,52200,26100,26100,91200,47700,43500,73000,30800,42200,207000,72000,135000,18600,
26,0,478700,320900,139350,181550,81900,33000,48900,49050,20400,28650,99750,57750,42000,90200,28200,62000,133000,88000,45000,24800,
26,1,493835,270035,119000,151035,63235,24000,39235,45300,15150,30150,95700,47850,47850,65800,32000,33800,199000,64000,135000,24800,
26,2,411235,253435,104300,149135,57235,24000,33235,26100,17400,8700,54300,8700,45600,115800,54200,61600,133000,88000,45000,24800,
26,3,492035,251435,117650,133785,63235,15000,48235,43500,30450,13050,75900,49800,26100,68800,22400,46400,222000,72000,150000,18600,
26,4,519300,300700,119350,181350,70800,21000,49800,41100,12900,28200,112200,62850,49350,76600,22600,54000,200000,80000,120000,18600,
26,5,495520,279720,111650,168070,54470,18000,36470,56400,15150,41250,85650,47700,37950,83200,30800,52400,191000,56000,135000,24800,
26,6,435250,240650,127650,113000,60000,27000,33000,60750,28200,32550,51900,38850,13050,68000,33600,34400,176000,56000,120000,18600,
26,7,572700,308100,140450,167650,51000,33000,18000,56550,26100,30450,95550,49950,45600,105000,31400,73600,246000,96000,150000,18600,
26,8,540400,324600,135000,189600,72900,21000,51900,51600,30300,21300,87300,38700,48600,112800,45000,67800,191000,56000,135000,24800,
26,9,486200,277400,119750,157650,65200,24000,41200,28050,21750,6300,116550,51600,64950,67600,22400,45200,184000,64000,120000,24800,
26,10,496000,271200,115850,155350,58300,24000,34300,47850,21750,26100,80250,47700,32550,84800,22400,62400,200000,80000,120000,24800,
26,11,491700,281100,134650,146450,81000,33000,48000,52200,21750,30450,80100,51900,28200,67800,28000,39800,192000,72000,120000,18600,
26,12,417050,221450,101300,120150,57000,27000,30000,23850,13050,10800,63000,41250,21750,77600,20000,57600,177000,72000,105000,18600,
26,13,516820,291220,114000,177220,49770,15000,34770,55200,21750,33450,94650,52050,42600,91600,25200,66400,207000,72000,135000,18600,
26,14,432770,282170,119050,163120,63470,18000,45470,47700,21750,25950,82800,42900,39900,88200,36400,51800,132000,72000,60000,18600,
26,15,532550,352950,133050,219900,91400,30000,61400,48600,20400,28200,80550,37650,42900,132400,45000,87400,161000,56000,105000,18600,
26,16,401050,252450,119250,133200,63000,36000,27000,56250,26100,30150,68400,31950,36450,64800,25200,39600,130000,40000,90000,18600,
26,17,501450,249650,102750,146900,63000,27000,36000,34650,19500,15150,103800,30450,73350,48200,25800,22400,227000,32000,195000,24800,
26,18,538650,313050,138650,174400,52300,27000,25300,47700,15150,32550,107850,54300,53550,105200,42200,63000,207000,72000,135000,18600,
26,19,485885,298285,134250,164035,61535,21000,40535,65100,34800,30300,80850,44850,36000,90800,33600,57200,169000,64000,105000,18600,
26,20,436050,301650,113700,187950,75900,36000,39900,47100,12900,34200,72450,36600,35850,106200,28200,78000,122000,32000,90000,12400,
26,21,493800,259200,109700,149500,54000,18000,36000,54300,26100,28200,99900,45600,54300,51000,20000,31000,216000,96000,120000,18600,
26,22,488335,290335,135550,154785,59835,24000,35835,57300,24750,32550,74400,38400,36000,98800,48400,50400,167000,32000,135000,31000,
26,23,526850,287850,109400,178450,84500,21000,63500,41250,30450,10800,82500,32550,49950,79600,25400,54200,208000,88000,120000,31000,
26,24,517050,305450,157800,147650,54000,24000,30000,57300,29100,28200,84150,60300,23850,110000,44400,65600,193000,88000,105000,18600,
26,25,591150,337350,132700,204650,73300,30000,43300,48150,19500,28650,74700,34800,39900,141200,48400,92800,229000,64000,165000,24800,
26,26,470900,270100,126100,144000,58300,27000,31300,46500,21750,24750,96900,49350,47550,68400,28000,40400,176000,56000,120000,24800,
26,27,416385,246585,85900,160685,57235,18000,39235,34950,2100,32850,68400,34800,33600,86000,31000,55000,145000,40000,105000,24800,
26,28,500950,316150,116600,199550,61800,15000,46800,57900,28050,29850,103650,42750,60900,92800,30800,62000,160000,40000,120000,24800,
26,29,447835,267235,107750,159485,57235,21000,36235,52050,23850,28200,60150,26100,34050,97800,36800,61000,162000,72000,90000,18600,
26,30,505535,288735,156985,131750,60235,24235,36000,58500,21600,36900,76200,63150,13050,93800,48000,45800,192000,72000,120000,24800,
27,0,523900,277100,126200,150900,48000,30000,18000,63000,23850,39150,101700,49950,51750,64400,22400,42000,222000,72000,150000,24800,
27,1,508385,285585,133050,152535,60235,24000,36235,56400,21750,34650,77550,53700,23850,91400,33600,57800,198000,48000,150000,24800,
27,2,468900,268100,118100,150000,69000,33000,36000,49950,19500,30450,75750,43200,32550,73400,22400,51000,176000,56000,120000,24800,
27,3,487300,276700,129150,147550,60000,24000,36000,49950,23850,26100,78150,47700,30450,88600,33600,55000,192000,72000,120000,18600,
27,4,447200,238400,104150,134250,48000,21000,27000,45450,21600,23850,88950,39150,49800,56000,22400,33600,184000,64000,120000,24800,
27,5,383000,242200,103600,138600,54000,24000,30000,41250,19500,21750,68550,32100,36450,78400,28000,50400,116000,56000,60000,24800,
27,6,512535,333735,137250,196485,68435,18000,50435,72750,33450,39300,93150,42600,50550,99400,43200,56200,154000,64000,90000,24800,
27,7,436285,240685,127385,113300,66235,30235,36000,43350,23850,19500,71700,36900,34800,59400,36400,23000,177000,72000,105000,18600,
27,8,519250,281450,123450,158000,65600,24000,41600,56250,17250,39000,73800,45600,28200,85800,36600,49200,213000,48000,165000,24800,
27,9,477735,299935,90200,209735,81735,18000,63735,52800,26100,26700,63600,23700,39900,101800,22400,79400,153000,48000,105000,24800,
27,10,544700,311100,143150,167950,76300,30000,46300,55200,30450,24750,95400,51900,43500,84200,30800,53400,215000,80000,135000,18600,
27,11,470150,260550,112200,148350,39000,24000,15000,60750,19500,41250,90600,43500,47100,70200,25200,45000,191000,56000,135000,18600,
27,12,498600,288800,146300,142500,67300,34300,33000,46500,24750,21750,112200,49650,62550,62800,37600,25200,185000,80000,105000,24800,
27,13,333250,221650,103650,118000,36000,27000,9000,39000,17400,21600,93450,42450,51000,53200,16800,36400,93000,48000,45000,18600,
27,14,433400,252000,118300,133700,72000,30000,42000,36900,15150,21750,95100,39150,55950,48000,34000,14000,169000,64000,105000,12400,
27,15,543985,283185,135435,147750,72235,39235,33000,43350,15150,28200,91200,41250,49950,76400,39800,36600,236000,56000,180000,24800,
27,16,493655,315855,135950,179905,75305,31300,44005,41250,18150,23100,101700,55500,46200,97600,31000,66600,153000,48000,105000,24800,
27,17,565000,310200,122650,187550,60000,24000,36000,41100,15150,25950,88500,43500,45000,120600,40000,80600,230000,80000,150000,24800,
27,18,467000,273200,116350,156850,30000,27000,3000,35550,10800,24750,101250,47550,53700,106400,31000,75400,169000,64000,105000,24800,
27,19,499800,268000,107200,160800,63000,18000,45000,45600,17400,28200,63000,34800,28200,96400,37000,59400,207000,72000,135000,24800,
27,20,477900,292100,125350,166750,57000,18000,39000,60750,28200,32550,76350,42750,33600,98000,36400,61600,161000,56000,105000,24800,
27,21,431250,228650,85150,143500,51000,15000,36000,41100,19500,21600,56550,30450,26100,80000,20200,59800,184000,64000,120000,18600,
27,22,487300,284700,131700,153000,70300,33000,37300,47850,17400,30450,99150,47700,51450,67400,33600,33800,184000,64000,120000,18600,
27,23,433700,268100,136600,131500,54000,24000,30000,46350,20400,25950,77550,55800,21750,90200,36400,53800,147000,72000,75000,18600,
27,24,615035,352235,155435,196800,75235,39235,36000,61500,26850,34650,110100,49950,60150,105400,39400,66000,238000,88000,150000,24800,
27,25,466120,226520,120600,105920,33470,18000,15470,28200,10800,17400,100050,52200,47850,64800,39600,25200,221000,56000,165000,18600,
27,26,544720,304920,115100,189820,57470,21000,36470,58500,23850,34650,96750,47850,48900,92200,22400,69800,215000,80000,135000,24800,
27,27,472950,280150,119450,160700,52300,24000,28300,47850,21750,26100,83400,34500,48900,96600,39200,57400,168000,48000,120000,24800,
27,28,409100,236500,118400,118100,57000,27000,30000,49800,21600,28200,65100,39000,26100,64600,30800,33800,154000,64000,90000,18600,
27,29,498300,284300,109500,174800,76300,42000,34300,47550,17250,30300,70650,30450,40200,89800,19800,70000,183000,48000,135000,31000,
27,30,367050,239450,113750,125700,71600,27000,44600,54300,23850,30450,45150,32100,13050,68400,30800,37600,109000,64000,45000,18600,
28,0,431000,269200,112800,156400,46300,15000,31300,28050,15150,12900,84450,49050,35400,110400,33600,76800,137000,32000,105000,24800,
28,1,417385,221785,106985,114800,45235,18235,27000,49800,23850,25950,67350,36900,30450,59400,28000,31400,177000,72000,105000,18600,
28,2,519650,302850,127600,175250,60000,24000,36000,46500,8700,37800,115950,58500,57450,80400,36400,44000,192000,72000,120000,24800,
28,3,489200,287600,133100,154500,70300,24000,46300,54300,19500,34800,90000,55800,34200,73000,33800,39200,183000,48000,135000,18600,
28,4,489170,288170,114000,174170,57470,24000,33470,60750,26100,34650,89550,30300,59250,80400,33600,46800,170000,80000,90000,31000,
28,5,384570,238570,126620,111950,51470,30470,21000,61350,28950,32400,86550,42000,44550,39200,25200,14000,115000,40000,75000,31000,
28,6,386400,214800,93900,120900,30000,18000,12000,47700,15150,32550,66900,32550,34350,70200,28200,42000,153000,48000,105000,18600,
28,7,485050,274450,132500,141950,54000,30000,24000,52050,19500,32550,78000,34800,43200,90400,48200,42200,192000,72000,120000,18600,
28,8,609000,321400,144150,177250,69000,30000,39000,63000,26100,36900,80400,47850,32550,109000,40200,68800,269000,104000,165000,18600,
28,9,479000,247200,97750,149450,57000,24000,33000,45600,17400,28200,95400,39150,56250,49200,17200,32000,207000,72000,135000,24800,
28,10,463235,274835,123200,151635,57235,21000,36235,46200,21450,24750,97200,49950,47250,74200,30800,43400,176000,56000,120000,12400,
28,11,436600,259800,126650,133150,39000,27000,12000,54300,21750,32550,78900,36300,42600,87600,41600,46000,152000,32000,120000,24800,
28,12,445050,298250,118650,179600,53600,18000,35600,45750,24750,21000,90300,42300,48000,108600,33600,75000,122000,32000,90000,24800,
28,13,467800,267800,106850,160950,77600,33000,44600,32400,6300,26100,86400,39150,47250,71400,28400,43000,169000,64000,105000,31000,
28,14,522100,288700,131550,157150,54000,24000,30000,57300,28200,29100,114600,54150,60450,62800,25200,37600,221000,56000,165000,12400,
28,15,399020,273220,125885,147335,64770,30235,34535,51900,21600,30300,75750,40050,35700,80800,34000,46800,101000,56000,45000,24800,
28,16,497800,273200,103200,170000,60900,21000,39900,42000,4200,37800,99300,52200,47100,71000,25800,45200,206000,56000,150000,18600,
28,17,448735,270135,115750,154385,51235,21000,30235,56400,26100,30300,110700,49050,61650,51800,19600,32200,160000,40000,120000,18600,
28,18,443200,258400,140200,118200,59600,35600,24000,54150,21600,32550,59850,31800,28050,84800,51200,33600,160000,40000,120000,24800,
28,19,451250,248650,119400,129250,42000,27000,15000,39150,17400,21750,97500,49800,47700,70000,25200,44800,184000,64000,120000,18600,
28,20,484970,289370,137935,151435,72470,30235,42235,39900,28200,11700,105600,42900,62700,71400,36600,34800,177000,72000,105000,18600,
28,21,372000,216200,109850,106350,48000,21000,27000,47550,15150,32400,64650,42900,21750,56000,30800,25200,131000,56000,75000,24800,
28,22,507600,268000,100600,167400,51000,21000,30000,58500,28200,30300,66900,28200,38700,91600,23200,68400,221000,56000,165000,18600,
28,23,428235,257435,98000,159435,48235,9000,39235,47700,13050,34650,78900,36750,42150,82600,39200,43400,146000,56000,90000,24800,
28,24,380250,231650,102950,128700,67300,33000,34300,43350,23850,19500,66600,23700,42900,54400,22400,32000,130000,40000,90000,18600,
28,25,463585,278785,121985,156800,70135,21235,48900,52050,21600,30450,77400,42750,34650,79200,36400,42800,160000,40000,120000,24800,
28,26,507850,291050,120300,170750,54000,18000,36000,54300,17400,36900,77550,36900,40650,105200,48000,57200,192000,72000,120000,24800,
28,27,477400,289000,145550,143450,66000,24000,42000,47850,17400,30450,93150,54150,39000,82000,50000,32000,176000,56000,120000,12400,
28,28,496300,264500,130750,133750,42000,27000,15000,56550,30450,26100,93150,45300,47850,72800,28000,44800,207000,72000,135000,24800,
28,29,489700,273900,132350,141550,45000,24000,21000,49800,19500,30300,120300,58050,62250,58800,30800,28000,191000,56000,135000,24800,
28,30,539300,277500,138100,139400,63000,27000,36000,41100,21600,19500,84600,58500,26100,88800,31000,57800,237000,72000,165000,24800,
29,0,441635,247835,108135,139700,54235,18235,36000,49650,23700,25950,81750,40800,40950,62200,25400,36800,169000,64000,105000,24800,
29,1,545350,311750,139150,172600,62600,33000,29600,43500,17400,26100,127650,60750,66900,78000,28000,50000,215000,80000,135000,18600,
29,2,476585,289985,151485,138500,80835,43535,37300,58500,26100,32400,74850,46650,28200,75800,35200,40600,168000,48000,120000,18600,
29,3,378050,243450,99850,143600,60000,18000,42000,50850,21750,29100,67800,40500,27300,64800,19600,45200,116000,56000,60000,18600,
29,4,549850,288050,152850,135200,42000,24000,18000,49950,21750,28200,89100,54300,34800,107000,52800,54200,237000,72000,165000,24800,
29,5,361350,211750,114200,97550,42000,21000,21000,45600,19500,26100,79350,42900,36450,44800,30800,14000,131000,56000,75000,18600,
29,6,536310,295510,112805,182705,65710,21705,44005,54300,8700,45600,81900,45600,36300,93600,36800,56800,216000,96000,120000,24800,
29,7,574150,318550,150200,168350,69000,36000,33000,60750,23850,36900,91200,39150,52050,97600,51200,46400,237000,72000,165000,18600,
29,8,438885,244085,99900,144185,48235,9000,39235,52050,23850,28200,52200,30450,21750,91600,36600,55000,170000,80000,90000,24800,
29,9,523900,300100,130200,169900,79300,21000,58300,36450,13050,23400,99150,54150,45000,85200,42000,43200,199000,64000,135000,24800,
29,10,459435,282635,114450,168185,66235,27000,39235,29850,6300,23550,114750,64350,50400,71800,16800,55000,152000,32000,120000,24800,
29,11,458650,250050,102550,147500,49300,18000,31300,44250,23850,20400,99300,41100,58200,57200,19600,37600,190000,40000,150000,18600,
29,12,526900,272100,130200,141900,69000,33000,36000,67350,28200,39150,67350,34800,32550,68400,34200,34200,230000,80000,150000,24800,
29,13,485935,308135,117900,190235,62835,24000,38835,42750,21750,21000,80550,38550,42000,122000,33600,88400,153000,48000,105000,24800,
29,14,463585,247785,104550,143235,66235,24000,42235,37650,15150,22500,75900,28200,47700,68000,37200,30800,191000,56000,135000,24800,
29,15,589050,281250,122250,159000,48000,18000,30000,39000,10800,28200,110850,58650,52200,83400,34800,48600,283000,88000,195000,24800,
29,16,421350,248750,113100,135650,42000,21000,21000,65100,19500,45600,85650,39000,46650,56000,33600,22400,154000,64000,90000,18600,
29,17,391685,241085,96835,144250,62835,18235,44600,47700,23850,23850,55950,15150,40800,74600,39600,35000,132000,72000,60000,18600,
29,18,574235,311635,121585,190050,69235,33235,36000,44250,21750,22500,94350,17400,76950,103800,49200,54600,244000,64000,180000,18600,
29,19,513900,276100,122550,153550,69000,21000,48000,52050,19500,32550,101250,53850,47400,53800,28200,25600,213000,48000,165000,24800,
29,20,492700,282900,136100,146800,60000,33000,27000,50850,24750,26100,103650,47550,56100,68400,30800,37600,185000,80000,105000,24800,
29,21,409750,260950,102150,158800,64300,21000,43300,52950,23850,29100,65700,32100,33600,78000,25200,52800,124000,64000,60000,24800,
29,22,460235,283435,87150,196285,51235,6000,45235,39600,21750,17850,59400,25800,33600,133200,33600,99600,152000,32000,120000,24800,
29,23,490985,279385,108250,171135,67535,12000,55535,47850,21750,26100,82200,43500,38700,81800,31000,50800,193000,88000,105000,18600,
29,24,483550,275550,133700,141850,51000,15000,36000,52950,32550,20400,94800,46950,47850,76800,39200,37600,177000,72000,105000,31000,
29,25,491250,282450,104750,177700,51900,27000,24900,41100,15150,25950,94050,28200,65850,95400,34400,61000,184000,64000,120000,24800,
29,26,385870,224070,101900,122170,63470,30000,33470,60600,28200,32400,38400,21300,17100,61600,22400,39200,137000,32000,105000,24800,
29,27,431150,251550,99050,152500,60000,18000,42000,62550,17400,45150,55800,23850,31950,73200,39800,33400,161000,56000,105000,18600,
29,28,506335,283535,115950,167585,49535,9000,40535,58500,28200,30300,78900,45150,33750,96600,33600,63000,198000,48000,150000,24800,
29,29,357335,262735,118250,144485,61135,33900,27235,31500,14700,16800,71700,27450,44250,98400,42200,56200,76000,16000,60000,18600,
29,30,409000,252200,133100,119100,54000,27000,27000,56400,28200,28200,83400,44700,38700,58400,33200,25200,132000,72000,60000,24800,
30,0,459935,258335,120550,137785,51235,24000,27235,28050,23850,4200,97050,47100,49950,82000,25600,56400,183000,48000,135000,18600,
30,1,446950,245150,117300,127850,42000,27000,15000,47700,19500,28200,73650,28200,45450,81800,42600,39200,177000,72000,105000,24800,
30,2,417900,233100,113500,119600,45000,21000,24000,49950,26100,23850,79350,46800,32550,58800,19600,39200,160000,40000,120000,24800,
30,3,413850,282050,97950,184100,73300,27000,46300,27300,12900,14400,74850,29850,45000,106600,28200,78400,107000,32000,75000,24800,
30,4,443270,265470,132270,133200,69470,33470,36000,48600,19500,29100,85800,42900,42900,61600,36400,25200,153000,48000,105000,24800,
30,5,450550,254950,94600,160350,42000,12000,30000,39000,23850,15150,100350,39150,61200,73600,19600,54000,177000,72000,105000,18600,
30,6,406485,270885,90385,180500,86035,30235,55800,40500,19500,21000,63750,23850,39900,80600,16800,63800,117000,72000,45000,18600,
30,7,483435,282635,119500,163135,76535,33000,43535,49950,26100,23850,81150,40800,40350,75000,19600,55400,176000,56000,120000,24800,
30,8,420935,303135,125800,177335,75235,27000,48235,45150,21750,23400,63150,35850,27300,119600,41200,78400,93000,48000,45000,24800,
30,9,484700,269100,126800,142300,66000,24000,42000,30300,17250,13050,108000,51750,56250,64800,33800,31000,197000,32000,165000,18600,
30,10,494750,294950,116150,178800,61300,27000,34300,60300,28200,32100,97350,46950,50400,76000,14000,62000,175000,40000,135000,24800,
30,11,508900,315300,147000,168300,75900,27000,48900,58650,28200,30450,99750,45000,54750,81000,46800,34200,175000,40000,135000,18600,
30,12,502135,344535,160835,183700,53835,21235,32600,39300,22500,16800,114600,57900,56700,136800,59200,77600,139000,64000,75000,18600,
30,13,539550,300750,132350,168400,64300,30000,34300,49950,28200,21750,97500,43350,54150,89000,30800,58200,214000,64000,150000,24800,
30,14,516800,276200,130450,145750,60000,27000,33000,54300,23850,30450,82500,45600,36900,79400,34000,45400,222000,72000,150000,18600,
30,15,489600,279800,110250,169550,74600,15000,59600,42150,8700,33450,86250,49950,36300,76800,36600,40200,185000,80000,105000,24800,
30,16,397135,253735,135600,118135,54235,30000,24235,42000,18150,23850,90300,62250,28050,67200,25200,42000,131000,56000,75000,12400,
30,17,519400,294800,117250,177550,67300,24000,43300,45600,23850,21750,109500,49800,59700,72400,19600,52800,206000,56000,150000,18600,
30,18,572970,338570,127500,211070,87070,33000,54070,48300,19500,28800,106800,52200,54600,96400,22800,73600,222000,72000,150000,12400,
30,19,396200,242400,92250,150150,49300,24000,25300,32250,6300,25950,89250,45150,44100,71600,16800,54800,129000,24000,105000,24800,
30,20,495100,295300,111650,183650,78900,33000,45900,47250,19500,27750,84750,36750,48000,84400,22400,62000,175000,40000,135000,24800,
30,21,413550,235750,77700,158050,54500,9000,45500,39000,10800,28200,94050,49500,44550,48200,8400,39800,153000,48000,105000,24800,
30,22,454850,247050,123300,123750,63000,27000,36000,39150,21750,17400,62700,40950,21750,82200,33600,48600,183000,48000,135000,24800,
30,23,523050,283450,137900,145550,48000,27000,21000,48600,19500,29100,108450,60600,47850,78400,30800,47600,221000,56000,165000,18600,
30,24,522735,314935,162385,152550,64535,27235,37300,65100,30300,34800,89100,56850,32250,96200,48000,48200,183000,48000,135000,24800,
30,25,438700,289100,117000,172100,60000,21000,39000,38850,15150,23700,80850,47250,33600,109400,33600,75800,131000,56000,75000,18600,
30,26,546020,314220,118800,195420,75470,24000,51470,47850,17400,30450,80700,34800,45900,110200,42600,67600,207000,72000,135000,24800,
30,27,416550,280950,124800,156150,89200,33000,56200,28200,15150,13050,97950,59850,38100,65600,16800,48800,117000,72000,45000,18600,
30,28,512850,281050,126050,155000,67300,30000,37300,39900,19500,20400,97650,54150,43500,76200,22400,53800,207000,72000,135000,24800,
30,29,468650,287250,112700,174550,60000,27000,33000,42150,17400,24750,78900,19500,59400,106200,48800,57400,169000,64000,105000,12400,
30,30,479990,285390,121400,163990,75940,27000,48940,56400,25950,30450,89850,43050,46800,63200,25400,37800,176000,56000,120000,18600,
31,0,453455,289855,111000,178855,69305,15000,54305,30300,13050,17250,110250,49350,60900,80000,33600,46400,145000,40000,105000,18600,
31,1,504200,264600,116950,147650,60000,27000,33000,43350,19500,23850,93450,47850,45600,67800,22600,45200,221000,56000,165000,18600,
31,2,462400,275800,113850,161950,58300,21000,37300,55050,21600,33450,87450,43050,44400,75000,28200,46800,168000,48000,120000,18600,
31,3,401950,258550,102650,155900,64300,24000,40300,45600,19500,26100,72450,36750,35700,76200,22400,53800,131000,56000,75000,12400,
31,4,405650,270050,136500,133550,69900,35600,34300,37800,24750,13050,77550,38550,39000,84800,37600,47200,117000,72000,45000,18600,
31,5,463935,285335,119250,166085,66235,21000,45235,52050,19500,32550,97650,45150,52500,69400,33600,35800,160000,40000,120000,18600,
31,6,496050,263450,151800,111650,49300,31300,18000,58200,27750,30450,73950,39150,34800,82000,53600,28400,214000,64000,150000,18600,
31,7,394800,235400,111450,123950,39000,15000,24000,54300,19500,34800,77700,43350,34350,64400,33600,30800,147000,72000,75000,12400,
31,8,421585,250785,100750,150035,63235,18000,45235,36750,17250,19500,62400,26100,36300,88400,39400,49000,146000,56000,90000,24800,
31,9,429655,304055,128635,175420,78305,31535,46770,35100,19500,15600,92850,36000,56850,97800,41600,56200,107000,32000,75000,18600,
31,10,534870,301270,115300,185970,61770,18000,43770,47700,21750,25950,85800,32550,53250,106000,43000,63000,215000,80000,135000,18600,
31,11,400200,236400,112800,123600,21000,21000,0,49950,19500,30450,89850,38700,51150,75600,33600,42000,139000,64000,75000,24800,
31,12,433685,270085,100950,169135,60235,21000,39235,34050,17250,16800,72600,26100,46500,103200,36600,66600,145000,40000,105000,18600,
31,13,487585,276985,99785,177200,45235,12235,33000,52200,21750,30450,98550,34800,63750,81000,31000,50000,192000,72000,120000,18600,
31,14,518950,281150,123900,157250,61300,21000,40300,52950,26100,26850,81900,51600,30300,85000,25200,59800,213000,48000,165000,24800,
31,15,514770,313970,114900,199070,61770,27000,34770,56700,19500,37200,108300,43200,65100,87200,25200,62000,176000,56000,120000,24800,
31,16,497200,280400,125900,154500,72000,30000,42000,55200,26100,29100,67200,39000,28200,86000,30800,55200,192000,72000,120000,24800,
31,17,462750,237150,121950,115200,36000,18000,18000,30300,19500,10800,100050,47850,52200,70800,36600,34200,207000,72000,135000,18600,
31,18,531600,329800,140550,189250,62600,28300,34300,55800,34350,21450,99600,47100,52500,111800,30800,81000,177000,72000,105000,24800,
31,19,513500,265900,134600,131300,63000,27000,36000,30300,8550,21750,112800,73650,39150,59800,25400,34400,229000,64000,165000,18600,
31,20,452600,297000,115850,181150,72500,27000,45500,55650,28200,27450,84450,38250,46200,84400,22400,62000,137000,32000,105000,18600,
31,21,418670,255070,101300,153770,75470,27000,48470,36300,2100,34200,85500,49800,35700,57800,22400,35400,145000,40000,105000,18600,
31,22,441050,292450,149100,143350,55800,35200,20600,60750,36900,23850,84300,42000,42300,91600,35000,56600,130000,40000,90000,18600,
31,23,477520,274920,111050,163870,63470,15000,48470,36600,6300,30300,101850,49950,51900,73000,39800,33200,184000,64000,120000,18600,
31,24,439900,254100,109150,144950,64300,27000,37300,52050,28200,23850,69150,25950,43200,68600,28000,40600,161000,56000,105000,24800,
31,25,498700,274900,123800,151100,67300,30000,37300,32400,17400,15000,102000,45600,56400,73200,30800,42400,199000,64000,135000,24800,
31,26,511040,316440,141250,175190,77240,31300,45940,59400,24750,34650,93600,51600,42000,86200,33600,52600,176000,56000,120000,18600,
31,27,489250,278650,123050,155600,51000,15000,36000,36750,6300,30450,112500,56550,55950,78400,45200,33200,192000,72000,120000,18600,
31,28,460985,267185,122700,144485,63235,18000,45235,52200,21750,30450,106950,57750,49200,44800,25200,19600,169000,64000,105000,24800,
31,29,500935,315135,120550,194585,77435,30000,47435,57300,21750,35550,82800,40800,42000,97600,28000,69600,161000,56000,105000,24800,
31,30,496400,316800,120900,195900,81900,33000,48900,59100,30300,28800,82800,32400,50400,93000,25200,67800,161000,56000,105000,18600,
32,0,471650,271050,128650,142400,69000,33000,36000,58500,28200,30300,66750,36450,30300,76800,31000,45800,182000,32000,150000,18600,
32,1,385850,222050,92750,129300,57000,24000,33000,41100,17250,23850,73350,26100,47250,50600,25400,25200,139000,64000,75000,24800,
32,2,416550,234950,118500,116450,45000,33000,12000,45600,19500,26100,73950,34800,39150,70400,31200,39200,163000,88000,75000,18600,
32,3,390735,266935,99435,167500,82135,30235,51900,27750,16950,10800,76050,29850,46200,81000,22400,58600,99000,24000,75000,24800,
32,4,559800,341200,156200,185000,61300,27000,34300,75600,29100,46500,122100,60900,61200,82200,39200,43000,200000,80000,120000,18600,
32,5,516550,337950,124650,213300,63100,18000,45100,51900,17400,34500,91350,47250,44100,131600,42000,89600,160000,40000,120000,18600,
32,6,557270,323670,119350,204320,72470,18000,54470,39750,19500,20250,94050,47850,46200,117400,34000,83400,215000,80000,135000,18600,
32,7,448400,254800,86000,168800,60900,3000,57900,41850,13050,28800,62250,39150,23100,89800,30800,59000,175000,40000,135000,18600,
32,8,491950,258150,124200,133950,57000,27000,30000,52050,19500,32550,71700,43500,28200,77400,34200,43200,209000,104000,105000,24800,
32,9,499735,281935,114150,167785,58535,18000,40535,61650,26100,35550,78750,30450,48300,83000,39600,43400,193000,88000,105000,24800,
32,10,537800,299000,143550,155450,82300,33000,49300,51900,25950,25950,110400,49800,60600,54400,34800,19600,214000,64000,150000,24800,
32,11,508600,276800,114250,162550,63000,27000,36000,54300,19500,34800,73500,21750,51750,86000,46000,40000,207000,72000,135000,24800,
32,12,521250,274450,129550,144900,66000,27000,39000,43350,28200,15150,90900,51750,39150,74200,22600,51600,222000,72000,150000,24800,
32,13,515750,268950,114700,154250,60000,24000,36000,58500,17250,41250,99450,47850,51600,51000,25600,25400,222000,72000,150000,24800,
32,14,509535,300735,145650,155085,81235,27000,54235,55950,23850,32100,100950,68400,32550,62600,26400,36200,184000,64000,120000,24800,
32,15,557335,304535,127250,177285,67535,27000,40535,23700,15150,8550,105900,54300,51600,107400,30800,76600,228000,48000,180000,24800,
32,16,498820,297220,133850,163370,63470,33000,30470,46350,24750,21600,90000,45300,44700,97400,30800,66600,183000,48000,135000,18600,
32,17,466070,294470,94950,199520,96570,24000,72570,45000,21750,23250,72300,32400,39900,80600,16800,63800,153000,48000,105000,18600,
32,18,568920,327320,145850,181470,78470,36000,42470,42150,21750,20400,116700,54300,62400,90000,33800,56200,223000,88000,135000,18600,
32,19,474420,312620,122585,190035,73370,24235,49135,53550,24450,29100,74100,36300,37800,111600,37600,74000,137000,32000,105000,24800,
32,20,398585,285985,109100,176885,79535,33000,46535,43200,28200,15000,59250,25500,33750,104000,22400,81600,94000,64000,30000,18600,
32,21,479550,254750,84950,169800,55300,12000,43300,52200,21750,30450,86250,45600,40650,61000,5600,55400,200000,80000,120000,24800,
32,22,428900,264300,122950,141350,60000,24000,36000,47850,17400,30450,96450,45150,51300,60000,36400,23600,146000,56000,90000,18600,
32,23,433935,253335,102150,151185,46535,12000,34535,42000,23850,18150,78000,41100,36900,86800,25200,61600,162000,72000,90000,18600,
32,24,405250,268850,134500,134350,51000,24000,27000,46350,21600,24750,83700,38700,45000,87800,50200,37600,124000,64000,60000,12400,
32,25,516425,252625,114320,138305,46175,27470,18705,43350,23850,19500,89100,28200,60900,74000,34800,39200,239000,104000,135000,24800,
32,26,564525,294725,102975,191750,81775,34175,47600,52200,17400,34800,68550,10800,57750,92200,40600,51600,245000,80000,165000,24800,
32,27,501800,277000,98950,178050,55300,21000,34300,58650,19500,39150,92250,41250,51000,70800,17200,53600,200000,80000,120000,24800,
32,28,548035,300235,136450,163785,64535,24000,40535,49950,26100,23850,95550,49950,45600,90200,36400,53800,223000,88000,135000,24800,
32,29,387450,270650,94750,175900,67300,24000,43300,45750,21450,24300,68400,29700,38700,89200,19600,69600,92000,32000,60000,24800,
32,30,334150,222550,112050,110500,60000,27000,33000,26100,13050,13050,91650,55200,36450,44800,16800,28000,93000,48000,45000,18600,
33,0,408870,200270,95620,104650,39470,15470,24000,28050,10800,17250,67350,32550,34800,65400,36800,28600,190000,40000,150000,18600,
33,1,395135,216335,85135,131200,39235,12235,27000,36600,15150,21450,92700,40950,51750,47800,16800,31000,154000,64000,90000,24800,
33,2,453470,251870,108635,143235,39470,24235,15235,36750,17400,19350,105450,47400,58050,70200,19600,50600,183000,48000,135000,18600,
33,3,430170,259370,114300,145070,75470,33000,42470,45600,17400,28200,87900,38700,49200,50400,25200,25200,146000,56000,90000,24800,
33,4,473000,279200,122300,156900,82800,33000,49800,52050,23850,28200,79950,34650,45300,64400,30800,33600,169000,64000,105000,24800,
33,5,423350,235750,99350,136400,51000,21000,30000,39150,8700,30450,86400,41250,45150,59200,28400,30800,169000,64000,105000,18600,
33,6,455135,261335,118450,142885,63235,27000,36235,37650,12900,24750,58650,39150,19500,101800,39400,62400,169000,64000,105000,24800,
33,7,394800,285200,127350,157850,78500,33900,44600,37950,18150,19800,82350,35700,46650,86400,39600,46800,91000,16000,75000,18600,
33,8,533385,264585,115135,149450,60235,18235,42000,60900,17400,43500,69450,54300,15150,74000,25200,48800,244000,64000,180000,24800,
33,9,487150,270350,117700,152650,69000,21000,48000,45600,19500,26100,107550,34800,72750,48200,42400,5800,192000,72000,120000,24800,
33,10,474220,295420,139685,155735,49770,24235,25535,54150,21600,32550,98100,44850,53250,93400,49000,44400,154000,64000,90000,24800,
33,11,495100,269500,122900,146600,60000,21000,39000,39000,15150,23850,99900,49950,49950,70600,36800,33800,207000,72000,135000,18600,
33,12,372150,245550,103900,141650,47200,18000,29200,45600,13050,32550,61950,28050,33900,90800,44800,46000,108000,48000,60000,18600,
33,13,586200,309400,137000,172400,46300,9000,37300,49950,23850,26100,144750,73350,71400,68400,30800,37600,252000,72000,180000,24800,
33,14,513700,309300,129700,179600,73300,30000,43300,49950,26100,23850,86250,45600,40650,99800,28000,71800,192000,72000,120000,12400,
33,15,442235,263435,118550,144885,42235,21000,21235,60450,21450,39000,87750,45300,42450,73000,30800,42200,154000,64000,90000,24800,
33,16,444850,296050,113550,182500,66500,24000,42500,46800,15150,31650,95550,49200,46350,87200,25200,62000,124000,64000,60000,24800,
33,17,470200,261400,125050,136350,57000,30000,27000,45600,19500,26100,80400,39150,41250,78400,36400,42000,184000,64000,120000,24800,
33,18,419250,277650,120950,156700,72900,27000,45900,48600,20400,28200,98550,42750,55800,57600,30800,26800,123000,48000,75000,18600,
33,19,535385,364585,172935,191650,109235,37535,71700,44850,10500,34350,93300,48300,45000,117200,76600,40600,146000,56000,90000,24800,
33,20,474100,296300,124900,171400,59600,24000,35600,50400,29100,21300,69900,25800,44100,116400,46000,70400,153000,48000,105000,24800,
33,21,510600,248800,124700,124100,51000,33000,18000,34650,2100,32550,73950,52200,21750,89200,37400,51800,237000,72000,165000,24800,
33,22,496600,277800,147300,130500,60000,27000,33000,34650,19500,15150,95550,56400,39150,87600,44400,43200,194000,104000,90000,24800,
33,23,522950,287550,127850,159700,51000,15000,36000,47250,19500,27750,113100,56550,56550,76200,36800,39400,223000,88000,135000,12400,
33,24,481850,273050,119250,153800,63000,27000,36000,54150,28200,25950,84300,30450,53850,71600,33600,38000,184000,64000,120000,24800,
33,25,476300,260500,112450,148050,67300,30000,37300,47850,21750,26100,94950,41100,53850,50400,19600,30800,191000,56000,135000,24800,
33,26,487035,284435,133785,150650,56835,21235,35600,49350,14700,34650,91050,58650,32400,87200,39200,48000,184000,64000,120000,18600,
33,27,564050,322450,118900,203550,72900,18000,54900,47850,21750,26100,98100,39150,58950,103600,40000,63600,223000,88000,135000,18600,
33,28,440885,274285,127050,147235,69235,18000,51235,49950,17400,32550,98700,58050,40650,56400,33600,22800,148000,88000,60000,18600,
33,29,423585,272985,106850,166135,64535,24000,40535,49650,21750,27900,70200,30300,39900,88600,30800,57800,132000,72000,60000,18600,
33,30,360450,219650,90800,128850,69000,21000,48000,56250,13050,43200,49200,34350,14850,45200,22400,22800,116000,56000,60000,24800,
34,0,451770,272970,98800,174170,67770,18000,49770,36600,21600,15000,78600,36600,42000,90000,22600,67400,154000,64000,90000,24800,
34,1,522850,291050,137350,153700,48000,21000,27000,47700,21750,25950,90750,58200,32550,104600,36400,68200,207000,72000,135000,24800,
34,2,577050,322250,129600,192650,66900,24000,42900,49950,15150,34800,94800,47850,46950,110600,42600,68000,230000,80000,150000,24800,
34,3,528600,295000,124000,171000,52300,24000,28300,57300,19500,37800,98400,43500,54900,87000,37000,50000,215000,80000,135000,18600,
34,4,440085,268285,103100,165185,78235,30000,48235,59400,32550,26850,80850,23550,57300,49800,17000,32800,147000,72000,75000,24800,
34,5,392600,259000,122900,136100,50600,9000,41600,56400,21600,34800,75000,53100,21900,77000,39200,37800,115000,40000,75000,18600,
34,6,495500,263900,123050,140850,63000,27000,36000,32400,6300,26100,89100,67350,21750,79400,22400,57000,213000,48000,165000,18600,
34,7,509050,298450,147650,150800,44600,15000,29600,52200,26100,26100,99450,55950,43500,102200,50600,51600,192000,72000,120000,18600,
34,8,425350,276550,108850,167700,55300,27000,28300,38550,13050,25500,93300,40800,52500,89400,28000,61400,124000,64000,60000,24800,
34,9,464240,292440,129535,162905,75940,27235,48705,47700,17400,30300,91200,51300,39900,77600,33600,44000,147000,72000,75000,24800,
34,10,424385,273985,120100,153885,75235,33000,42235,46350,19500,26850,82800,45000,37800,69600,22600,47000,138000,48000,90000,12400,
34,11,452235,250435,130335,120100,45235,24235,21000,21600,15150,6450,93000,51750,41250,90600,39200,51400,177000,72000,105000,24800,
34,12,447200,254400,108300,146100,51000,24000,27000,45600,19500,26100,81600,28200,53400,76200,36600,39600,168000,48000,120000,24800,
34,13,515520,289920,125150,164770,64770,24000,40770,45600,15150,30450,99750,52200,47550,79800,33800,46000,207000,72000,135000,18600,
34,14,498235,273435,118150,155285,60235,27000,33235,56550,26100,30450,91050,45450,45600,65600,19600,46000,200000,80000,120000,24800,
34,15,465535,272735,97800,174935,57235,24000,33235,49500,19500,30000,70200,26100,44100,95800,28200,67600,168000,48000,120000,24800,
34,16,481750,264150,137450,126700,54000,30000,24000,43500,13050,30450,58650,34800,23850,108000,59600,48400,199000,64000,135000,18600,
34,17,415035,252235,127335,124900,48235,30235,18000,48900,24450,24450,75300,40650,34650,79800,32000,47800,138000,48000,90000,24800,
34,18,436150,278550,118750,159800,61300,24000,37300,46050,12750,33300,87600,54000,33600,83600,28000,55600,139000,64000,75000,18600,
34,19,492550,319950,140200,179750,79800,27000,52800,49800,23850,25950,87150,40950,46200,103200,48400,54800,154000,64000,90000,18600,
34,20,376885,228285,115700,112585,51235,24000,27235,40800,12900,27900,68850,45000,23850,67400,33800,33600,130000,40000,90000,18600,
34,21,455200,314400,136300,178100,78500,33000,45500,38400,10800,27600,114300,59700,54600,83200,32800,50400,116000,56000,60000,24800,
34,22,449185,241385,105600,135785,54235,24000,30235,47850,26100,21750,86100,38700,47400,53200,16800,36400,183000,48000,135000,24800,
34,23,478300,282700,116900,165800,56200,21000,35200,36750,15150,21600,90750,49950,40800,99000,30800,68200,177000,72000,105000,18600,
34,24,533850,278250,115400,162850,63000,18000,45000,58650,23850,34800,91200,39150,52050,65400,34400,31000,237000,72000,165000,18600,
34,25,450400,235600,103700,131900,42000,27000,15000,32550,17400,15150,107850,45300,62550,53200,14000,39200,190000,40000,150000,24800,
34,26,458650,280050,130150,149900,57900,24000,33900,44250,16050,28200,96300,53700,42600,81600,36400,45200,160000,40000,120000,18600,
34,27,489600,289800,136650,153150,59600,35600,24000,63750,26100,37650,102450,46950,55500,64000,28000,36000,175000,40000,135000,24800,
34,28,517970,276370,114720,161650,54070,18470,35600,54300,21750,32550,97800,43500,54300,70200,31000,39200,223000,88000,135000,18600,
34,29,490000,257200,113100,144100,42000,12000,30000,52050,28200,23850,95550,47700,47850,67600,25200,42400,208000,88000,120000,24800,
34,30,400570,250970,98600,152370,48470,18000,30470,48600,23850,24750,76500,34350,42150,77400,22400,55000,131000,56000,75000,18600,
35,0,443150,242350,112950,129400,48000,18000,30000,49800,21600,28200,79950,45150,34800,64600,28200,36400,176000,56000,120000,24800,
35,1,490835,259035,113300,145735,63235,27000,36235,60750,26100,34650,84450,34800,49650,50600,25400,25200,207000,72000,135000,24800,
35,2,481920,271320,113850,157470,33470,15000,18470,42150,21750,20400,97500,43500,54000,98200,33600,64600,192000,72000,120000,18600,
35,3,429535,287935,141150,146785,63235,30000,33235,41100,19500,21600,95400,53250,42150,88200,38400,49800,123000,48000,75000,18600,
35,4,439435,260635,132350,128285,73535,28300,45235,52950,24750,28200,66750,42900,23850,67400,36400,31000,154000,64000,90000,24800,
35,5,460250,254250,108800,145450,51000,24000,27000,49800,23850,25950,77250,30150,47100,76200,30800,45400,175000,40000,135000,31000,
35,6,417400,246600,117200,129400,69000,24000,45000,52050,21750,30300,83550,40650,42900,42000,30800,11200,146000,56000,90000,24800,
35,7,439950,281550,114550,167000,59200,21000,38200,49800,21600,28200,78750,40950,37800,93800,31000,62800,146000,56000,90000,12400,
35,8,403650,255050,101950,153100,50600,18000,32600,49950,21750,28200,82500,42600,39900,72000,19600,52400,130000,40000,90000,18600,
35,9,460850,268050,123150,144900,55300,27000,28300,43350,26100,17250,109200,53250,55950,60200,16800,43400,168000,48000,120000,24800,
35,10,408870,267870,101200,166670,57470,9000,48470,42450,31950,10500,73950,40650,33300,94000,19600,74400,110000,80000,30000,31000,
35,11,463200,282600,97400,185200,62200,12000,50200,42900,19500,23400,68100,26100,42000,109400,39800,69600,162000,72000,90000,18600,
35,12,478800,232000,112400,119600,51000,21000,30000,45600,15150,30450,87000,47850,39150,48400,28400,20000,222000,72000,150000,24800,
35,13,446000,238200,114700,123500,60000,24000,36000,56550,21750,34800,62850,32550,30300,58800,36400,22400,183000,48000,135000,24800,
35,14,472650,285050,120750,164300,50600,18000,32600,36900,15150,21750,120150,62400,57750,77400,25200,52200,169000,64000,105000,18600,
35,15,432585,297185,121250,175935,74835,39000,35835,28200,7200,21000,85350,41250,44100,108800,33800,75000,123000,48000,75000,12400,
35,16,464200,261600,121800,139800,57000,21000,36000,65100,26100,39000,86100,49500,36600,53400,25200,28200,184000,64000,120000,18600,
35,17,395650,290050,120500,169550,67300,30000,37300,42900,17250,25650,86850,36450,50400,93000,36800,56200,87000,72000,15000,18600,
35,18,453350,275550,109700,165850,84900,27000,57900,45600,23850,21750,73650,36450,37200,71400,22400,49000,153000,48000,105000,24800,
35,19,518690,278090,91205,186885,89240,21705,67535,32550,21750,10800,63900,21750,42150,92400,26000,66400,222000,72000,150000,18600,
35,20,420700,225100,96650,128450,51000,18000,33000,65100,32550,32550,34800,8700,26100,74200,37400,36800,177000,72000,105000,18600,
35,21,368850,252050,96650,155400,58300,21000,37300,32550,13050,19500,73800,40200,33600,87400,22400,65000,92000,32000,60000,24800,
35,22,361950,234350,106550,127800,39000,24000,15000,54000,17100,36900,85350,43050,42300,56000,22400,33600,109000,64000,45000,18600,
35,23,492300,315500,137750,177750,85800,31300,54500,47250,32550,14700,90450,39900,50550,92000,34000,58000,152000,32000,120000,24800,
35,24,476770,312970,131300,181670,70770,31300,39470,37350,21750,15600,78450,40650,37800,126400,37600,88800,139000,64000,75000,24800,
35,25,449300,248500,115700,132800,36000,18000,18000,63000,19500,43500,104700,55800,48900,44800,22400,22400,176000,56000,120000,24800,
35,26,513085,318485,129835,188650,92435,27235,65200,49200,25950,23250,76650,43050,33600,100200,33600,66600,176000,56000,120000,18600,
35,27,403450,262650,117800,144850,57000,24000,33000,64500,22350,42150,84750,40650,44100,56400,30800,25600,116000,56000,60000,24800,
35,28,396050,256250,112950,143300,52300,15000,37300,47400,23550,23850,70350,40800,29550,86200,33600,52600,115000,40000,75000,24800,
35,29,388850,269250,116700,152550,61300,21000,40300,31800,12750,19050,91350,57750,33600,84800,25200,59600,101000,56000,45000,18600,
35,30,498750,268750,117150,151600,55300,27000,28300,47700,21750,25950,97350,43200,54150,68400,25200,43200,199000,64000,135000,31000,
36,0,371985,230385,83450,146935,54235,24000,30235,50700,19500,31200,72450,25950,46500,53000,14000,39000,123000,48000,75000,18600,
36,1,519420,302020,121050,180970,69470,18000,51470,39900,21750,18150,104850,47700,57150,87800,33600,54200,205000,40000,165000,12400,
36,2,455350,265950,124250,141700,45000,24000,21000,41100,19500,21600,95250,58350,36900,84600,22400,62200,177000,72000,105000,12400,
36,3,386320,273720,106600,167120,66470,27000,39470,36300,13050,23250,80550,38550,42000,90400,28000,62400,94000,64000,30000,18600,
36,4,410250,259850,123650,136200,57000,24000,33000,56400,23850,32550,95850,45000,50850,50600,30800,19800,138000,48000,90000,12400,
36,5,549435,296635,147085,149550,57235,36235,21000,41100,8550,32550,108300,54300,54000,90000,48000,42000,228000,48000,180000,24800,
36,6,451850,257050,108550,148500,43300,24000,19300,46500,17400,29100,88650,39150,49500,78600,28000,50600,170000,80000,90000,24800,
36,7,379785,277985,107285,170700,66235,24235,42000,37200,14700,22500,85350,48750,36600,89200,19600,69600,77000,32000,45000,24800,
36,8,484300,283700,135900,147800,84000,30000,54000,54300,26100,28200,92400,45000,47400,53000,34800,18200,182000,32000,150000,18600,
36,9,501750,284150,135800,148350,49300,18000,31300,52050,21600,30450,97200,62400,34800,85600,33800,51800,199000,64000,135000,18600,
36,10,531400,292600,144050,148550,75000,30000,45000,54300,21750,32550,80100,51900,28200,83200,40400,42800,214000,64000,150000,24800,
36,11,410150,270350,102350,168000,69500,18000,51500,43050,23850,19200,86400,29700,56700,71400,30800,40600,115000,40000,75000,24800,
36,12,531300,292500,156350,136150,57000,27000,30000,49950,19500,30450,129150,73050,56100,56400,36800,19600,214000,64000,150000,24800,
36,13,449135,270535,109250,161285,54235,18000,36235,53850,19500,34350,68250,40950,27300,94200,30800,63400,160000,40000,120000,18600,
36,14,413250,256650,109000,147650,75500,27000,48500,39150,13050,26100,68400,49350,19050,73600,19600,54000,138000,48000,90000,18600,
36,15,489550,308150,127100,181050,63000,27000,36000,49950,15150,34800,115200,54150,61050,80000,30800,49200,169000,64000,105000,12400,
36,16,460150,257550,110400,147150,67300,27000,40300,46500,21750,24750,67350,30450,36900,76400,31200,45200,184000,64000,120000,18600,
36,17,460300,251500,90450,161050,53600,21000,32600,72450,32550,39900,59850,2100,57750,65600,34800,30800,184000,64000,120000,24800,
36,18,561655,290055,138405,151650,51705,21705,30000,39000,19500,19500,108750,52200,56550,90600,45000,45600,253000,88000,165000,18600,
36,19,428320,270720,113650,157070,60470,21000,39470,41100,19500,21600,85950,45150,40800,83200,28000,55200,139000,64000,75000,18600,
36,20,429635,266835,119900,146935,52535,24000,28535,56100,30150,25950,63600,31950,31650,94600,33800,60800,138000,48000,90000,24800,
36,21,438985,266385,110300,156085,60235,21000,39235,25950,15150,10800,111600,60150,51450,68600,14000,54600,154000,64000,90000,18600,
36,22,425400,238600,113100,125500,45000,21000,24000,49950,26100,23850,90450,32400,58050,53200,33600,19600,162000,72000,90000,24800,
36,23,514550,318950,143300,175650,49300,24000,25300,54150,23700,30450,96300,54000,42300,119200,41600,77600,177000,72000,105000,18600,
36,24,393370,304970,112200,192770,78970,22300,56670,47250,18150,29100,71550,29550,42000,107200,42200,65000,76000,16000,60000,12400,
36,25,497200,271600,117500,154100,48000,15000,33000,30000,25800,4200,108600,54300,54300,85000,22400,62600,207000,72000,135000,18600,
36,26,428685,264885,102850,162035,46535,18000,28535,58500,28200,30300,74250,25650,48600,85600,31000,54600,139000,64000,75000,24800,
36,27,480900,295100,115350,179750,72900,36000,36900,40800,14850,25950,100200,47700,52500,81200,16800,64400,161000,56000,105000,24800,
36,28,492600,261000,122450,138550,63000,27000,36000,60750,28200,32550,77850,30450,47400,59400,36800,22600,213000,48000,165000,18600,
36,29,401735,245135,105200,139935,57235,33000,24235,47700,17400,30300,75000,40800,34200,65200,14000,51200,138000,48000,90000,18600,
36,30,333135,237535,98335,139200,48235,24235,24000,37950,14850,23100,61350,34050,27300,90000,25200,64800,77000,32000,45000,18600,
37,0,545300,321500,132100,189400,46300,18000,28300,56400,23850,32550,104400,53850,50550,114400,36400,78000,199000,64000,135000,24800,
37,1,494985,284385,121650,162735,72235,27000,45235,19350,4200,15150,127800,65250,62550,65000,25200,39800,192000,72000,120000,18600,
37,2,495500,293700,150550,143150,51000,27000,24000,59550,16050,43500,105150,68700,36450,78000,38800,39200,177000,72000,105000,24800,
37,3,436350,263750,124300,139450,52300,21000,31300,45600,19500,26100,86250,47400,38850,79600,36400,43200,154000,64000,90000,18600,
37,4,391885,267085,121185,145900,65835,30235,35600,43650,23850,19800,69000,33300,35700,88600,33800,54800,100000,40000,60000,24800,
37,5,478185,275585,121800,153785,67535,21000,46535,63750,25950,37800,75900,41250,34650,68400,33600,34800,184000,64000,120000,18600,
37,6,441200,263400,133400,130000,43300,18000,25300,58500,28050,30450,87600,55350,32250,74000,32000,42000,153000,48000,105000,24800,
37,7,465535,300935,148885,152050,68835,31535,37300,56400,28200,28200,76500,44550,31950,99200,44600,54600,146000,56000,90000,18600,
37,8,538950,285150,117900,167250,73300,21000,52300,52950,28200,24750,86700,51900,34800,72200,16800,55400,229000,64000,165000,24800,
37,9,570905,278105,139850,138255,66705,24000,42705,52050,28200,23850,84750,47850,36900,74600,39800,34800,268000,88000,180000,24800,
37,10,483550,268750,106400,162350,56200,15000,41200,67200,23850,43350,83550,36750,46800,61800,30800,31000,190000,40000,150000,24800,
37,11,452050,272450,107600,164850,64300,25300,39000,54300,15150,39150,83250,47550,35700,70600,19600,51000,161000,56000,105000,18600,
37,12,534170,331570,149500,182070,81070,32600,48470,47700,23850,23850,108600,62250,46350,94200,30800,63400,184000,64000,120000,18600,
37,13,511800,302200,144050,158150,49300,28300,21000,66900,24750,42150,96600,43200,53400,89400,47800,41600,191000,56000,135000,18600,
37,14,462450,282850,134050,148800,77200,27000,50200,39150,21750,17400,81900,42900,39000,84600,42400,42200,161000,56000,105000,18600,
37,15,477150,299350,128400,170950,87900,34300,53600,59400,24750,34650,78450,38550,39900,73600,30800,42800,153000,48000,105000,24800,
37,16,425685,239885,89800,150085,33235,9000,24235,49950,15150,34800,100500,43050,57450,56200,22600,33600,161000,56000,105000,24800,
37,17,468120,280520,123750,156770,58770,21000,37770,43350,15150,28200,103200,54000,49200,75200,33600,41600,169000,64000,105000,18600,
37,18,545550,311950,136250,175700,43300,21000,22300,52950,15150,37800,127500,60900,66600,88200,39200,49000,215000,80000,135000,18600,
37,19,454550,281950,124150,157800,54000,18000,36000,52950,23850,29100,87000,42900,44100,88000,39400,48600,154000,64000,90000,18600,
37,20,519400,288600,106950,181650,43300,18000,25300,56400,25950,30450,89700,43200,46500,99200,19800,79400,206000,56000,150000,24800,
37,21,478350,262550,119650,142900,81000,33000,48000,34800,21750,13050,84750,36900,47850,62000,28000,34000,191000,56000,135000,24800,
37,22,429250,242450,103100,139350,60000,18000,42000,39900,19500,20400,82350,43200,39150,60200,22400,37800,162000,72000,90000,24800,
37,23,537100,297300,144200,153100,72000,33000,39000,35550,18150,17400,102150,47850,54300,87600,45200,42400,215000,80000,135000,24800,
37,24,446550,280950,119800,161150,69000,27000,42000,49950,19500,30450,87600,45300,42300,74400,28000,46400,147000,72000,75000,18600,
37,25,450900,266100,130950,135150,69000,30000,39000,36750,10800,25950,102750,61950,40800,57600,28200,29400,160000,40000,120000,24800,
37,26,476900,274300,131100,143200,66000,24000,42000,52050,26100,25950,71250,47400,23850,85000,33600,51400,184000,64000,120000,18600,
37,27,454150,281550,118600,162950,65600,30000,35600,52200,13050,39150,98550,47550,51000,65200,28000,37200,154000,64000,90000,18600,
37,28,432205,262605,89150,173455,91205,15000,76205,38550,17400,21150,57450,25950,31500,75400,30800,44600,151000,16000,135000,18600,
37,29,446920,284920,140320,144600,72070,39470,32600,41100,17250,23850,78750,44400,34350,93000,39200,53800,131000,56000,75000,31000,
37,30,467500,296700,115200,181500,68200,15000,53200,34200,13050,21150,98700,53550,45150,95600,33600,62000,146000,56000,90000,24800,
38,0,438400,251600,114900,136700,48000,27000,21000,55200,26100,29100,75600,36600,39000,72800,25200,47600,162000,72000,90000,24800,
38,1,444850,273850,146550,127300,68600,26600,42000,54300,21750,32550,68550,46800,21750,82400,51400,31000,140000,80000,60000,31000,
38,2,567820,305220,141200,164020,78470,30000,48470,52050,15150,36900,121500,73650,47850,53200,22400,30800,244000,64000,180000,18600,
38,3,512200,318400,144950,173450,79300,33000,46300,50700,23850,26850,95400,59700,35700,93000,28400,64600,169000,64000,105000,24800,
38,4,400050,237250,110750,126500,48000,24000,24000,45600,26100,19500,79050,29850,49200,64600,30800,33800,138000,48000,90000,24800,
38,5,477135,283335,121200,162135,64535,27000,37535,45600,26100,19500,81600,34500,47100,91600,33600,58000,169000,64000,105000,24800,
38,6,486550,289950,133550,156400,67300,27000,40300,44100,25950,18150,108150,49800,58350,70400,30800,39600,178000,88000,90000,18600,
38,7,456800,240000,114800,125200,36000,21000,15000,58650,23850,34800,78150,39150,39000,67200,30800,36400,192000,72000,120000,24800,
38,8,464555,253955,144150,109805,36705,18000,18705,45600,21750,23850,75450,62400,13050,96200,42000,54200,192000,72000,120000,18600,
38,9,486400,277800,135650,142150,52300,34300,18000,52950,28200,24750,96750,45150,51600,75800,28000,47800,190000,40000,150000,18600,
38,10,425550,294750,133000,161750,51000,21000,30000,41250,20100,21150,86100,52500,33600,116400,39400,77000,106000,16000,90000,24800,
38,11,489900,266100,123600,142500,60000,27000,33000,26100,13050,13050,121200,49950,71250,58800,33600,25200,199000,64000,135000,24800,
38,12,508750,276150,132400,143750,45000,18000,27000,49800,32550,17250,99750,45450,54300,81600,36400,45200,214000,64000,150000,18600,
38,13,528050,310450,119550,190900,66000,27000,39000,58350,21750,36600,85500,45600,39900,100600,25200,75400,199000,64000,135000,18600,
38,14,487200,306600,116150,190450,57900,12000,45900,48000,21750,26250,94500,51600,42900,106200,30800,75400,162000,72000,90000,18600,
38,15,459285,286685,132585,154100,61135,18235,42900,51900,25950,25950,109050,49200,59850,64600,39200,25400,154000,64000,90000,18600,
38,16,428400,279800,117450,162350,74600,30000,44600,40800,21750,19050,67800,32100,35700,96600,33600,63000,130000,40000,90000,18600,
38,17,500900,297300,123650,173650,42000,15000,27000,47700,19500,28200,105600,49950,55650,102000,39200,62800,185000,80000,105000,18600,
38,18,478350,275750,129800,145950,49300,15000,34300,42150,17400,24750,97500,49800,47700,86800,47600,39200,184000,64000,120000,18600,
38,19,416150,268350,109600,158750,69900,30000,39900,42900,21750,21150,48750,21450,27300,106800,36400,70400,123000,48000,75000,24800,
38,20,485585,276785,129335,147450,63235,30235,33000,52950,19500,33450,99000,43200,55800,61600,36400,25200,184000,64000,120000,24800,
38,21,431750,276150,136200,139950,62600,31300,31300,56850,14700,42150,68100,45000,23100,88600,45200,43400,137000,32000,105000,18600,
38,22,509650,286650,128250,158400,69000,36000,33000,52050,30450,21600,94800,45000,49800,70800,16800,54000,192000,72000,120000,31000,
38,23,555800,294000,131550,162450,64300,24000,40300,46500,26100,20400,112800,56250,56550,70400,25200,45200,237000,72000,165000,24800,
38,24,462350,252750,115000,137750,72000,24000,48000,52200,17400,34800,86550,45600,40950,42000,28000,14000,191000,56000,135000,18600,
38,25,495635,285035,136350,148685,57235,27000,30235,63000,26100,36900,94800,41250,53550,70000,42000,28000,192000,72000,120000,18600,
38,26,419000,300400,113400,187000,81100,28300,52800,33300,6300,27000,78600,36600,42000,107400,42200,65200,100000,40000,60000,18600,
38,27,468500,266900,136300,130600,69000,42000,27000,47850,17400,30450,92850,47700,45150,57200,29200,28000,183000,48000,135000,18600,
38,28,425450,268850,135200,133650,61300,37300,24000,59550,26100,33450,85200,42600,42600,62800,29200,33600,138000,48000,90000,18600,
38,29,483800,245000,98700,146300,81000,27000,54000,28200,19500,8700,87000,34800,52200,48800,17400,31400,214000,64000,150000,24800,
38,30,434800,257000,123800,133200,46300,18000,28300,50850,21750,29100,89850,53250,36600,70000,30800,39200,153000,48000,105000,24800,
39,0,476470,319670,139000,180670,54470,30000,24470,49350,30450,18900,97050,44550,52500,118800,34000,84800,132000,72000,60000,24800,
39,1,446550,245750,91000,154750,47200,15000,32200,47850,21750,26100,77700,34650,43050,73000,19600,53400,176000,56000,120000,24800,
39,2,498070,289270,122900,166370,63470,18000,45470,54150,28200,25950,92850,42900,49950,78800,33800,45000,184000,64000,120000,24800,
39,3,470700,268100,119200,148900,57000,24000,33000,45450,28200,17250,95250,39000,56250,70400,28000,42400,184000,64000,120000,18600,
39,4,618450,317650,130100,187550,70300,21000,49300,56550,17400,39150,108600,54300,54300,82200,37400,44800,276000,96000,180000,24800,
39,5,498150,342550,161600,180950,74600,36000,38600,52050,22200,29850,84900,36600,48300,131000,66800,64200,137000,32000,105000,18600,
39,6,528550,303750,156450,147300,70300,31300,39000,65250,39150,26100,86400,40800,45600,81800,45200,36600,200000,80000,120000,24800,
39,7,562800,308000,137850,170150,68600,24000,44600,48600,23850,24750,123600,56400,67200,67200,33600,33600,230000,80000,150000,24800,
39,8,472285,253685,109185,144500,69235,33235,36000,30300,15150,15150,73950,34800,39150,80200,26000,54200,200000,80000,120000,18600,
39,9,474800,294200,125650,168550,65600,31300,34300,41250,21750,19500,96150,47400,48750,91200,25200,66000,162000,72000,90000,18600,
39,10,427550,269950,118350,151600,54000,18000,36000,52950,28200,24750,91800,46950,44850,71200,25200,46000,139000,64000,75000,18600,
39,11,507200,260600,107750,152850,54000,15000,39000,55200,26100,29100,91200,41250,49950,60200,25400,34800,228000,48000,180000,18600,
39,12,475850,259050,139350,119700,54000,21000,33000,34650,17250,17400,90600,64500,26100,79800,36600,43200,192000,72000,120000,24800,
39,13,419800,239200,105050,134150,69000,24000,45000,47700,26100,21600,54300,32550,21750,68200,22400,45800,162000,72000,90000,18600,
39,14,508800,260200,132500,127700,57000,24000,33000,56400,28200,28200,87000,43500,43500,59800,36800,23000,230000,80000,150000,18600,
39,15,512685,291685,119900,171785,60235,30000,30235,43350,15150,28200,87300,40950,46350,100800,33800,67000,190000,40000,150000,31000,
39,16,459500,302900,111150,191750,80200,27000,53200,48150,17250,30900,66150,30300,35850,108400,36600,71800,138000,48000,90000,18600,
39,17,432400,260600,116350,144250,70300,30000,40300,19500,10800,8700,124800,55950,68850,46000,19600,26400,147000,72000,75000,24800,
39,18,553250,337450,137050,200400,65200,21000,44200,45900,21750,24150,110550,57900,52650,115800,36400,79400,191000,56000,135000,24800,
39,19,361550,211950,100800,111150,66000,30000,36000,47700,19500,28200,47850,26100,21750,50400,25200,25200,131000,56000,75000,18600,
39,20,514650,289850,125400,164450,52300,30000,22300,43350,21600,21750,110400,45600,64800,83800,28200,55600,200000,80000,120000,24800,
39,21,530955,321355,127950,193405,75705,27000,48705,47100,19500,27600,76950,30450,46500,121600,51000,70600,191000,56000,135000,18600,
39,22,431900,246300,114950,131350,72000,30000,42000,58650,26100,32550,70650,36450,34200,45000,22400,22600,167000,32000,135000,18600,
39,23,349200,209400,99450,109950,60000,27000,33000,49800,12900,36900,57600,34350,23250,42000,25200,16800,115000,40000,75000,24800,
39,24,423670,252870,101600,151270,48470,21000,27470,45600,17400,28200,76800,40800,36000,82000,22400,59600,146000,56000,90000,24800,
39,25,370900,235300,103800,131500,37300,12000,25300,52950,23850,29100,58050,34350,23700,87000,33600,53400,117000,72000,45000,18600,
39,26,512135,324535,130650,193885,77835,30000,47835,48300,30450,17850,91200,36600,54600,107200,33600,73600,169000,64000,105000,18600,
39,27,436035,255435,94900,160535,69235,27000,42235,47700,17250,30450,70500,30450,40050,68000,20200,47800,162000,72000,90000,18600,
39,28,474735,297935,120800,177135,80835,40300,40535,31800,6300,25500,74700,43200,31500,110600,31000,79600,152000,32000,120000,24800,
39,29,506250,297650,119300,178350,55300,27000,28300,60900,21600,39300,79050,36900,42150,102400,33800,68600,190000,40000,150000,18600,
39,30,449350,299750,121450,178300,62600,24000,38600,27900,21600,6300,94050,44850,49200,115200,31000,84200,131000,56000,75000,18600,
40,0,540470,307670,108020,199650,72070,15470,56600,45450,17400,28050,72150,32550,39600,118000,42600,75400,208000,88000,120000,24800,
40,1,564540,324940,129900,195040,93940,30000,63940,30150,4350,25800,85650,49950,35700,115200,45600,69600,221000,56000,165000,18600,
40,2,516100,276500,127550,148950,60000,27000,33000,58650,23850,34800,101250,36900,64350,56600,39800,16800,221000,56000,165000,18600,
40,3,437635,276635,91750,184885,66235,27000,39235,30150,8700,21450,74250,36450,37800,106000,19600,86400,130000,40000,90000,31000,
40,4,441450,270650,134600,136050,53600,22300,31300,57150,24750,32400,89700,51150,38550,70200,36400,33800,146000,56000,90000,24800,
40,5,431550,267750,116300,151450,60000,21000,39000,32550,17400,15150,85800,38700,47100,89400,39200,50200,139000,64000,75000,24800,
40,6,450485,216685,103900,112785,42235,15000,27235,36900,15150,21750,73950,39150,34800,63600,34600,29000,209000,104000,105000,24800,
40,7,442955,288955,130450,158505,65005,28300,36705,52050,30450,21600,86100,35700,50400,85800,36000,49800,123000,48000,75000,31000,
40,8,546000,289400,147850,141550,72000,33000,39000,41250,19500,21750,119550,67350,52200,56600,28000,28600,238000,88000,150000,18600,
40,9,418800,245200,105050,140150,62600,24000,38600,45600,19500,26100,78000,47550,30450,59000,14000,45000,155000,80000,75000,18600,
40,10,416355,262555,98150,164405,66705,18000,48705,43050,30450,12600,71400,27300,44100,81400,22400,59000,129000,24000,105000,24800,
40,11,413800,265000,98150,166850,67300,24000,43300,53550,27900,25650,68550,23850,44700,75600,22400,53200,124000,64000,60000,24800,
40,12,472620,285020,128350,156670,72470,27000,45470,30150,8550,21600,97200,56400,40800,85200,36400,48800,169000,64000,105000,18600,
40,13,441900,272100,127550,144550,43300,27000,16300,56550,30450,26100,76650,38100,38550,95600,32000,63600,145000,40000,105000,24800,
40,14,475350,289550,112250,177300,59200,21000,38200,44850,23850,21000,68100,36600,31500,117400,30800,86600,161000,56000,105000,24800,
40,15,447000,262200,112200,150000,39900,12000,27900,45300,23700,21600,85800,42900,42900,91200,33600,57600,160000,40000,120000,24800,
40,16,474200,278600,143850,134750,61300,28300,33000,41250,23850,17400,88650,49500,39150,87400,42200,45200,177000,72000,105000,18600,
40,17,510805,303005,113400,189605,72705,15000,57705,36450,21750,14700,76650,51450,25200,117200,25200,92000,183000,48000,135000,24800,
40,18,423800,260000,118600,141400,42000,24000,18000,49950,23850,26100,94050,34350,59700,74000,36400,37600,139000,64000,75000,24800,
40,19,480200,256400,116400,140000,51000,24000,27000,49950,19500,30450,99450,56100,43350,56000,16800,39200,199000,64000,135000,24800,
40,20,491800,267000,115650,151350,48000,21000,27000,42150,17400,24750,108450,52050,56400,68400,25200,43200,200000,80000,120000,24800,
40,21,461450,265850,101800,164050,59600,24000,35600,47850,21750,26100,75600,30450,45150,82800,25600,57200,177000,72000,105000,18600,
40,22,390750,222750,108850,113900,48000,21000,27000,41100,25950,15150,66450,25500,40950,67200,36400,30800,137000,32000,105000,31000,
40,23,444385,279785,102250,177535,61535,18000,43535,29850,13050,16800,89400,51600,37800,99000,19600,79400,146000,56000,90000,18600,
40,24,455950,296550,106500,190050,65600,24000,41600,47700,25800,21900,89850,36900,52950,93400,19800,73600,147000,72000,75000,12400,
40,25,424100,253300,104600,148700,57000,24000,33000,46500,17400,29100,85800,32400,53400,64000,30800,33200,146000,56000,90000,24800,
40,26,476550,260750,137500,123250,57000,27000,30000,36900,17400,19500,107850,53700,54150,59000,39400,19600,191000,56000,135000,24800,
40,27,398720,250120,116250,133870,60470,30000,30470,40800,16050,24750,66450,36600,29850,82400,33600,48800,130000,40000,90000,18600,
40,28,445650,237850,106600,131250,51000,18000,33000,27900,12750,15150,73950,47850,26100,85000,28000,57000,183000,48000,135000,24800,
40,29,395750,247150,109750,137400,66000,30000,36000,32550,19500,13050,81600,32250,49350,67000,28000,39000,130000,40000,90000,18600,
40,30,546590,288990,122955,166035,57940,21705,36235,65100,30450,34650,95550,45600,49950,70400,25200,45200,239000,104000,135000,18600,
41,0,430520,264920,122500,142420,69470,36000,33470,36900,17400,19500,96750,49500,47250,61800,19600,42200,147000,72000,75000,18600,
41,1,489550,279750,125700,154050,55300,27000,28300,46500,21750,24750,78150,43350,34800,99800,33600,66200,185000,80000,105000,24800,
41,2,584050,306450,121000,185450,56200,15000,41200,56550,17400,39150,101700,45600,56100,92000,43000,49000,259000,64000,195000,18600,
41,3,499985,297385,133450,163935,63235,27000,36235,68100,30300,37800,103050,45150,57900,63000,31000,32000,184000,64000,120000,18600,
41,4,461720,267120,123950,143170,48470,24000,24470,45450,19500,25950,94800,41250,53550,78400,39200,39200,176000,56000,120000,18600,
41,5,494550,315750,143100,172650,87900,29600,58300,50850,21750,29100,66000,42750,23250,111000,49000,62000,154000,64000,90000,24800,
41,6,460920,272320,110850,161470,66470,24000,42470,49950,23850,26100,65100,34800,30300,90800,28200,62600,170000,80000,90000,18600,
41,7,385535,281935,110650,171285,86835,39000,47835,36150,19200,16950,82350,38250,44100,76600,14200,62400,85000,40000,45000,18600,
41,8,486920,232120,121370,110750,18470,15470,3000,43500,26100,17400,49950,34800,15150,120200,45000,75200,230000,80000,150000,24800,
41,9,492300,274700,130200,144500,60000,39000,21000,39150,13050,26100,108150,49950,58200,67400,28200,39200,199000,64000,135000,18600,
41,10,478835,277835,97850,179985,66235,12000,54235,56400,21600,34800,76800,30450,46350,78400,33800,44600,170000,80000,90000,31000,
41,11,463735,277935,125950,151985,60235,24000,36235,37650,20400,17250,92250,45150,47100,87800,36400,51400,161000,56000,105000,24800,
41,12,395000,238400,107450,130950,45000,24000,21000,63000,23850,39150,45000,17400,27600,85400,42200,43200,138000,48000,90000,18600,
41,13,495185,299585,109550,190035,73535,15000,58535,35400,12900,22500,98850,47850,51000,91800,33800,58000,177000,72000,105000,18600,
41,14,479470,313870,153550,160320,81070,47600,33470,50700,24750,25950,100500,45000,55500,81600,36200,45400,147000,72000,75000,18600,
41,15,472800,279200,121900,157300,78900,27000,51900,54300,19500,34800,77400,39000,38400,68600,36400,32200,175000,40000,135000,18600,
41,16,508600,292800,106850,185950,42000,9000,33000,55950,25950,30000,95850,57900,37950,99000,14000,85000,191000,56000,135000,24800,
41,17,506350,285750,137500,148250,54000,27000,27000,36900,6450,30450,121650,76050,45600,73200,28000,45200,202000,112000,90000,18600,
41,18,543600,318000,134350,183650,63000,15000,48000,45300,10500,34800,116100,69450,46650,93600,39400,54200,207000,72000,135000,18600,
41,19,436185,279385,120985,158400,63235,24235,39000,56400,21600,34800,55350,21750,33600,104400,53400,51000,132000,72000,60000,24800,
41,20,427485,250485,117085,133400,54235,33235,21000,56400,19500,36900,72450,27750,44700,67400,36600,30800,146000,56000,90000,31000,
41,21,473270,303470,132650,170820,94370,31300,63070,47400,23850,23550,65700,27900,37800,96000,49600,46400,145000,40000,105000,24800,
41,22,489970,317570,108700,208870,86270,18000,68270,45000,28200,16800,72300,26100,46200,114000,36400,77600,160000,40000,120000,12400,
41,23,533850,294050,120300,173750,40300,15000,25300,59550,26100,33450,105600,54000,51600,88600,25200,63400,215000,80000,135000,24800,
41,24,514000,305200,128850,176350,65600,24000,41600,36750,28200,8550,113250,51450,61800,89600,25200,64400,184000,64000,120000,24800,
41,25,439750,299950,126550,173400,79800,30000,49800,42600,17400,25200,94950,48750,46200,82600,30400,52200,115000,40000,75000,24800,
41,26,483100,267300,126550,140750,54000,21000,33000,41250,15150,26100,86850,45600,41250,85200,44800,40400,191000,56000,135000,24800,
41,27,428035,251035,86850,164185,42235,12000,30235,58500,28200,30300,86700,21450,65250,63600,25200,38400,146000,56000,90000,31000,
41,28,449650,285050,114350,170700,55300,21000,34300,58650,23850,34800,76500,38700,37800,94600,30800,63800,146000,56000,90000,18600,
41,29,511805,287205,116550,170655,74005,24000,50005,52050,26100,25950,81750,41250,40500,79400,25200,54200,206000,56000,150000,18600,
41,30,497725,241125,99175,141950,55175,31175,24000,45450,23850,21600,89100,32550,56550,51400,11600,39800,238000,88000,150000,18600,
42,0,507455,315655,164620,151035,66705,39470,27235,29850,16950,12900,105900,46200,59700,113200,62000,51200,167000,32000,135000,24800,
42,1,456450,282850,126750,156100,72900,24000,48900,54150,19500,34650,88200,49650,38550,67600,33600,34000,155000,80000,75000,18600,
42,2,459300,295700,112400,183300,59600,15000,44600,38250,23850,14400,103650,51150,52500,94200,22400,71800,145000,40000,105000,18600,
42,3,452050,266250,131000,135250,54000,18000,36000,47700,25950,21750,102750,53250,49500,61800,33800,28000,161000,56000,105000,24800,
42,4,445800,252000,99600,152400,48000,18000,30000,35550,15150,20400,95250,41250,54000,73200,25200,48000,169000,64000,105000,24800,
42,5,375035,263235,123550,139685,58535,31300,27235,55050,24750,30300,95250,42300,52950,54400,25200,29200,87000,72000,15000,24800,
42,6,436450,227850,105050,122800,66000,30000,36000,36750,12900,23850,65100,21750,43350,60000,40400,19600,190000,40000,150000,18600,
42,7,543335,296535,122900,173635,54235,21000,33235,52050,21600,30450,99450,43500,55950,90800,36800,54000,222000,72000,150000,24800,
42,8,440550,260950,126600,134350,63000,24000,39000,45600,30450,15150,64350,46950,17400,88000,25200,62800,161000,56000,105000,18600,
42,9,402150,252550,117000,135550,71600,21000,50600,36900,21750,15150,104850,49050,55800,39200,25200,14000,131000,56000,75000,18600,
42,10,474570,288770,123450,165320,70770,21000,49770,34650,12900,21750,89550,55950,33600,93800,33600,60200,161000,56000,105000,24800,
42,11,448200,274800,116350,158450,68600,24000,44600,37650,23850,13800,80550,26100,54450,88000,42400,45600,161000,56000,105000,12400,
42,12,538650,284850,140850,144000,60000,30000,30000,47700,17400,30300,108150,41250,66900,69000,52200,16800,229000,64000,165000,24800,
42,13,510085,284485,103900,180585,78235,21000,57235,52200,21750,30450,73050,49950,23100,81000,11200,69800,207000,72000,135000,18600,
42,14,485150,282350,121150,161200,49300,21000,28300,52050,21600,30450,97200,39150,58050,83800,39400,44400,178000,88000,90000,24800,
42,15,439300,262500,89450,173050,69000,30000,39000,39450,13050,26400,68250,32400,35850,85800,14000,71800,152000,32000,120000,24800,
42,16,476550,252750,133500,119250,45000,18000,27000,60750,34800,25950,73200,47100,26100,73800,33600,40200,199000,64000,135000,24800,
42,17,446600,282800,138600,144200,76300,33000,43300,52950,20400,32550,91350,42600,48750,62200,42600,19600,139000,64000,75000,24800,
42,18,399655,250855,107750,143105,60705,21000,39705,42000,19500,22500,76950,36450,40500,71200,30800,40400,124000,64000,60000,24800,
42,19,528400,311800,133850,177950,75000,33000,42000,49200,21750,27450,61800,36900,24900,125800,42200,83600,198000,48000,150000,18600,
42,20,490950,290150,120300,169850,61300,24000,37300,56400,17400,39000,98250,45300,52950,74200,33600,40600,176000,56000,120000,24800,
42,21,508585,277785,120600,157185,72235,24000,48235,42150,21750,20400,80400,41250,39150,83000,33600,49400,206000,56000,150000,24800,
42,22,560650,299850,129100,170750,55300,21000,34300,46500,21750,24750,121050,49950,71100,77000,36400,40600,236000,56000,180000,24800,
42,23,454800,266400,129400,137000,66000,30000,36000,52950,23850,29100,88650,47550,41100,58800,28000,30800,176000,56000,120000,12400,
42,24,488150,280350,140700,139650,74600,28300,46300,55200,26100,29100,85950,55500,30450,64600,30800,33800,183000,48000,135000,24800,
42,25,521905,306105,136900,169205,63705,18000,45705,58500,28200,30300,104700,51300,53400,79200,39400,39800,191000,56000,135000,24800,
42,26,536285,338885,127400,211485,87735,27000,60735,54600,21750,32850,83550,47850,35700,113000,30800,82200,185000,80000,105000,12400,
42,27,503870,316270,163670,152600,59670,33070,26600,56100,21600,34500,121500,63600,57900,79000,45400,33600,169000,64000,105000,18600,
42,28,489800,265000,127050,137950,39000,24000,15000,49800,21600,28200,106200,47850,58350,70000,33600,36400,200000,80000,120000,24800,
42,29,442500,278700,121000,157700,59600,18000,41600,60900,21750,39150,78600,44850,33750,79600,36400,43200,139000,64000,75000,24800,
42,30,514200,298400,125750,172650,77600,30000,47600,49800,21600,28200,88200,43350,44850,82800,30800,52000,191000,56000,135000,24800,
43,0,432050,261050,123600,137450,55300,28300,27000,49950,23850,26100,85800,40650,45150,70000,30800,39200,140000,80000,60000,31000,
43,1,450700,271100,120700,150400,70300,30000,40300,45600,23850,21750,96600,47250,49350,58600,19600,39000,161000,56000,105000,18600,
43,2,436835,259035,104900,154135,60235,18000,42235,45600,23850,21750,99600,40650,58950,53600,22400,31200,153000,48000,105000,24800,
43,3,459700,281100,126000,155100,71600,27000,44600,36900,23850,13050,93600,55350,38250,79000,19800,59200,160000,40000,120000,18600,
43,4,489200,286600,134100,152500,73300,27000,46300,47850,21750,26100,92850,51750,41100,72600,33600,39000,184000,64000,120000,18600,
43,5,489450,303650,111050,192600,63500,24000,39500,46800,19500,27300,95550,45150,50400,97800,22400,75400,161000,56000,105000,24800,
43,6,374400,248600,122450,126150,44600,28300,16300,50850,20400,30450,67950,36150,31800,85200,37600,47600,101000,56000,45000,24800,
43,7,525350,291750,118700,173050,50600,18000,32600,34800,17400,17400,84750,43500,41250,121600,39800,81800,215000,80000,135000,18600,
43,8,528150,295350,132800,162550,66000,33000,33000,49800,23850,25950,91350,39150,52200,88200,36800,51400,208000,88000,120000,24800,
43,9,523800,277000,128650,148350,66000,24000,42000,60750,21750,39000,91050,43500,47550,59200,39400,19800,222000,72000,150000,24800,
43,10,528700,280100,129900,150200,60000,18000,42000,58650,26100,32550,76050,52200,23850,85400,33600,51800,230000,80000,150000,18600,
43,11,425000,238400,105300,133100,63000,30000,33000,67050,32400,34650,77550,26100,51450,30800,16800,14000,168000,48000,120000,18600,
43,12,487500,298900,131500,167400,66900,30000,36900,34650,15150,19500,109950,49950,60000,87400,36400,51000,170000,80000,90000,18600,
43,13,335905,232105,107885,124220,60705,18235,42470,44100,15000,29100,65700,46650,19050,61600,28000,33600,79000,64000,15000,24800,
43,14,451450,278050,112550,165500,64300,21000,43300,51600,23850,27750,72750,36900,35850,89400,30800,58600,161000,56000,105000,12400,
43,15,468300,259500,103900,155600,63000,27000,36000,55800,19500,36300,92700,34800,57900,48000,22600,25400,184000,64000,120000,24800,
43,16,464200,231600,97650,133950,57000,18000,39000,32550,13050,19500,93450,34800,58650,48600,31800,16800,214000,64000,150000,18600,
43,17,496250,272450,130600,141850,69000,27000,42000,34650,17400,17250,95400,49800,45600,73400,36400,37000,199000,64000,135000,24800,
43,18,442885,256285,97600,158685,60235,9000,51235,41250,8700,32550,75000,51900,23100,79800,28000,51800,168000,48000,120000,18600,
43,19,392500,229700,110350,119350,51000,18000,33000,36900,19500,17400,69000,36450,32550,72800,36400,36400,138000,48000,90000,24800,
43,20,571170,323570,127800,195770,87470,36000,51470,44250,23850,20400,88050,21750,66300,103800,46200,57600,229000,64000,165000,18600,
43,21,454050,274450,119100,155350,71600,27000,44600,36900,17400,19500,77550,49500,28050,88400,25200,63200,161000,56000,105000,18600,
43,22,499900,254100,123750,130350,57000,30000,27000,54300,23850,30450,91200,43500,47700,51600,26400,25200,221000,56000,165000,24800,
43,23,472500,322700,133800,188900,85800,34300,51500,62550,30450,32100,82350,46650,35700,92000,22400,69600,125000,80000,45000,24800,
43,24,415700,237900,96800,141100,66000,12000,54000,32550,10800,21750,75750,43200,32550,63600,30800,32800,153000,48000,105000,24800,
43,25,439235,276435,145900,130535,55535,34300,21235,49500,19200,30300,70800,28200,42600,100600,64200,36400,138000,48000,90000,24800,
43,26,479900,299300,109100,190200,80200,30000,50200,49350,19500,29850,74550,28200,46350,95200,31400,63800,162000,72000,90000,18600,
43,27,494535,308735,125150,183585,83835,36000,47835,45750,23850,21900,87150,42900,44250,92000,22400,69600,161000,56000,105000,24800,
43,28,449850,250050,115250,134800,60000,24000,36000,64650,30300,34350,69000,38550,30450,56400,22400,34000,175000,40000,135000,24800,
43,29,556985,286385,127135,159250,63235,33235,30000,52050,19500,32550,82500,45600,36900,88600,28800,59800,252000,72000,180000,18600,
43,30,521135,310535,151435,159100,82535,42235,40300,39900,18150,21750,126900,64650,62250,61200,26400,34800,192000,72000,120000,18600,
44,0,557625,291225,135105,156120,76175,27705,48470,23700,12900,10800,102150,54300,47850,89200,40200,49000,254000,104000,150000,12400,
44,1,437350,265750,123850,141900,52300,27000,25300,41250,23850,17400,92400,45000,47400,79800,28000,51800,153000,48000,105000,18600,
44,2,508920,314320,112450,201870,70770,30000,40770,40650,17400,23250,98100,45450,52650,104800,19600,85200,176000,56000,120000,18600,
44,3,514555,328755,153350,175405,72305,18000,54305,50100,20400,29700,103950,70350,33600,102400,44600,57800,161000,56000,105000,24800,
44,4,422635,237035,94435,142600,53835,15235,38600,58650,21750,36900,68550,23850,44700,56000,33600,22400,167000,32000,135000,18600,
44,5,394300,216500,93600,122900,69000,27000,42000,69450,30300,39150,47250,19500,27750,30800,16800,14000,153000,48000,105000,24800,
44,6,494750,315150,160250,154900,62600,22300,40300,58650,19500,39150,78300,46650,31650,115600,71800,43800,161000,56000,105000,18600,
44,7,416870,290270,119300,170970,60470,18000,42470,42300,21300,21000,89100,57600,31500,98400,22400,76000,108000,48000,60000,18600,
44,8,423550,227950,95600,132350,54000,24000,30000,52050,13050,39000,65100,32550,32550,56800,26000,30800,177000,72000,105000,18600,
44,9,405100,249500,91250,158250,52300,15000,37300,32100,17400,14700,72300,36450,35850,92800,22400,70400,137000,32000,105000,18600,
44,10,457600,263800,110000,153800,57000,27000,30000,49950,21750,28200,82050,30450,51600,74800,30800,44000,169000,64000,105000,24800,
44,11,483285,289485,127085,162400,72235,30235,42000,61650,28200,33450,94200,32250,61950,61400,36400,25000,169000,64000,105000,24800,
44,12,464085,292285,116850,175435,98835,27000,71835,60900,32550,28350,51150,32100,19050,81400,25200,56200,147000,72000,75000,24800,
44,13,419150,270350,110600,159750,63000,21000,42000,49650,28200,21450,50700,27600,23100,107000,33800,73200,124000,64000,60000,24800,
44,14,429585,218985,106350,112635,36235,24000,12235,34800,13050,21750,56550,26100,30450,91400,43200,48200,192000,72000,120000,18600,
44,15,410900,238100,123500,114600,48000,30000,18000,28200,17400,10800,105900,45300,60600,56000,30800,25200,148000,88000,60000,24800,
44,16,506600,297800,115700,182100,83200,36000,47200,54300,19500,34800,83100,34800,48300,77200,25400,51800,184000,64000,120000,24800,
44,17,396750,256150,114300,141850,43300,27000,16300,49800,23850,25950,103650,55050,48600,59400,8400,51000,122000,32000,90000,18600,
44,18,463450,282850,143150,139700,55300,28300,27000,52950,20400,32550,107400,58050,49350,67200,36400,30800,162000,72000,90000,18600,
44,19,495950,324150,128350,195800,62600,21000,41600,48300,17400,30900,101850,61950,39900,111400,28000,83400,147000,72000,75000,24800,
44,20,464720,254120,107720,146400,49770,15470,34300,23850,8700,15150,106500,49950,56550,74000,33600,40400,192000,72000,120000,18600,
44,21,522190,297390,109370,188020,57940,18470,39470,52050,23850,28200,76800,30450,46350,110600,36600,74000,200000,80000,120000,24800,
44,22,497100,285500,123700,161800,68600,24000,44600,60900,26100,34800,84600,45600,39000,71400,28000,43400,193000,88000,105000,18600,
44,23,421685,287885,104685,183200,53835,18235,35600,42750,17250,25500,93900,46800,47100,97400,22400,75000,109000,64000,45000,24800,
44,24,472885,286085,101600,184485,63235,27000,36235,51150,17400,33750,95700,43200,52500,76000,14000,62000,162000,72000,90000,24800,
44,25,458770,280970,127400,153570,64770,30000,34770,54150,23850,30300,82650,59550,23100,79400,14000,65400,153000,48000,105000,24800,
44,26,461970,298170,117700,180470,52770,21000,31770,46950,21750,25200,95250,46950,48300,103200,28000,75200,139000,64000,75000,24800,
44,27,447200,259600,99850,159750,73300,27000,46300,43350,19500,23850,81750,21750,60000,61200,31600,29600,169000,64000,105000,18600,
44,28,497350,269750,128500,141250,24000,18000,6000,54300,26100,28200,104250,56400,47850,87200,28000,59200,209000,104000,105000,18600,
44,29,486020,298420,134650,163770,79770,30000,49770,58650,21750,36900,102600,45300,57300,57400,37600,19800,169000,64000,105000,18600,
44,30,478250,277450,116850,160600,76300,24000,52300,54300,19500,34800,55650,36750,18900,91200,36600,54600,176000,56000,120000,24800,
45,0,415000,282200,127550,154650,60500,24000,36500,50100,25950,24150,69600,44400,25200,102000,33200,68800,108000,48000,60000,24800,
45,1,515785,291985,121800,170185,66235,21000,45235,61650,28200,33450,83700,39000,44700,80400,33600,46800,199000,64000,135000,24800,
45,2,470050,238250,117850,120400,36000,12000,24000,43350,21750,21600,108300,56100,52200,50600,28000,22600,207000,72000,135000,24800,
45,3,517100,272300,131800,140500,48000,24000,24000,54300,19500,34800,97200,51900,45300,72800,36400,36400,220000,40000,180000,24800,
45,4,482800,280000,103650,176350,66000,30000,36000,52200,21750,30450,64200,26100,38100,97600,25800,71800,178000,88000,90000,24800,
45,5,451750,274950,116350,158600,71600,24000,47600,47400,25800,21600,72150,38550,33600,83800,28000,55800,152000,32000,120000,24800,
45,6,438000,297200,123500,173700,87500,31300,56200,49500,20100,29400,84600,42900,41700,75600,29200,46400,116000,56000,60000,24800,
45,7,449170,253570,104885,148685,63470,27235,36235,26850,10800,16050,86850,41250,45600,76400,25600,50800,177000,72000,105000,18600,
45,8,531600,298800,111800,187000,60000,24000,36000,43500,17400,26100,131700,56400,75300,63600,14000,49600,208000,88000,120000,24800,
45,9,491500,291700,120150,171550,65600,24000,41600,56400,21750,34650,93300,49200,44100,76400,25200,51200,175000,40000,135000,24800,
45,10,476350,298550,115950,182600,70800,15000,55800,47400,23700,23700,97350,40650,56700,83000,36600,46400,153000,48000,105000,24800,
45,11,464050,276450,133050,143400,67300,24000,43300,48300,23850,24450,103650,51600,52050,57200,33600,23600,169000,64000,105000,18600,
45,12,511820,295020,134000,161020,78470,36000,42470,45600,21750,23850,96750,45450,51300,74200,30800,43400,192000,72000,120000,24800,
45,13,444900,244100,125600,118500,54000,30000,24000,36900,13050,23850,97200,51750,45450,56000,30800,25200,176000,56000,120000,24800,
45,14,451835,256235,106235,150000,49535,24235,25300,49800,19500,30300,47700,19500,28200,109200,43000,66200,177000,72000,105000,18600,
45,15,482300,279700,115100,164600,54000,15000,39000,50850,21750,29100,98850,55950,42900,76000,22400,53600,184000,64000,120000,18600,
45,16,393900,247300,108650,138650,63000,27000,36000,40950,8550,32400,72150,36300,35850,71200,36800,34400,128000,8000,120000,18600,
45,17,421850,218250,96750,121500,48000,18000,30000,43350,15150,28200,60900,34800,26100,66000,28800,37200,185000,80000,105000,18600,
45,18,452385,282585,114750,167835,61535,21000,40535,36150,21450,14700,80700,38700,42000,104200,33600,70600,145000,40000,105000,24800,
45,19,444050,272450,109950,162500,63500,18000,45500,58200,28200,30000,59550,38550,21000,91200,25200,66000,153000,48000,105000,18600,
45,20,523800,285000,131450,153550,58300,27000,31300,58650,28200,30450,103650,45450,58200,64400,30800,33600,214000,64000,150000,24800,
45,21,406650,229850,90150,139700,36000,9000,27000,60750,26100,34650,59700,29850,29850,73400,25200,48200,152000,32000,120000,24800,
45,22,474450,249650,112850,136800,48000,9000,39000,54300,28200,26100,73950,30450,43500,73400,45200,28200,200000,80000,120000,24800,
45,23,520750,273150,130350,142800,60000,27000,33000,58500,26100,32400,104250,52050,52200,50400,25200,25200,229000,64000,165000,18600,
45,24,423700,272300,121400,150900,80600,30000,50600,43350,23850,19500,66750,36750,30000,81600,30800,50800,139000,64000,75000,12400,
45,25,523750,313950,133800,180150,78900,33000,45900,34650,19500,15150,88200,47700,40500,112200,33600,78600,185000,80000,105000,24800,
45,26,416600,252000,113650,138350,44600,21000,23600,31200,19500,11700,94800,45150,49650,81400,28000,53400,146000,56000,90000,18600,
45,27,503050,291450,117600,173850,50200,24000,26200,45450,19500,25950,90600,36900,53700,105200,37200,68000,193000,88000,105000,18600,
45,28,459300,272500,113300,159200,55300,24000,31300,63000,23850,39150,84600,34650,49950,69600,30800,38800,162000,72000,90000,24800,
45,29,436285,278685,130850,147835,54235,27000,27235,36900,26100,10800,98550,46950,51600,89000,30800,58200,139000,64000,75000,18600,
45,30,449455,266455,70985,195470,58605,6235,52370,42600,23700,18900,59250,13050,46200,106000,28000,78000,152000,32000,120000,31000,
46,0,421685,272885,107050,165835,57235,21000,36235,52200,26100,26100,76050,40350,35700,87400,19600,67800,124000,64000,60000,24800,
46,1,472600,264800,113600,151200,48000,18000,30000,45600,21750,23850,103200,43050,60150,68000,30800,37200,183000,48000,135000,24800,
46,2,431870,274270,116500,157770,54470,21000,33470,47700,17250,30450,95700,47250,48450,76400,31000,45400,139000,64000,75000,18600,
46,3,396300,248500,101500,147000,55300,24000,31300,47100,17100,30000,68100,40800,27300,78000,19600,58400,123000,48000,75000,24800,
46,4,521150,304350,127200,177150,44600,18000,26600,52050,21600,30450,111300,54000,57300,96400,33600,62800,192000,72000,120000,24800,
46,5,403300,247500,134850,112650,41600,35600,6000,54300,19500,34800,74400,36150,38250,77200,43600,33600,131000,56000,75000,24800,
46,6,473150,295350,127350,168000,77200,18000,59200,43050,15150,27900,92100,57600,34500,83000,36600,46400,153000,48000,105000,24800,
46,7,429670,264070,98900,165170,60470,24000,36470,56400,28200,28200,48600,6300,42300,98600,40400,58200,147000,72000,75000,18600,
46,8,447935,261335,123700,137635,27235,12000,15235,49950,26100,23850,85950,40800,45150,98200,44800,53400,168000,48000,120000,18600,
46,9,460040,226440,109000,117440,63940,21000,42940,49800,21600,28200,60900,52200,8700,51800,14200,37600,215000,80000,135000,18600,
46,10,473800,333000,139500,193500,62200,24000,38200,47100,26100,21000,96900,48600,48300,126800,40800,86000,116000,56000,60000,24800,
46,11,516200,299400,153900,145500,60000,27000,33000,68100,34650,33450,102900,57450,45450,68400,34800,33600,192000,72000,120000,24800,
46,12,528655,296855,127250,169605,69705,27000,42705,67350,23850,43500,88200,54000,34200,71600,22400,49200,207000,72000,135000,24800,
46,13,390600,257000,101600,155400,61300,15000,46300,38250,21750,16500,76050,42450,33600,81400,22400,59000,115000,40000,75000,18600,
46,14,463035,260435,115600,144835,60235,33000,27235,61650,23850,37800,67350,39150,28200,71200,19600,51600,184000,64000,120000,18600,
46,15,409335,263335,136500,126835,61535,34300,27235,30600,10200,20400,67800,33600,34200,103400,58400,45000,115000,40000,75000,31000,
46,16,492700,275900,111250,164650,69000,30000,39000,32400,19500,12900,93300,39150,54150,81200,22600,58600,192000,72000,120000,24800,
46,17,438420,262620,86700,175920,64370,12000,52370,42900,21750,21150,76950,27750,49200,78400,25200,53200,151000,16000,135000,24800,
46,18,413350,248750,120650,128100,57000,21000,36000,34650,17250,17400,101100,51600,49500,56000,30800,25200,146000,56000,90000,18600,
46,19,429235,265635,121900,143735,57235,24000,33235,49950,19500,30450,91650,40800,50850,66800,37600,29200,145000,40000,105000,18600,
46,20,409635,255035,89100,165935,71835,27000,44835,38250,19350,18900,67950,25950,42000,77000,16800,60200,136000,16000,120000,18600,
46,21,467750,295150,114300,180850,62600,18000,44600,51450,30300,21150,76500,40800,35700,104600,25200,79400,154000,64000,90000,18600,
46,22,486900,299300,132500,166800,40300,15000,25300,50700,17250,33450,89700,58050,31650,118600,42200,76400,169000,64000,105000,18600,
46,23,519350,285750,131450,154300,72000,33000,39000,69600,34800,34800,86550,49650,36900,57600,14000,43600,215000,80000,135000,18600,
46,24,555900,279100,139650,139450,63000,36000,27000,69450,28200,41250,69450,41250,28200,77200,34200,43000,252000,72000,180000,24800,
46,25,384950,222950,113800,109150,57000,30000,27000,56400,28200,28200,61950,27600,34350,47600,28000,19600,131000,56000,75000,31000,
46,26,498100,280500,113100,167400,65600,24000,41600,45600,26100,19500,86700,34800,51900,82600,28200,54400,199000,64000,135000,18600,
46,27,402935,266535,122050,144485,66235,21000,45235,55950,28200,27750,72750,36450,36300,71600,36400,35200,124000,64000,60000,12400,
46,28,476450,288050,117400,170650,57000,18000,39000,41250,23850,17400,98400,47550,50850,91400,28000,63400,176000,56000,120000,12400,
46,29,520250,270650,147650,123000,33000,30000,3000,45600,28200,17400,121650,58650,63000,70400,30800,39600,231000,96000,135000,18600,
46,30,501600,284000,129400,154600,60900,27000,33900,56400,19500,36900,82500,43500,39000,84200,39400,44800,199000,64000,135000,18600,
47,0,564635,316835,137900,178935,60235,24000,36235,62850,23850,39000,99150,47850,51300,94600,42200,52400,223000,88000,135000,24800,
47,1,415700,290900,140500,150400,60900,24000,36900,43200,15600,27600,92400,44100,48300,94400,56800,37600,100000,40000,60000,24800,
47,2,502620,277020,106185,170835,58770,27235,31535,60750,17400,43350,57900,15150,42750,99600,46400,53200,207000,72000,135000,18600,
47,3,454270,321470,140000,181470,66070,28300,37770,51450,26250,25200,84150,40050,44100,119800,45400,74400,108000,48000,60000,24800,
47,4,477885,306285,150100,156185,66235,24000,42235,44250,29100,15150,102000,55200,46800,93800,41800,52000,153000,48000,105000,18600,
47,5,489590,288790,115200,173590,66940,21000,45940,45600,21750,23850,95850,38850,57000,80400,33600,46800,176000,56000,120000,24800,
47,6,311100,237500,95400,142100,53600,15000,38600,43800,18900,24900,61500,36300,25200,78600,25200,53400,55000,40000,15000,18600,
47,7,451585,279785,97350,182435,49535,18000,31535,40650,15150,25500,93600,47400,46200,96000,16800,79200,147000,72000,75000,24800,
47,8,464850,278050,125400,152650,53600,27000,26600,56400,21750,34650,100650,51450,49200,67400,25200,42200,162000,72000,90000,24800,
47,9,510350,284750,129800,154950,79300,21000,58300,37800,17400,20400,108450,60600,47850,59200,30800,28400,207000,72000,135000,18600,
47,10,471450,291850,120600,171250,60900,18000,42900,54000,23850,30150,91350,53550,37800,85600,25200,60400,161000,56000,105000,18600,
47,11,504650,279850,129800,150050,72000,33000,39000,74700,30450,44250,67350,32550,34800,65800,33800,32000,200000,80000,120000,24800,
47,12,467450,287850,131900,155950,61300,30000,31300,36900,17400,19500,107250,53700,53550,82400,30800,51600,161000,56000,105000,18600,
47,13,488750,279950,127350,152600,69000,33000,36000,28200,15150,13050,97350,54000,43350,85400,25200,60200,184000,64000,120000,24800,
47,14,472500,270700,100250,170450,52300,24000,28300,39150,13050,26100,88050,34800,53250,91200,28400,62800,177000,72000,105000,24800,
47,15,500750,260950,117300,143650,51000,12000,39000,43350,23850,19500,78000,56250,21750,88600,25200,63400,215000,80000,135000,24800,
47,16,436300,233500,90000,143500,42000,12000,30000,32400,13050,19350,78300,21750,56550,80800,43200,37600,178000,88000,90000,24800,
47,17,409600,245800,105550,140250,51000,27000,24000,36750,4200,32550,79650,43350,36300,78400,31000,47400,139000,64000,75000,24800,
47,18,448450,255650,127400,128250,63000,27000,36000,47700,17250,30450,77550,49350,28200,67400,33800,33600,168000,48000,120000,24800,
47,19,477400,275800,108950,166850,40300,9000,31300,55200,26100,29100,88500,43050,45450,91800,30800,61000,183000,48000,135000,18600,
47,20,533650,309050,138500,170550,78500,24000,54500,42150,24750,17400,86400,39150,47250,102000,50600,51400,206000,56000,150000,18600,
47,21,475235,287635,116450,171185,63235,27000,36235,52950,21750,31200,83250,36900,46350,88200,30800,57400,169000,64000,105000,18600,
47,22,456650,293850,122350,171500,69900,25300,44600,53700,28200,25500,62250,25650,36600,108000,43200,64800,138000,48000,90000,24800,
47,23,525835,286035,122900,163135,69235,12000,57235,44250,19500,24750,102150,52200,49950,70400,39200,31200,215000,80000,135000,24800,
47,24,344335,248735,111935,136800,80835,18235,62600,39000,12900,26100,69300,44400,24900,59600,36400,23200,77000,32000,45000,18600,
47,25,432385,267785,91400,176385,44835,12000,32835,42600,15150,27450,70350,30450,39900,110000,33800,76200,146000,56000,90000,18600,
47,26,490050,271450,127500,143950,39000,18000,21000,60750,34800,25950,93300,41100,52200,78400,33600,44800,200000,80000,120000,18600,
47,27,445235,245435,118635,126800,66235,21235,45000,60600,28050,32550,62400,38550,23850,56200,30800,25400,175000,40000,135000,24800,
47,28,473320,279520,118200,161320,55770,24000,31770,43350,23850,19500,81600,36750,44850,98800,33600,65200,169000,64000,105000,24800,
47,29,502900,301300,150950,150350,60000,18000,42000,41100,23850,17250,112200,57900,54300,88000,51200,36800,183000,48000,135000,18600,
47,30,466950,319350,116400,202950,80200,24000,56200,45900,16050,29850,78450,42750,35700,114800,33600,81200,129000,24000,105000,18600,
48,0,338150,212550,76750,135800,36000,12000,24000,43500,21750,21750,78450,23400,55050,54600,19600,35000,107000,32000,75000,18600,
48,1,483850,259850,115550,144300,57000,21000,36000,60750,23850,36900,80100,45300,34800,62000,25400,36600,193000,88000,105000,31000,
48,2,498705,311105,124350,186755,80005,30000,50005,45600,15150,30450,89700,54000,35700,95800,25200,70600,169000,64000,105000,18600,
48,3,521150,298150,125650,172500,55300,18000,37300,45600,23850,21750,115650,55800,59850,81600,28000,53600,192000,72000,120000,31000,
48,4,506485,280685,122700,157985,54235,30000,24235,32400,10800,21600,97650,65100,32550,96400,16800,79600,201000,96000,105000,24800,
48,5,437900,288300,135850,152450,47200,19300,27900,55200,24750,30450,84900,46800,38100,101000,45000,56000,131000,56000,75000,18600,
48,6,488500,295700,123650,172050,65600,27000,38600,43350,17400,25950,82950,47250,35700,103800,32000,71800,168000,48000,120000,24800,
48,7,457850,310250,145800,164450,91300,39000,52300,30600,15600,15000,70350,29400,40950,118000,61800,56200,129000,24000,105000,18600,
48,8,428985,273385,100150,173235,95435,33000,62435,49500,19500,30000,71850,28050,43800,56600,19600,37000,137000,32000,105000,18600,
48,9,489450,280650,144650,136000,69000,27000,42000,47850,26100,21750,99000,57750,41250,64800,33800,31000,184000,64000,120000,24800,
48,10,498685,299685,135200,164485,51235,27000,24235,69300,34650,34650,71550,33750,37800,107600,39800,67800,168000,48000,120000,31000,
48,11,506600,282000,120900,161100,60000,24000,36000,67350,23850,43500,71250,30450,40800,83400,42600,40800,206000,56000,150000,18600,
48,12,346450,235850,88000,147850,65200,15000,50200,45300,12750,32550,70950,40650,30300,54400,19600,34800,92000,32000,60000,18600,
48,13,508270,329470,137000,192470,69070,31300,37770,33450,10350,23100,97950,55950,42000,129000,39400,89600,154000,64000,90000,24800,
48,14,481150,263550,107250,156300,60000,21000,39000,47700,23850,23850,101850,45600,56250,54000,16800,37200,199000,64000,135000,18600,
48,15,505900,266100,119200,146900,45000,9000,36000,47700,23850,23850,73800,49950,23850,99600,36400,63200,215000,80000,135000,24800,
48,16,530635,352035,158935,193100,80035,30235,49800,49500,20400,29100,94500,56700,37800,128000,51600,76400,160000,40000,120000,18600,
48,17,431500,244900,97200,147700,67300,24000,43300,42150,17400,24750,90450,39000,51450,45000,16800,28200,168000,48000,120000,18600,
48,18,441450,277850,102400,175450,36000,12000,24000,42750,19500,23250,80700,42900,37800,118400,28000,90400,145000,40000,105000,18600,
48,19,444550,272750,123350,149400,72900,30000,42900,55050,19500,35550,77400,43050,34350,67400,30800,36600,147000,72000,75000,24800,
48,20,433170,309370,138970,170400,64770,30470,34300,46500,16800,29700,87300,46500,40800,110800,45200,65600,99000,24000,75000,24800,
48,21,495050,301250,111200,190050,55300,18000,37300,36000,13050,22950,99750,49350,50400,110200,30800,79400,169000,64000,105000,24800,
48,22,454650,260050,140050,120000,39000,24000,15000,60900,34800,26100,98550,53250,45300,61600,28000,33600,176000,56000,120000,18600,
48,23,461885,274285,138685,135600,72235,33235,39000,69150,21600,47550,87900,47250,40650,45000,36600,8400,169000,64000,105000,18600,
48,24,513000,298200,110100,188100,55300,18000,37300,33000,15150,17850,98100,43350,54750,111800,33600,78200,190000,40000,150000,24800,
48,25,490700,289900,125300,164600,81000,33000,48000,52050,28200,23850,38250,12900,25350,118600,51200,67400,176000,56000,120000,24800,
48,26,557335,295535,125150,170385,69235,27000,42235,49950,19500,30450,78150,23850,54300,98200,54800,43400,237000,72000,165000,24800,
48,27,395035,260435,118650,141785,69235,27000,42235,30300,28200,2100,81900,46650,35250,79000,16800,62200,116000,56000,60000,18600,
48,28,486100,269300,125500,143800,48000,24000,24000,43500,17400,26100,103800,56100,47700,74000,28000,46000,192000,72000,120000,24800,
48,29,427450,239850,119950,119900,51000,27000,24000,47700,21600,26100,90750,51750,39000,50400,19600,30800,169000,64000,105000,18600,
48,30,494800,255000,111650,143350,60000,21000,39000,36900,21750,15150,95700,43500,52200,62400,25400,37000,215000,80000,135000,24800,
49,0,501100,292300,115150,177150,70300,18000,52300,55200,26100,29100,81000,43050,37950,85800,28000,57800,184000,64000,120000,24800,
49,1,474750,241150,120150,121000,48000,27000,21000,56400,15150,41250,82350,34800,47550,54400,43200,11200,215000,80000,135000,18600,
49,2,440500,230700,114350,116350,42000,24000,18000,54300,26100,28200,69600,30450,39150,64800,33800,31000,185000,80000,105000,24800,
49,3,542750,296950,155550,141400,55300,31300,24000,50850,33450,17400,112200,60000,52200,78600,30800,47800,221000,56000,165000,24800,
49,4,479850,270250,116900,153350,53600,21000,32600,58650,26100,32550,90600,47400,43200,67400,22400,45000,191000,56000,135000,18600,
49,5,471600,278800,118550,160250,49300,21000,28300,49800,19500,30300,74700,38850,35850,105000,39200,65800,168000,48000,120000,24800,
49,6,401785,238985,126235,112750,63235,24235,39000,58650,28200,30450,63900,40200,23700,53200,33600,19600,138000,48000,90000,24800,
49,7,497170,289170,137800,151370,72470,24000,48470,59550,24750,34800,94350,51450,42900,62800,37600,25200,177000,72000,105000,31000,
49,8,458150,278550,121800,156750,76300,36000,40300,65250,26100,39150,72600,34500,38100,64400,25200,39200,161000,56000,105000,18600,
49,9,376800,273200,124300,148900,49300,27000,22300,44700,21600,23100,63000,27300,35700,116200,48400,67800,85000,40000,45000,18600,
49,10,350700,232900,108800,124100,54000,15000,39000,45300,21450,23850,53400,31950,21450,80200,40400,39800,93000,48000,45000,24800,
49,11,501570,292770,135750,157020,82770,33000,49770,43350,17400,25950,105450,60150,45300,61200,25200,36000,184000,64000,120000,24800,
49,12,557100,286500,125450,161050,63000,18000,45000,45600,15150,30450,71700,43500,28200,106200,48800,57400,252000,72000,180000,18600,
49,13,555000,300200,131350,168850,72000,27000,45000,58650,23850,34800,73950,26100,47850,95600,54400,41200,230000,80000,150000,24800,
49,14,519440,311440,121050,190390,81940,24000,57940,38550,12900,25650,89550,47550,42000,101400,36600,64800,177000,72000,105000,31000,
49,15,480900,240300,119650,120650,57000,24000,33000,43500,21750,21750,91200,54300,36900,48600,19600,29000,222000,72000,150000,18600,
49,16,428600,228800,111650,117150,69000,33000,36000,47700,28200,19500,66900,36450,30450,45200,14000,31200,175000,40000,135000,24800,
49,17,442700,260100,116650,143450,57000,24000,33000,61650,28200,33450,65250,30450,34800,76200,34000,42200,164000,104000,60000,18600,
49,18,541605,315805,143750,172055,72705,30000,42705,60300,27750,32550,112200,60600,51600,70600,25400,45200,201000,96000,105000,24800,
49,19,477100,287500,126850,160650,61300,21000,40300,63000,32550,30450,90600,45300,45300,72600,28000,44600,171000,96000,75000,18600,
49,20,463650,275850,104850,171000,61300,21000,40300,43500,13050,30450,88050,54000,34050,83000,16800,66200,163000,88000,75000,24800,
49,21,442820,255220,91685,163535,66470,27235,39235,48600,10800,37800,66150,13050,53100,74000,40600,33400,169000,64000,105000,18600,
49,22,449550,254950,105450,149500,70300,27000,43300,41250,10800,30450,79800,30450,49350,63600,37200,26400,176000,56000,120000,18600,
49,23,527685,272085,147385,124700,57235,27235,30000,52050,23850,28200,106200,62700,43500,56600,33600,23000,237000,72000,165000,18600,
49,24,449300,261700,92800,168900,72500,27000,45500,52050,23850,28200,68550,21750,46800,68600,20200,48400,169000,64000,105000,18600,
49,25,364650,240850,116750,124100,61300,25300,36000,48900,22950,25950,61650,40500,21150,69000,28000,41000,99000,24000,75000,24800,
49,26,552870,315870,124750,191120,58770,15000,43770,46950,17100,29850,100350,56250,44100,109800,36400,73400,206000,56000,150000,31000,
49,27,497700,279100,131500,147600,57000,15000,42000,41250,17400,23850,101850,62700,39150,79000,36400,42600,200000,80000,120000,18600,
49,28,480200,255600,121500,134100,36000,24000,12000,69450,19500,49950,88350,49800,38550,61800,28200,33600,206000,56000,150000,18600,
49,29,499900,299300,114500,184800,63900,21000,42900,39000,17100,21900,83400,45600,37800,113000,30800,82200,182000,32000,150000,18600,
49,30,550405,288605,108055,180550,74005,33705,40300,30300,4200,26100,105900,49950,55950,78400,20200,58200,237000,72000,165000,24800,
